0.000575	7.07153	7.03888	7.16137
0.00115	7.00251	7.05448	7.0918
0.001725	6.97945	7.02781	6.95756
0.0023	7.05798	7.0241	6.87001
0.002875	7.06735	7.00986	6.881
0.0034625	7.00144	7.01112	6.96425
0.00405	7.04474	6.97892	6.9521
0.004625	6.96055	7.02842	6.94555
0.005225	7.01873	7.02061	6.95763
0.0058125	6.99403	6.98552	6.90495
0.0064	6.97898	6.92205	6.91722
0.007	6.98019	6.97379	6.92999
0.0076	7.00884	6.99665	6.93298
0.0082	6.964	7.00408	6.89139
0.0088	6.98335	6.9491	6.92822
0.0094	6.97076	7.05763	6.92074
0.0100125	6.96064	6.93329	6.97613
0.010625	6.9887	6.95576	6.8943
0.0112375	6.94632	6.92787	6.93374
0.01185	7.01935	6.97821	6.90484
0.0124625	6.96124	7.00391	6.94996
0.013075	6.98444	6.95287	6.91443
0.0137	7.0194	7.00112	6.93676
0.014325	6.97905	7.02821	6.92968
0.01495	6.93463	6.96469	6.88232
0.015575	6.93601	6.95927	6.8807
0.0162125	6.92969	7.01454	6.83914
0.0168375	7.00795	6.93733	6.84416
0.017475	6.90452	6.89525	6.87921
0.0181125	6.99588	6.97943	6.85947
0.01875	6.85499	6.96864	6.92374
0.0194	6.89219	6.94384	6.88067
0.0200375	6.97283	6.93497	6.88377
0.0206875	6.94583	6.88383	6.90341
0.0213375	6.92501	6.88791	6.90024
0.0219875	6.92972	6.89392	6.85967
0.02265	6.92928	6.93064	6.84361
0.0233	6.90534	6.87756	6.86253
0.0239625	6.89786	6.87308	6.82174
0.024625	6.9382	6.90108	6.84596
0.0252875	6.89892	6.89397	6.82487
0.0259625	6.87223	6.94534	6.81767
0.026625	6.88214	6.93295	6.78769
0.0273	6.88272	6.93303	6.87623
0.027975	6.8892	6.84293	6.80796
0.02865	6.91994	6.89744	6.83238
0.0293375	6.88013	6.82443	6.82536
0.0300125	6.91187	6.87885	6.78614
0.0307	6.90788	6.87016	6.87358
0.0313875	6.89614	6.84495	6.8257
0.0320875	6.89377	6.86502	6.77575
0.032775	6.89211	6.88586	6.83082
0.033475	6.84708	6.90164	6.82164
0.034175	6.82182	6.84089	6.77544
0.034875	6.8785	6.87166	6.83097
0.035575	6.87934	6.84255	6.82277
0.0362875	6.83644	6.85241	6.78648
0.0369875	6.89484	6.79882	6.81184
0.0377	6.86284	6.87054	6.83433
0.0384125	6.81736	6.80116	6.87761
0.0391375	6.8464	6.907	6.82565
0.03985	6.81181	6.86462	6.7977
0.040575	6.81326	6.83479	6.77728
0.0413	6.80315	6.85789	6.76664
0.0420375	6.88462	6.85028	6.76871
0.0427625	6.84218	6.7982	6.75181
0.0435	6.84615	6.8506	6.80237
0.0442375	6.82411	6.8157	6.82603
0.044975	6.8571	6.77783	6.79847
0.0457125	6.85964	6.79393	6.74344
0.0464625	6.82036	6.82409	6.80944
0.0472125	6.82394	6.83383	6.79977
0.0479625	6.7545	6.80246	6.78751
0.0487125	6.82161	6.8132	6.83968
0.049475	6.83782	6.77824	6.8454
0.050225	6.80154	6.76732	6.81794
0.0509875	6.83195	6.80832	6.79932
0.0517625	6.83198	6.78076	6.80525
0.052525	6.80474	6.73774	6.76629
0.0533	6.85209	6.78611	6.75671
0.054075	6.82146	6.81313	6.8266
0.05485	6.81608	6.79242	6.80979
0.055625	6.78165	6.77425	6.74559
0.0564125	6.81903	6.84673	6.76183
0.0572	6.80225	6.79443	6.77505
0.0579875	6.75238	6.77642	6.7348
0.058775	6.83513	6.78558	6.81825
0.059575	6.82797	6.75834	6.84667
0.060375	6.77078	6.74711	6.75131
0.061175	6.77476	6.77361	6.76516
0.061975	6.78237	6.78225	6.80292
0.0627875	6.81127	6.69101	6.79771
0.0636	6.79194	6.79236	6.80135
0.0644125	6.75891	6.76429	6.7722
0.065225	6.76958	6.72491	6.78373
0.0660375	6.74455	6.71369	6.80674
0.0668625	6.74768	6.70167	6.78443
0.0676875	6.76631	6.76476	6.79588
0.068525	6.75524	6.77832	6.78854
0.06935	6.74097	6.69516	6.74809
0.0701875	6.75659	6.70525	6.74932
0.071025	6.77318	6.71266	6.81218
0.0718625	6.72004	6.78188	6.74812
0.0727125	6.71487	6.74053	6.75315
0.0735625	6.71909	6.72075	6.74194
0.0744125	6.7421	6.75106	6.71682
0.0752625	6.73226	6.70059	6.7283
0.076125	6.71983	6.70546	6.76903
0.0769875	6.73125	6.72852	6.70923
0.07785	6.70838	6.73731	6.72543
0.0787125	6.75377	6.74301	6.77332
0.0795875	6.72012	6.71226	6.73385
0.0804625	6.69702	6.70561	6.69016
0.0813375	6.7091	6.68914	6.73663
0.082225	6.67604	6.72108	6.74402
0.0831	6.69804	6.7599	6.70315
0.0839875	6.7044	6.75955	6.70444
0.0848875	6.72072	6.69475	6.72006
0.085775	6.7231	6.69816	6.68968
0.086675	6.71026	6.73681	6.721
0.087575	6.66895	6.70049	6.7491
0.088475	6.69739	6.6513	6.70504
0.0893875	6.65959	6.65415	6.70126
0.0903	6.69736	6.65492	6.69889
0.0912125	6.66938	6.70799	6.72589
0.0921375	6.66301	6.67567	6.70699
0.09305	6.72638	6.66663	6.75493
0.0939875	6.70543	6.66059	6.6888
0.0949125	6.68965	6.63823	6.71827
0.0958375	6.65287	6.62543	6.68597
0.096775	6.65914	6.67338	6.66475
0.097725	6.7049	6.60094	6.68655
0.0986625	6.69404	6.64991	6.6947
0.0996125	6.64746	6.64409	6.68418
0.100562	6.66648	6.63055	6.72079
0.101512	6.65149	6.6329	6.65561
0.102475	6.69467	6.62653	6.66311
0.103437	6.66006	6.65325	6.71559
0.1044	6.59607	6.6676	6.65667
0.105362	6.68721	6.64027	6.63384
0.106338	6.6442	6.64977	6.64667
0.107313	6.59929	6.61932	6.64535
0.1083	6.60765	6.60991	6.67996
0.109275	6.62056	6.60382	6.64764
0.110262	6.63324	6.6653	6.64714
0.11125	6.64262	6.60979	6.60905
0.11225	6.60564	6.60407	6.6237
0.11325	6.60379	6.6321	6.63382
0.11425	6.63385	6.61862	6.63703
0.115263	6.60165	6.6428	6.62395
0.116263	6.62964	6.61756	6.64561
0.117288	6.62783	6.58303	6.60868
0.1183	6.59884	6.60156	6.60102
0.119325	6.59665	6.60036	6.61563
0.12035	6.62625	6.60355	6.62026
0.121375	6.64106	6.62265	6.62839
0.122413	6.62926	6.62534	6.58668
0.12345	6.58982	6.57406	6.59059
0.124487	6.60294	6.57117	6.60314
0.125537	6.61694	6.61588	6.62983
0.126587	6.59773	6.61674	6.60814
0.127638	6.62533	6.6037	6.62521
0.128688	6.60205	6.61695	6.61178
0.12975	6.61985	6.58368	6.61066
0.130825	6.58644	6.58673	6.61712
0.131887	6.60018	6.5528	6.59816
0.132962	6.57782	6.58477	6.58715
0.134037	6.60234	6.58374	6.56433
0.135125	6.60139	6.5272	6.57901
0.1362	6.58298	6.58318	6.59646
0.1373	6.5605	6.58212	6.60262
0.138388	6.57743	6.56793	6.6103
0.139488	6.56869	6.56374	6.56436
0.140587	6.58553	6.56146	6.55417
0.1417	6.59014	6.51323	6.58769
0.142813	6.56757	6.5777	6.59345
0.143925	6.57958	6.51466	6.56377
0.145038	6.54033	6.54767	6.57225
0.146162	6.54974	6.54489	6.56619
0.147288	6.56738	6.55664	6.56897
0.148425	6.54141	6.54856	6.56028
0.149562	6.55515	6.56181	6.54255
0.1507	6.51304	6.57544	6.58044
0.15185	6.5298	6.5509	6.61075
0.153	6.57282	6.53329	6.56921
0.15415	6.56859	6.5275	6.5842
0.155312	6.52964	6.54	6.55289
0.156475	6.56518	6.54361	6.54221
0.157638	6.55961	6.53865	6.54656
0.158812	6.53832	6.55543	6.53321
0.159987	6.56012	6.54705	6.56259
0.161162	6.55922	6.56435	6.55859
0.16235	6.50577	6.5334	6.53487
0.163538	6.52004	6.50316	6.54372
0.164737	6.4947	6.51821	6.55964
0.165925	6.53808	6.54731	6.53441
0.167138	6.54301	6.53908	6.52304
0.168337	6.49985	6.5022	6.5092
0.16955	6.52018	6.50228	6.53779
0.170775	6.50039	6.50055	6.54968
0.171988	6.49138	6.49939	6.54359
0.173212	6.50944	6.50067	6.49579
0.17445	6.52213	6.50508	6.53103
0.175688	6.53276	6.49357	6.51438
0.176925	6.50473	6.50459	6.53378
0.178175	6.51346	6.48767	6.53124
0.179412	6.50154	6.49927	6.54684
0.180675	6.46728	6.53105	6.50969
0.181938	6.49869	6.49876	6.52154
0.1832	6.47346	6.51848	6.5335
0.184463	6.50981	6.52107	6.51207
0.185738	6.49322	6.49901	6.52383
0.187012	6.48071	6.50852	6.51042
0.1883	6.50809	6.49671	6.49996
0.189588	6.49643	6.46941	6.48635
0.190875	6.47417	6.50329	6.50385
0.192175	6.44589	6.5059	6.52735
0.193487	6.51905	6.4575	6.53381
0.194788	6.50995	6.49614	6.52136
0.1961	6.47733	6.44417	6.49163
0.197425	6.5027	6.47114	6.46443
0.198738	6.51944	6.47568	6.48705
0.200075	6.4729	6.46866	6.46349
0.2014	6.51023	6.45796	6.51966
0.202737	6.47793	6.48379	6.47959
0.204087	6.48102	6.45748	6.46056
0.205437	6.45068	6.46503	6.48219
0.206787	6.47553	6.47693	6.47527
0.20815	6.4682	6.46913	6.46086
0.209513	6.4601	6.49456	6.46959
0.210875	6.47608	6.44562	6.44062
0.21225	6.48827	6.44244	6.44593
0.213638	6.45222	6.46657	6.47759
0.215013	6.47054	6.46836	6.47348
0.2164	6.46328	6.48603	6.4643
0.2178	6.4512	6.41332	6.47154
0.2192	6.41281	6.43413	6.46004
0.220612	6.44862	6.43441	6.43273
0.222013	6.47801	6.4839	6.46266
0.223438	6.4754	6.42363	6.43281
0.224863	6.43557	6.43813	6.46771
0.226287	6.4333	6.44347	6.44479
0.227712	6.46372	6.44639	6.46075
0.22915	6.45265	6.44339	6.4538
0.2306	6.507	6.45157	6.46319
0.23205	6.41918	6.4213	6.43495
0.2335	6.45927	6.4294	6.43666
0.234962	6.43182	6.38347	6.47944
0.236425	6.42486	6.39351	6.45759
0.2379	6.42043	6.36873	6.42339
0.239375	6.42586	6.41837	6.42422
0.240863	6.46995	6.40063	6.41407
0.24235	6.41975	6.42932	6.4464
0.243838	6.41997	6.41008	6.41661
0.245338	6.41024	6.3996	6.44987
0.24685	6.42	6.44122	6.45451
0.248362	6.42236	6.40617	6.45203
0.249875	6.44291	6.4055	6.47353
0.2514	6.43347	6.40092	6.46669
0.252925	6.43265	6.40849	6.42641
0.254463	6.42867	6.42615	6.42983
0.256	6.43782	6.41841	6.42595
0.25755	6.39039	6.37061	6.4074
0.2591	6.41794	6.43752	6.43712
0.26065	6.39964	6.3862	6.36862
0.262225	6.40446	6.41329	6.41925
0.263788	6.43387	6.4067	6.44739
0.265363	6.41534	6.43462	6.39257
0.26695	6.40073	6.41154	6.41472
0.268537	6.41027	6.3931	6.38554
0.270125	6.41069	6.42687	6.42266
0.271725	6.3759	6.36691	6.41836
0.273338	6.41451	6.36973	6.42254
0.27495	6.40641	6.39034	6.40871
0.276563	6.35943	6.4136	6.3951
0.278188	6.39528	6.38868	6.41194
0.279813	6.40235	6.38292	6.3965
0.28145	6.4081	6.37864	6.39267
0.2831	6.39091	6.40739	6.40148
0.28475	6.37628	6.38547	6.39359
0.2864	6.35679	6.41287	6.39886
0.288063	6.34637	6.36942	6.39869
0.289725	6.41233	6.39936	6.40607
0.2914	6.36321	6.40046	6.42863
0.293088	6.39746	6.36453	6.37634
0.294775	6.38446	6.35188	6.43178
0.296463	6.38022	6.37971	6.39399
0.298162	6.38772	6.39003	6.40955
0.299875	6.3979	6.34095	6.403
0.301587	6.38291	6.38419	6.38217
0.3033	6.38585	6.40796	6.41941
0.305037	6.35272	6.34747	6.39102
0.306762	6.38965	6.37465	6.41994
0.3085	6.36775	6.37112	6.40004
0.31025	6.37734	6.3721	6.40677
0.312	6.34372	6.37446	6.40158
0.313762	6.35074	6.34116	6.39063
0.315525	6.33629	6.37671	6.39315
0.3173	6.33945	6.35383	6.38944
0.319075	6.33951	6.34165	6.34188
0.320863	6.35218	6.38291	6.3632
0.322663	6.35337	6.32877	6.3911
0.324463	6.36382	6.35729	6.38655
0.326263	6.32082	6.32618	6.3635
0.328075	6.36993	6.36721	6.3586
0.3299	6.37822	6.31819	6.37904
0.331725	6.36875	6.32131	6.37372
0.333562	6.3546	6.29736	6.35822
0.3354	6.3401	6.35822	6.34986
0.33725	6.3417	6.33263	6.36402
0.3391	6.33092	6.32839	6.38606
0.340962	6.35472	6.34951	6.39233
0.342838	6.3487	6.30925	6.36854
0.344712	6.35443	6.30729	6.37645
0.3466	6.35049	6.34434	6.37585
0.348487	6.34441	6.35092	6.33212
0.350388	6.34	6.35523	6.37442
0.352288	6.34363	6.35731	6.33529
0.3542	6.34776	6.32563	6.313
0.356125	6.34479	6.36721	6.35498
0.35805	6.35239	6.30684	6.36862
0.359987	6.32439	6.30912	6.35308
0.361925	6.3248	6.33505	6.34869
0.363875	6.30324	6.30233	6.34101
0.365838	6.35236	6.32962	6.36701
0.3678	6.32048	6.30951	6.34305
0.369763	6.34608	6.3098	6.32504
0.37175	6.31673	6.33552	6.33199
0.373738	6.35036	6.2882	6.3529
0.375725	6.31774	6.31796	6.37696
0.377725	6.34272	6.32626	6.33822
0.379737	6.3462	6.30455	6.34499
0.381763	6.32759	6.32286	6.36258
0.383775	6.33536	6.29268	6.34035
0.385812	6.33061	6.3178	6.35469
0.38785	6.32591	6.30426	6.34851
0.3899	6.31515	6.29016	6.32925
0.391962	6.31527	6.31971	6.29871
0.394025	6.31876	6.31633	6.35201
0.396087	6.34423	6.28406	6.30953
0.398175	6.33413	6.32943	6.33289
0.400263	6.35683	6.32837	6.35679
0.40235	6.28852	6.30448	6.33892
0.404462	6.31473	6.29746	6.30685
0.406575	6.28589	6.29594	6.34609
0.408688	6.27978	6.28161	6.31997
0.410812	6.29288	6.31013	6.33158
0.41295	6.30705	6.32987	6.30735
0.4151	6.28388	6.30236	6.34703
0.41725	6.31988	6.27235	6.34473
0.4194	6.30659	6.30865	6.33865
0.421575	6.29967	6.29927	6.31455
0.42375	6.31129	6.30117	6.34076
0.425938	6.3152	6.28962	6.30993
0.428125	6.30764	6.27969	6.30328
0.430325	6.3082	6.28546	6.30818
0.432537	6.29613	6.28554	6.29216
0.434763	6.28579	6.30217	6.31645
0.436987	6.29104	6.28693	6.29942
0.439225	6.31021	6.28675	6.33275
0.441462	6.3164	6.33276	6.31384
0.443713	6.28455	6.29586	6.32819
0.445975	6.29507	6.27975	6.33014
0.44825	6.31222	6.26936	6.31106
0.450525	6.28568	6.27616	6.31109
0.452812	6.29242	6.3039	6.32809
0.4551	6.31712	6.27261	6.2939
0.457413	6.2971	6.2603	6.31789
0.459725	6.28255	6.24376	6.31968
0.462038	6.31687	6.25525	6.30169
0.464375	6.27921	6.26051	6.29021
0.466713	6.31447	6.25191	6.30504
0.469063	6.28895	6.28687	6.3004
0.471413	6.28613	6.27905	6.32562
0.473787	6.30259	6.27989	6.31231
0.476162	6.27047	6.28869	6.31192
0.478537	6.28651	6.28078	6.32468
0.480938	6.27863	6.26025	6.27112
0.483337	6.26103	6.28149	6.30568
0.48575	6.293	6.3036	6.29811
0.488175	6.31095	6.30721	6.30397
0.4906	6.29528	6.2651	6.3018
0.493037	6.26343	6.2553	6.29118
0.495488	6.28298	6.28266	6.27729
0.49795	6.29134	6.27881	6.29569
0.500413	6.2808	6.26121	6.29093
0.502887	6.28422	6.25117	6.29677
0.505375	6.27792	6.28849	6.31165
0.507875	6.25571	6.29108	6.31634
0.510375	6.28007	6.29328	6.29864
0.512887	6.26777	6.25997	6.28871
0.515413	6.30837	6.291	6.30823
0.51795	6.25004	6.26119	6.31995
0.520487	6.26867	6.2696	6.28659
0.52305	6.28286	6.2512	6.30287
0.525612	6.28317	6.23934	6.29799
0.528175	6.28154	6.27434	6.27695
0.530762	6.28239	6.2638	6.30867
0.53335	6.25154	6.25419	6.29849
0.535963	6.27106	6.24425	6.29319
0.538575	6.26728	6.26933	6.26483
0.541188	6.28414	6.28162	6.30302
0.543825	6.27847	6.27635	6.2758
0.546462	6.27151	6.25534	6.26673
0.549112	6.28106	6.25704	6.28064
0.551775	6.25874	6.25087	6.2928
0.55445	6.25563	6.25836	6.29149
0.557137	6.26769	6.25093	6.30275
0.559825	6.2778	6.24147	6.28519
0.562525	6.28149	6.28585	6.28025
0.565238	6.26496	6.24301	6.27115
0.567963	6.2765	6.25446	6.28644
0.5707	6.27251	6.25645	6.28338
0.573438	6.27751	6.26467	6.30046
0.5762	6.23809	6.24786	6.27598
0.578963	6.27784	6.2532	6.28717
0.581738	6.25944	6.23472	6.27978
0.584525	6.26448	6.24125	6.27564
0.587325	6.24868	6.25469	6.26677
0.590125	6.27046	6.24836	6.27138
0.59295	6.25673	6.2476	6.28747
0.595775	6.28177	6.25421	6.27026
0.598612	6.25494	6.2399	6.27659
0.601462	6.25417	6.25296	6.26667
0.604325	6.24888	6.23828	6.26102
0.6072	6.27973	6.24167	6.27354
0.610088	6.25151	6.23627	6.30378
0.612975	6.24845	6.25056	6.28209
0.615888	6.24436	6.25488	6.27967
0.6188	6.27253	6.25404	6.26527
0.621725	6.24743	6.23834	6.26159
0.624663	6.25988	6.22649	6.27788
0.627612	6.26245	6.25887	6.26812
0.630575	6.26086	6.24999	6.28026
0.63355	6.24445	6.21218	6.25969
0.636525	6.24761	6.24318	6.26147
0.639525	6.25191	6.23548	6.2646
0.642537	6.24508	6.24864	6.2585
0.64555	6.27015	6.24127	6.24064
0.648575	6.25869	6.21322	6.28179
0.651625	6.23751	6.21275	6.28052
0.654675	6.25552	6.23897	6.27312
0.657737	6.25998	6.25428	6.25455
0.660812	6.24541	6.26423	6.28442
0.6639	6.22416	6.23121	6.27209
0.667	6.25692	6.22482	6.26258
0.670112	6.27943	6.22054	6.27153
0.673238	6.24738	6.23424	6.26326
0.676363	6.22716	6.24065	6.25979
0.679513	6.25044	6.26647	6.27719
0.682675	6.2492	6.23494	6.26894
0.685838	6.26587	6.24122	6.25167
0.689025	6.25627	6.25019	6.27541
0.692225	6.24816	6.22883	6.23417
0.695425	6.25426	6.24009	6.24994
0.69865	6.22144	6.23607	6.2679
0.701875	6.22539	6.2397	6.25147
0.705125	6.22811	6.2294	6.25944
0.708375	6.23591	6.21694	6.2671
0.71165	6.24632	6.22131	6.26677
0.714925	6.25549	6.23766	6.23596
0.718225	6.26313	6.22047	6.26323
0.721525	6.23331	6.21428	6.24143
0.724837	6.23271	6.21904	6.25046
0.728175	6.23319	6.23728	6.245
0.731512	6.24219	6.21008	6.24035
0.734875	6.23664	6.23964	6.24173
0.73825	6.24853	6.21945	6.24343
0.741625	6.24853	6.22709	6.26264
0.745025	6.24731	6.22598	6.25081
0.748425	6.24604	6.22327	6.23565
0.75185	6.2598	6.23865	6.26029
0.755288	6.25197	6.19317	6.25533
0.758725	6.22466	6.22068	6.26827
0.762187	6.25047	6.18404	6.25664
0.765662	6.24611	6.2352	6.25939
0.76915	6.23154	6.21324	6.24225
0.77265	6.23676	6.22066	6.23161
0.776163	6.24386	6.20275	6.2578
0.779688	6.24312	6.20542	6.25883
0.783225	6.22209	6.20619	6.24834
0.786788	6.22747	6.20987	6.25845
0.79035	6.21582	6.20933	6.25226
0.793938	6.24003	6.19896	6.27058
0.797525	6.24425	6.22636	6.24815
0.801138	6.22553	6.19495	6.2539
0.80475	6.24512	6.20135	6.26444
0.808388	6.22075	6.22417	6.23468
0.812038	6.22862	6.2125	6.23291
0.8157	6.22521	6.20997	6.22903
0.819375	6.2457	6.19693	6.24944
0.823075	6.22369	6.20921	6.24736
0.826775	6.24839	6.20506	6.24795
0.8305	6.22657	6.20761	6.24187
0.834225	6.23007	6.23278	6.25309
0.837975	6.21327	6.20918	6.2442
0.841738	6.24767	6.20858	6.22484
0.845513	6.24426	6.22871	6.2521
0.8493	6.24074	6.21144	6.25098
0.853113	6.24256	6.1908	6.25874
0.856925	6.20528	6.21209	6.24492
0.860762	6.20984	6.21504	6.24049
0.864613	6.23338	6.20185	6.25401
0.868475	6.22749	6.20299	6.25964
0.87235	6.23049	6.18094	6.24773
0.87625	6.24664	6.21446	6.23826
0.88015	6.23401	6.20512	6.25402
0.884075	6.24035	6.23078	6.2345
0.888013	6.23159	6.20883	6.24432
0.891963	6.22915	6.21342	6.25395
0.895938	6.22657	6.20398	6.23694
0.899912	6.20786	6.21905	6.2397
0.903912	6.21125	6.19703	6.24598
0.907925	6.21507	6.19662	6.25924
0.91195	6.23594	6.21159	6.24775
0.916	6.22266	6.21278	6.26129
0.920062	6.22283	6.19598	6.24406
0.924137	6.21569	6.21305	6.23939
0.928225	6.22115	6.21682	6.23674
0.932325	6.25123	6.19918	6.22387
0.93645	6.2286	6.20892	6.2535
0.940588	6.21637	6.20433	6.22974
0.944737	6.21999	6.20307	6.23982
0.948913	6.21571	6.20139	6.25412
0.953088	6.22525	6.20251	6.25433
0.957287	6.20788	6.18585	6.2269
0.961513	6.22918	6.19957	6.24168
0.965738	6.22122	6.18876	6.25529
0.969988	6.22705	6.20352	6.24672
0.97425	6.23153	6.21202	6.23281
0.978537	6.21816	6.18613	6.24451
0.982837	6.21265	6.19749	6.2557
0.98715	6.23584	6.20291	6.22305
0.991475	6.20683	6.18296	6.24141
0.995825	6.2236	6.20978	6.23377
1.00019	6.21753	6.18101	6.23227
1.00456	6.22411	6.18338	6.24309
1.00896	6.22036	6.20084	6.26685
1.01338	6.21211	6.20228	6.22665
1.0178	6.20354	6.17411	6.22642
1.02225	6.20033	6.19887	6.23319
1.02671	6.22223	6.20239	6.24072
1.03119	6.22016	6.19306	6.23475
1.03569	6.22619	6.18587	6.2277
1.0402	6.21899	6.18642	6.24789
1.04474	6.21947	6.18887	6.25198
1.04929	6.20279	6.19017	6.24911
1.05385	6.21082	6.18324	6.23706
1.05844	6.22198	6.19909	6.2504
1.06304	6.22847	6.22016	6.24396
1.06766	6.24282	6.18069	6.23788
1.07229	6.21805	6.1963	6.23483
1.07695	6.19808	6.20379	6.25995
1.08162	6.20197	6.19992	6.24062
1.08631	6.22408	6.21073	6.23232
1.09101	6.23933	6.19422	6.22665
1.09574	6.23248	6.18776	6.21716
1.10049	6.22787	6.19742	6.2246
1.10525	6.22366	6.20604	6.24146
1.11003	6.2119	6.20036	6.24769
1.11483	6.22031	6.19777	6.23349
1.11964	6.20186	6.18363	6.22846
1.12448	6.20951	6.17753	6.22655
1.12933	6.21967	6.20694	6.23948
1.1342	6.22368	6.18806	6.25406
1.13909	6.22163	6.19229	6.23768
1.144	6.2101	6.19449	6.24251
1.14892	6.21405	6.17399	6.23497
1.15387	6.21818	6.19094	6.22884
1.15884	6.22093	6.18123	6.23473
1.16381	6.20912	6.19951	6.23906
1.16883	6.21562	6.19938	6.2206
1.17384	6.19279	6.20514	6.25037
1.17889	6.20717	6.20033	6.23038
1.18394	6.2091	6.18694	6.2383
1.18903	6.20082	6.17035	6.24664
1.19413	6.2011	6.18564	6.23253
1.19924	6.21073	6.1914	6.23467
1.20438	6.20139	6.19489	6.23216
1.20954	6.20981	6.19485	6.24591
1.21471	6.20501	6.19954	6.22737
1.21991	6.22854	6.17809	6.23036
1.22512	6.20637	6.20151	6.22322
1.23036	6.20097	6.20482	6.22953
1.23561	6.1967	6.19507	6.22195
1.24089	6.21883	6.20206	6.23514
1.24619	6.20677	6.18508	6.23826
1.2515	6.2113	6.18421	6.24451
1.25684	6.2048	6.17886	6.22367
1.2622	6.23342	6.17398	6.22566
1.26758	6.20417	6.1967	6.22381
1.27297	6.20571	6.17948	6.23675
1.27839	6.22885	6.16314	6.24524
1.28383	6.2039	6.19127	6.23668
1.28929	6.21932	6.18431	6.23326
1.29476	6.19193	6.18963	6.22186
1.30027	6.20702	6.16682	6.22533
1.30579	6.21972	6.19073	6.21761
1.31134	6.22741	6.17961	6.2335
1.3169	6.22618	6.1843	6.24019
1.32249	6.20832	6.1944	6.24029
1.32809	6.20462	6.18443	6.22898
1.33372	6.20504	6.18671	6.21568
1.33938	6.20437	6.18775	6.23809
1.34504	6.19156	6.18288	6.2389
1.35074	6.21016	6.19675	6.22303
1.35645	6.19786	6.17997	6.24709
1.36219	6.19927	6.18346	6.22668
1.36794	6.20455	6.20024	6.24924
1.37373	6.18409	6.17737	6.24188
1.37952	6.20862	6.19331	6.2437
1.38535	6.2119	6.19119	6.23789
1.39119	6.20237	6.18004	6.24184
1.39706	6.22086	6.18824	6.2458
1.40295	6.20617	6.18754	6.2274
1.40886	6.21261	6.17295	6.22719
1.4148	6.21438	6.1775	6.22322
1.42076	6.21121	6.18841	6.22264
1.42674	6.23509	6.19669	6.22016
1.43274	6.21237	6.20236	6.22923
1.43877	6.20968	6.18997	6.23457
1.44483	6.20952	6.18188	6.23211
1.45089	6.20418	6.19827	6.23574
1.45699	6.2064	6.18198	6.24832
1.46311	6.21053	6.19214	6.22103
1.46925	6.20205	6.1911	6.23495
1.47541	6.20386	6.17367	6.23718
1.4816	6.20294	6.19894	6.21918
1.48781	6.20173	6.16579	6.20853
1.49405	6.20486	6.18352	6.24134
1.50031	6.21142	6.18881	6.23685
1.5066	6.20112	6.19138	6.22796
1.5129	6.19874	6.18113	6.23571
1.51924	6.19388	6.1788	6.23943
1.52559	6.19975	6.19174	6.22802
1.53198	6.20069	6.19179	6.22244
1.53838	6.19745	6.18027	6.23501
1.5448	6.19917	6.17824	6.2144
1.55126	6.20158	6.18956	6.21961
1.55774	6.20879	6.18172	6.22764
1.56424	6.21658	6.19933	6.21906
1.57076	6.19699	6.17885	6.23059
1.57731	6.20771	6.17993	6.2211
1.5839	6.21738	6.1943	6.22838
1.5905	6.19917	6.18118	6.22453
1.59713	6.19668	6.19234	6.22842
1.60378	6.1991	6.20223	6.22071
1.61045	6.19977	6.18667	6.24432
1.61716	6.19377	6.20427	6.22508
1.62389	6.20184	6.19316	6.22849
1.63064	6.21295	6.18226	6.23587
1.63742	6.20719	6.1923	6.23291
1.64423	6.20736	6.1756	6.2219
1.65106	6.20632	6.18737	6.2402
1.65791	6.21166	6.18407	6.21991
1.6648	6.19887	6.1809	6.22671
1.67171	6.20342	6.19405	6.22546
1.67865	6.18679	6.18671	6.22671
1.68561	6.19858	6.18787	6.21854
1.6926	6.20649	6.18433	6.22431
1.69961	6.19104	6.17718	6.24543
1.70666	6.19527	6.17755	6.22983
1.71372	6.19073	6.18368	6.23268
1.72082	6.20298	6.18178	6.23144
1.72795	6.20156	6.17467	6.23388
1.7351	6.1991	6.18476	6.21644
1.74227	6.18911	6.17839	6.23146
1.74949	6.19425	6.18355	6.22917
1.75671	6.20319	6.18297	6.22999
1.76398	6.18699	6.18175	6.2226
1.77126	6.20633	6.18616	6.2156
1.77857	6.19976	6.19565	6.22103
1.78593	6.20686	6.18554	6.21991
1.79329	6.18802	6.18533	6.23265
1.80069	6.21024	6.18076	6.23062
1.80813	6.20643	6.18547	6.21928
1.81558	6.20372	6.17606	6.23325
1.82306	6.19224	6.18104	6.22357
1.83057	6.20899	6.18252	6.23334
1.83811	6.20091	6.18797	6.23362
1.84569	6.20053	6.1768	6.21873
1.85329	6.20012	6.17917	6.22317
1.86091	6.20444	6.17333	6.21693
1.86856	6.21292	6.1802	6.23072
1.87625	6.19316	6.18938	6.22954
1.88398	6.20138	6.17685	6.23337
1.89171	6.19386	6.18185	6.21443
1.89949	6.2032	6.18956	6.23746
1.90729	6.19789	6.18787	6.22558
1.91513	6.2128	6.18063	6.21202
1.92299	6.18621	6.19103	6.2338
1.93089	6.20561	6.17521	6.23009
1.9388	6.20064	6.18823	6.23741
1.94676	6.2085	6.18983	6.2281
1.95474	6.20042	6.17756	6.22822
1.96276	6.2041	6.20367	6.22757
1.9708	6.19775	6.18666	6.24398
1.97888	6.21192	6.18738	6.21897
1.98699	6.20079	6.185	6.22273
1.99513	6.20566	6.17921	6.22769
2.00329	6.21016	6.18941	6.22455
2.01149	6.202	6.18296	6.22857
2.01971	6.19873	6.17616	6.22716
2.02798	6.18783	6.17756	6.22176
2.03627	6.19809	6.19007	6.22087
2.0446	6.20558	6.19232	6.23205
2.05295	6.19932	6.18172	6.22537
2.06134	6.21233	6.19147	6.22229
2.06976	6.19549	6.18164	6.22913
2.07821	6.19781	6.18719	6.22436
2.0867	6.21057	6.18302	6.22487
2.09521	6.18781	6.19705	6.24081
2.10376	6.19584	6.17818	6.22457
2.11235	6.19528	6.1756	6.21782
2.12096	6.19264	6.16994	6.2284
2.12961	6.19804	6.19411	6.22375
2.13829	6.19847	6.1958	6.23248
2.147	6.19054	6.18416	6.22819
2.15575	6.18771	6.17364	6.22941
2.16453	6.19853	6.18695	6.21261
2.17334	6.20767	6.1757	6.21798
2.18219	6.19383	6.18858	6.22678
2.19106	6.20349	6.18764	6.21982
2.19998	6.19338	6.18256	6.23474
2.20893	6.19397	6.18534	6.24138
2.21791	6.19835	6.17859	6.22134
2.22692	6.20585	6.19044	6.22335
2.23598	6.19112	6.18615	6.23748
2.24506	6.19467	6.1768	6.23462
2.25419	6.18775	6.17792	6.22883
2.26334	6.1942	6.18986	6.23901
2.27253	6.19736	6.17111	6.2377
2.28175	6.21194	6.18239	6.22723
2.29101	6.19671	6.17172	6.23696
2.3003	6.19404	6.17732	6.22909
2.30964	6.21013	6.17482	6.21797
2.319	6.21307	6.18539	6.244
2.3284	6.20169	6.18798	6.23135
2.33784	6.20407	6.17962	6.23179
2.34731	6.19786	6.18015	6.2242
2.35681	6.20807	6.16686	6.22044
2.36636	6.1937	6.18353	6.22119
2.37595	6.19433	6.18334	6.23192
2.38556	6.20708	6.17095	6.23177
2.39521	6.19663	6.17864	6.24441
2.40491	6.20014	6.18145	6.23201
2.41464	6.19442	6.1817	6.2327
2.4244	6.21244	6.18927	6.24263
2.4342	6.19117	6.17886	6.23843
2.44405	6.1976	6.18425	6.22157
2.45392	6.20549	6.18038	6.2357
2.46384	6.19457	6.18432	6.23762
2.47379	6.19132	6.1719	6.23492
2.48377	6.20069	6.17879	6.22828
2.49381	6.20235	6.17357	6.22866
2.50388	6.20261	6.17044	6.23009
2.51397	6.20091	6.18238	6.2301
2.52413	6.1931	6.1828	6.22926
2.53431	6.19161	6.19193	6.2346
2.54452	6.20682	6.16732	6.22332
2.55479	6.20607	6.18086	6.23311
2.56509	6.20862	6.18018	6.23146
2.57542	6.20157	6.17525	6.22521
2.5858	6.19374	6.17835	6.22563
2.59623	6.20021	6.16919	6.22845
2.60667	6.19659	6.18797	6.24635
2.61718	6.19308	6.18572	6.22418
2.62771	6.20575	6.16996	6.22428
2.63829	6.20759	6.17685	6.2255
2.6489	6.19589	6.17796	6.22468
2.65956	6.19873	6.18872	6.22924
2.67026	6.2074	6.17922	6.22527
2.681	6.198	6.1837	6.22907
2.69178	6.20198	6.1838	6.23286
2.7026	6.19386	6.18698	6.22642
2.71346	6.20153	6.18329	6.22126
2.72436	6.20096	6.18682	6.21477
2.73531	6.18921	6.17843	6.22584
2.74629	6.18545	6.18366	6.23667
2.75732	6.19836	6.17242	6.22159
2.76839	6.19711	6.16831	6.21617
2.7795	6.20583	6.1778	6.22479
2.79066	6.198	6.1851	6.22505
2.80185	6.18445	6.18102	6.23483
2.8131	6.20342	6.17187	6.23821
2.82437	6.19598	6.17905	6.23077
2.8357	6.19208	6.17961	6.22248
2.84707	6.20051	6.18073	6.22811
2.85849	6.19275	6.17408	6.23037
2.86994	6.19841	6.16147	6.23823
2.88144	6.20071	6.18425	6.22122
2.89298	6.19944	6.17243	6.22895
2.90456	6.19371	6.18798	6.23601
2.9162	6.19089	6.17161	6.21851
2.92788	6.18601	6.17884	6.24155
2.93959	6.19747	6.17797	6.22175
2.95136	6.2034	6.17201	6.22697
2.96316	6.196	6.18873	6.23424
2.97502	6.1972	6.17628	6.23851
2.98691	6.19002	6.18811	6.23885
2.99886	6.19033	6.19247	6.22642
3.01085	6.20564	6.18255	6.22146
3.02289	6.19184	6.18186	6.25585
3.03498	6.19651	6.18731	6.23705
3.0471	6.19882	6.18825	6.2268
3.05927	6.19895	6.17272	6.22878
3.07149	6.19944	6.16732	6.22556
3.08376	6.19447	6.16619	6.22686
3.09608	6.20412	6.17469	6.23433
3.10842	6.19808	6.17769	6.23186
3.12084	6.21114	6.17467	6.22546
3.13329	6.19301	6.17781	6.22916
3.14579	6.20324	6.18222	6.22667
3.15834	6.20619	6.17251	6.23796
3.17094	6.19753	6.1776	6.21375
3.18359	6.19963	6.17518	6.23044
3.19627	6.19213	6.19829	6.22264
3.20902	6.20212	6.18576	6.23448
3.22181	6.19664	6.18678	6.2333
3.23465	6.20096	6.18352	6.21982
3.24754	6.19732	6.17642	6.2295
3.26047	6.19986	6.17305	6.22645
3.27346	6.19246	6.18855	6.23086
3.2865	6.19679	6.17582	6.2263
3.29958	6.20013	6.1817	6.22846
3.31271	6.19187	6.17828	6.22756
3.3259	6.19991	6.1692	6.22125
3.33914	6.19326	6.17812	6.23169
3.35243	6.19323	6.18046	6.21964
3.36575	6.19603	6.17632	6.2283
3.37914	6.19296	6.17312	6.23686
3.39258	6.2012	6.1756	6.24037
3.40608	6.19291	6.17901	6.23439
3.41961	6.19892	6.19376	6.22445
3.4332	6.18475	6.18636	6.23636
3.44685	6.20454	6.18382	6.24458
3.46054	6.19309	6.17032	6.22973
3.47429	6.19956	6.16973	6.22944
3.48809	6.19908	6.17513	6.23206
3.50194	6.1858	6.16676	6.23928
3.51585	6.20154	6.18029	6.23349
3.5298	6.19186	6.1768	6.23797
3.54381	6.19267	6.17016	6.24093
3.55789	6.19819	6.17778	6.23034
3.572	6.19779	6.18131	6.22971
3.58617	6.2043	6.17719	6.22141
3.6004	6.19624	6.16826	6.23126
3.61468	6.20016	6.1824	6.23999
3.62901	6.19507	6.17098	6.22919
3.6434	6.19602	6.17441	6.22596
3.65785	6.19921	6.18361	6.23411
3.67235	6.20191	6.18207	6.23115
3.6869	6.1981	6.18847	6.21954
3.70151	6.20255	6.17961	6.24925
3.71618	6.20334	6.19116	6.23418
3.7309	6.20096	6.18039	6.22996
3.74568	6.19321	6.18595	6.23288
3.76051	6.20374	6.18104	6.22253
3.7754	6.20062	6.18074	6.2337
3.79035	6.19375	6.18284	6.23819
3.80535	6.2065	6.18373	6.22976
3.82041	6.19752	6.16592	6.23497
3.83553	6.19461	6.18127	6.2327
3.8507	6.20247	6.18486	6.22883
3.86594	6.19215	6.17783	6.23343
3.88123	6.21185	6.18263	6.22584
3.89657	6.20533	6.17641	6.23504
3.91199	6.19759	6.17735	6.23454
3.92745	6.20611	6.18268	6.2362
3.94298	6.18847	6.17048	6.231
3.95856	6.20477	6.17463	6.23111
3.9742	6.21067	6.16283	6.23915
3.98991	6.20789	6.17457	6.23654
4.00567	6.19567	6.17331	6.23216
4.0215	6.20886	6.17825	6.23202
4.03737	6.21029	6.16019	6.23209
4.05333	6.19792	6.17781	6.24131
4.06932	6.20872	6.17739	6.2384
4.0854	6.21262	6.17147	6.24128
4.10152	6.21303	6.17642	6.23218
4.11771	6.21215	6.17772	6.23021
4.13396	6.20167	6.18115	6.22594
4.15028	6.21029	6.17234	6.23446
4.16665	6.20847	6.17682	6.24356
4.18309	6.20581	6.179	6.23698
4.19959	6.21067	6.17798	6.24339
4.21615	6.1967	6.18263	6.233
4.23278	6.19701	6.17796	6.23729
4.24946	6.19942	6.17346	6.24096
4.26621	6.20697	6.17975	6.22886
4.28302	6.20684	6.17029	6.23651
4.2999	6.19844	6.18575	6.24219
4.31685	6.2004	6.18249	6.23944
4.33385	6.21446	6.17557	6.22698
4.35092	6.20087	6.18157	6.23549
4.36806	6.19784	6.18165	6.23605
4.38527	6.20542	6.18116	6.22245
4.40254	6.21105	6.18517	6.23424
4.41988	6.20467	6.1738	6.23232
4.43727	6.20455	6.17698	6.2438
4.45474	6.21195	6.17603	6.23365
4.47227	6.20008	6.17962	6.24022
4.48987	6.19912	6.18403	6.22396
4.50754	6.20821	6.17035	6.23916
4.52528	6.20326	6.16915	6.22769
4.54308	6.20629	6.18181	6.23128
4.56095	6.2101	6.1777	6.23596
4.57889	6.2145	6.16922	6.22837
4.59689	6.20657	6.17779	6.23632
4.61496	6.20504	6.17425	6.23127
4.63311	6.20123	6.1773	6.23474
4.65133	6.20551	6.18343	6.23691
4.6696	6.21104	6.1794	6.23515
4.68796	6.21671	6.18185	6.2333
4.70638	6.20295	6.17857	6.24407
4.72487	6.2045	6.18654	6.23515
4.74344	6.21255	6.18312	6.23094
4.76206	6.20364	6.17716	6.23129
4.78076	6.20671	6.19032	6.23625
4.79954	6.20721	6.17688	6.2312
4.81839	6.21191	6.16984	6.24806
4.83731	6.20349	6.1816	6.23307
4.8563	6.20988	6.18478	6.23681
4.87536	6.20676	6.176	6.22174
4.8945	6.20782	6.17704	6.23108
4.9137	6.20486	6.18823	6.23951
4.93299	6.20501	6.17388	6.23568
4.95234	6.2014	6.17518	6.23094
4.97176	6.20324	6.17787	6.23378
4.99126	6.1992	6.1759	6.23807
5.01085	6.20792	6.18023	6.23258
5.0305	6.20327	6.1792	6.23619
5.05022	6.20264	6.18199	6.23991
5.07002	6.20526	6.17405	6.23633
5.0899	6.2041	6.18216	6.23193
5.10985	6.21136	6.17991	6.22978
5.12988	6.20865	6.17662	6.22776
5.14997	6.2054	6.18581	6.2395
5.17016	6.20712	6.17483	6.23505
5.19042	6.19296	6.18436	6.24189
5.21075	6.20383	6.18259	6.24314
5.23116	6.20045	6.16812	6.2433
5.25165	6.20728	6.16107	6.23148
5.27222	6.20451	6.18021	6.2328
5.29287	6.20355	6.18747	6.22964
5.3136	6.2036	6.1814	6.24034
5.3344	6.21475	6.17062	6.23414
5.35528	6.2061	6.18143	6.22524
5.37624	6.20336	6.18752	6.23211
5.39729	6.20751	6.17931	6.22805
5.41841	6.20783	6.18614	6.23073
5.43961	6.20872	6.18471	6.23383
5.4609	6.20602	6.18798	6.23795
5.48226	6.21094	6.18295	6.24167
5.5037	6.21312	6.18113	6.22919
5.52524	6.20437	6.18312	6.24024
5.54684	6.21062	6.18208	6.23281
5.56854	6.20643	6.17788	6.2281
5.59031	6.20623	6.17679	6.24161
5.61216	6.20818	6.17066	6.23604
5.6341	6.20727	6.19105	6.23633
5.65613	6.21275	6.188	6.22963
5.67824	6.21369	6.18152	6.23038
5.70043	6.20364	6.18198	6.23387
5.7227	6.2119	6.18576	6.23016
5.74506	6.21159	6.17605	6.22845
5.76751	6.20643	6.17808	6.23381
5.79005	6.20654	6.17836	6.23399
5.81266	6.20278	6.18035	6.23619
5.83536	6.20036	6.18	6.23052
5.85816	6.20697	6.18344	6.23633
5.88104	6.20536	6.18449	6.23364
5.904	6.2111	6.18161	6.22965
5.92705	6.21104	6.1747	6.23442
5.95019	6.20474	6.18809	6.22588
5.97341	6.20531	6.17823	6.22915
5.99674	6.20237	6.18461	6.23355
6.02014	6.20784	6.18253	6.23332
6.04364	6.21047	6.17734	6.23376
6.06721	6.20688	6.17955	6.22421
6.09089	6.20406	6.18221	6.22882
6.11465	6.21198	6.18524	6.23283
6.13851	6.21074	6.17612	6.2325
6.16245	6.21125	6.18796	6.23879
6.18649	6.21528	6.17765	6.22854
6.21061	6.20468	6.18108	6.23478
6.23484	6.20784	6.18242	6.23378
6.25915	6.20418	6.18284	6.23264
6.28355	6.20867	6.18121	6.23859
6.30805	6.21061	6.18422	6.23066
6.33264	6.21322	6.17972	6.22907
6.35733	6.2051	6.18704	6.23145
6.3821	6.21334	6.18211	6.24181
6.40697	6.20704	6.17966	6.23981
6.43194	6.2159	6.18697	6.23884
6.457	6.20866	6.17659	6.2336
6.48215	6.20834	6.18317	6.233
6.50741	6.20045	6.17353	6.23226
6.53276	6.2094	6.17823	6.22951
6.5582	6.20739	6.17822	6.23436
6.58375	6.20078	6.18486	6.23465
6.60939	6.20419	6.17997	6.23556
6.63513	6.20991	6.18872	6.23525
6.66096	6.21255	6.18368	6.23764
6.6869	6.20368	6.17517	6.24
6.71292	6.20726	6.17967	6.24706
6.73906	6.20596	6.17405	6.23361
6.76529	6.20426	6.18435	6.23455
6.79163	6.21214	6.17189	6.23902
6.81805	6.20892	6.18092	6.24257
6.84459	6.2103	6.18416	6.2288
6.87121	6.20306	6.18348	6.23587
6.89795	6.2095	6.18381	6.23309
6.92479	6.20964	6.17695	6.23873
6.95173	6.21063	6.17818	6.23691
6.97876	6.20617	6.18089	6.23962
7.00591	6.20259	6.18365	6.23064
7.03316	6.21035	6.17546	6.22634
7.06051	6.20744	6.18353	6.24005
7.08796	6.21107	6.18992	6.23212
7.11552	6.21199	6.18018	6.24155
7.14319	6.20692	6.17888	6.23381
7.17096	6.20927	6.18259	6.23096
7.19884	6.20272	6.18119	6.24268
7.22683	6.20793	6.19175	6.23515
7.25491	6.21223	6.18718	6.23947
7.2831	6.20848	6.18199	6.23261
7.3114	6.2045	6.19335	6.23455
7.33981	6.20854	6.18869	6.24022
7.36834	6.21249	6.18796	6.23559
7.39696	6.21001	6.18876	6.24203
7.4257	6.20465	6.18302	6.23313
7.45455	6.21139	6.19119	6.24089
7.4835	6.21229	6.18904	6.24011
7.51256	6.21183	6.18001	6.23539
7.54174	6.21522	6.18022	6.23133
7.57104	6.20797	6.18457	6.2348
7.60042	6.21489	6.18339	6.23594
7.62994	6.21994	6.18757	6.23943
7.65956	6.21371	6.17714	6.24191
7.6893	6.21308	6.19275	6.23826
7.71915	6.21908	6.18166	6.23094
7.74911	6.21072	6.18021	6.2422
7.77919	6.2185	6.18157	6.23638
7.80939	6.20674	6.18569	6.23628
7.83969	6.21449	6.18706	6.24118
7.87011	6.2206	6.18403	6.23976
7.90065	6.21944	6.18391	6.24326
7.9313	6.21368	6.1758	6.2409
7.96208	6.21201	6.18575	6.24319
7.99296	6.22209	6.17069	6.24503
8.02398	6.20328	6.18026	6.23848
8.0551	6.20616	6.18192	6.2397
8.08634	6.21181	6.18081	6.23893
8.1177	6.21707	6.18083	6.23656
8.14917	6.22225	6.18648	6.23457
8.18077	6.21164	6.18679	6.23376
8.2125	6.21065	6.18317	6.24134
8.24434	6.22264	6.17922	6.24679
8.2763	6.21151	6.18118	6.23857
8.30839	6.21603	6.18706	6.24131
8.3406	6.21049	6.17921	6.23732
8.37292	6.21172	6.18084	6.24367
8.40537	6.20921	6.18443	6.23493
8.43795	6.21844	6.18559	6.23133
8.47065	6.21252	6.18672	6.23732
8.50348	6.213	6.18982	6.2357
8.53642	6.20851	6.18447	6.23456
8.5695	6.21565	6.18686	6.23778
8.6027	6.21088	6.18657	6.24671
8.63604	6.21185	6.18968	6.23945
8.66949	6.21137	6.18602	6.23861
8.70308	6.20458	6.18046	6.239
8.73678	6.21579	6.18401	6.24135
8.77061	6.20729	6.19053	6.2396
8.80459	6.212	6.18615	6.23937
8.83867	6.21456	6.18819	6.23894
8.8729	6.20433	6.18846	6.23875
8.90726	6.21597	6.19073	6.23583
8.94175	6.21466	6.18587	6.23533
8.97636	6.21422	6.18546	6.24335
9.01111	6.20894	6.18437	6.23399
9.046	6.21253	6.1772	6.23951
9.08101	6.21408	6.18944	6.23371
9.11616	6.21665	6.18948	6.23306
9.15145	6.21018	6.18339	6.23095
9.18686	6.21333	6.18354	6.23869
9.22241	6.21139	6.18435	6.23984
9.2581	6.20901	6.1867	6.22756
9.29393	6.21505	6.18827	6.23431
9.32989	6.21983	6.19053	6.23379
9.36599	6.21866	6.18212	6.23696
9.40221	6.21514	6.19174	6.23894
9.43859	6.2127	6.18697	6.24113
9.4751	6.21677	6.18911	6.23417
9.51175	6.21411	6.18252	6.23537
9.54854	6.21919	6.18476	6.23759
9.58546	6.21276	6.18738	6.2375
9.62254	6.20899	6.19304	6.24273
9.65975	6.21256	6.18829	6.23674
9.6971	6.21256	6.18413	6.23937
9.73459	6.21035	6.19043	6.24139
9.77223	6.20891	6.18337	6.23511
9.81001	6.2118	6.18387	6.23906
9.84794	6.20617	6.17988	6.24001
9.886	6.21143	6.18511	6.23361
9.92421	6.21489	6.19028	6.24546
9.96257	6.2125	6.18231	6.23724
10.0011	6.21239	6.18725	6.23844
10.0397	6.21581	6.18302	6.23887
10.0785	6.21123	6.1851	6.24138
10.1175	6.21194	6.17994	6.23986
10.1566	6.21728	6.18561	6.23559
10.1958	6.21197	6.18527	6.23615
10.2352	6.21596	6.18808	6.23942
10.2748	6.21391	6.1883	6.24266
10.3145	6.21021	6.18711	6.23743
10.3543	6.21575	6.18303	6.23636
10.3943	6.21416	6.19089	6.24185
10.4345	6.21289	6.18885	6.23739
10.4747	6.21576	6.18329	6.2369
10.5152	6.21818	6.18236	6.24434
10.5558	6.20514	6.18487	6.2413
10.5966	6.21544	6.18403	6.23926
10.6375	6.21048	6.18083	6.23762
10.6786	6.2152	6.17994	6.24066
10.7198	6.21436	6.18427	6.23936
10.7612	6.21608	6.18857	6.24654
10.8027	6.22105	6.18964	6.23535
10.8444	6.21329	6.1909	6.23979
10.8863	6.21488	6.18401	6.24116
10.9283	6.21314	6.19339	6.24317
10.9705	6.2209	6.18306	6.24703
11.0128	6.2223	6.18842	6.24564
11.0554	6.22072	6.18898	6.23709
11.098	6.22457	6.19066	6.24469
11.1409	6.21288	6.19014	6.23943
11.1839	6.21457	6.18672	6.24363
11.227	6.2196	6.18468	6.2422
11.2703	6.22374	6.18407	6.24224
11.3138	6.21577	6.18503	6.24203
11.3575	6.2197	6.18521	6.24491
11.4013	6.22273	6.18875	6.24279
11.4453	6.22259	6.18463	6.24438
11.4894	6.21785	6.19281	6.24201
11.5337	6.21094	6.18855	6.24633
11.5782	6.21842	6.19087	6.2395
11.6229	6.2257	6.18714	6.24132
11.6677	6.21945	6.19261	6.2398
11.7127	6.22281	6.19435	6.24048
11.7579	6.21763	6.18945	6.24392
11.8032	6.21142	6.19272	6.23933
11.8487	6.22025	6.18325	6.24832
11.8944	6.21955	6.19397	6.24002
11.9403	6.21334	6.18802	6.24423
11.9863	6.2187	6.18871	6.24661
12.0325	6.21979	6.19258	6.24269
12.0789	6.21582	6.18884	6.24803
12.1255	6.21886	6.19071	6.23865
12.1722	6.21188	6.19348	6.23846
12.2191	6.21301	6.19056	6.24605
12.2662	6.21598	6.19149	6.246
12.3135	6.22123	6.18766	6.24087
12.361	6.22205	6.18685	6.2423
12.4086	6.22031	6.18673	6.24632
12.4564	6.22091	6.1835	6.24033
12.5044	6.22145	6.18512	6.23228
12.5526	6.21309	6.18541	6.24939
12.601	6.21909	6.18972	6.23942
12.6495	6.22609	6.18237	6.24096
12.6983	6.22546	6.18253	6.23571
12.7472	6.22099	6.18142	6.23998
12.7963	6.22806	6.18679	6.23937
12.8456	6.219	6.18633	6.23843
12.8951	6.21993	6.18516	6.23772
12.9447	6.22048	6.19033	6.23454
12.9946	6.22062	6.1862	6.23927
13.0447	6.21971	6.18796	6.23803
13.0949	6.21862	6.18905	6.23968
13.1453	6.22177	6.18778	6.23646
13.1959	6.2196	6.18892	6.23777
13.2468	6.22063	6.18808	6.23796
13.2978	6.22106	6.18693	6.24329
13.349	6.21661	6.18801	6.24051
13.4004	6.21737	6.19548	6.23986
13.452	6.21486	6.18678	6.24419
13.5038	6.22218	6.18475	6.24301
13.5558	6.22254	6.18974	6.23797
13.608	6.22065	6.19203	6.24236
13.6603	6.22066	6.1877	6.24298
13.7129	6.22028	6.18749	6.24171
13.7657	6.22727	6.18768	6.24326
13.8187	6.22161	6.18607	6.23509
13.8719	6.22524	6.19433	6.24922
13.9253	6.22553	6.18541	6.24198
13.9789	6.22315	6.18849	6.24292
14.0327	6.2199	6.18948	6.2464
14.0867	6.22017	6.18556	6.23807
14.1409	6.22355	6.18975	6.24375
14.1953	6.21649	6.18902	6.24616
14.2499	6.21833	6.19301	6.24567
14.3047	6.21777	6.18961	6.24261
14.3598	6.21714	6.19195	6.24677
14.415	6.22069	6.18939	6.24244
14.4705	6.22135	6.19164	6.23954
14.5262	6.21745	6.18655	6.24089
14.582	6.22302	6.19686	6.2354
14.6381	6.21813	6.19519	6.24097
14.6944	6.22497	6.18765	6.24263
14.751	6.22269	6.19178	6.24479
14.8077	6.22518	6.18938	6.24049
14.8647	6.22681	6.18878	6.24188
14.9218	6.22354	6.19241	6.24561
14.9792	6.22278	6.1901	6.24864
15.0368	6.22097	6.19471	6.25025
15.0947	6.22385	6.19499	6.24055
15.1527	6.22254	6.19325	6.24095
15.211	6.22107	6.18569	6.2422
15.2695	6.22355	6.1917	6.24736
15.3282	6.2221	6.18944	6.23999
15.3871	6.22324	6.19714	6.24085
15.4463	6.22539	6.19078	6.24882
15.5056	6.22175	6.19296	6.2456
15.5653	6.22719	6.19518	6.24229
15.6251	6.21865	6.19112	6.24353
15.6852	6.22058	6.19006	6.23889
15.7455	6.22623	6.19052	6.25007
15.806	6.22224	6.19033	6.24662
15.8667	6.22092	6.19008	6.24094
15.9277	6.21916	6.19426	6.24763
15.9889	6.21828	6.19186	6.24297
16.0504	6.22424	6.19089	6.24354
16.1121	6.2181	6.18728	6.24769
16.174	6.22605	6.18965	6.2448
16.2362	6.22544	6.19078	6.24643
16.2986	6.22688	6.19273	6.24051
16.3612	6.2242	6.19916	6.24268
16.4241	6.22463	6.19553	6.23786
16.4872	6.22111	6.19013	6.242
16.5505	6.22773	6.19154	6.24456
16.6141	6.22347	6.19223	6.23964
16.6779	6.23017	6.1946	6.24009
16.742	6.22244	6.19231	6.24382
16.8063	6.22637	6.18677	6.24663
16.8709	6.22114	6.19419	6.24207
16.9357	6.22634	6.18999	6.24227
17.0008	6.22115	6.19346	6.23737
17.0661	6.22429	6.19369	6.24315
17.1316	6.22945	6.193	6.2386
17.1974	6.22055	6.19378	6.24235
17.2635	6.22383	6.19144	6.24467
17.3298	6.22975	6.1936	6.24466
17.3963	6.22543	6.19251	6.24304
17.4632	6.22319	6.18581	6.2433
17.5302	6.22557	6.18992	6.24642
17.5975	6.22641	6.19441	6.2416
17.6651	6.22092	6.18873	6.24559
17.733	6.22556	6.1958	6.24586
17.801	6.22695	6.19053	6.24745
17.8694	6.22496	6.19428	6.24849
17.938	6.22487	6.18753	6.25188
18.0069	6.22395	6.18772	6.244
18.076	6.2305	6.191	6.24632
18.1454	6.21956	6.1941	6.2437
18.2151	6.22108	6.19478	6.24589
18.285	6.22776	6.19433	6.24486
18.3552	6.22089	6.19332	6.23932
18.4257	6.22359	6.19337	6.24508
18.4964	6.21863	6.19275	6.2444
18.5674	6.22604	6.19156	6.2392
18.6387	6.22304	6.19085	6.24959
18.7102	6.22557	6.19849	6.2429
18.782	6.22778	6.19187	6.24331
18.8541	6.2229	6.19593	6.24249
18.9265	6.2253	6.19521	6.23829
18.9991	6.22229	6.20068	6.24385
19.072	6.22491	6.1944	6.24271
19.1452	6.22371	6.19763	6.24468
19.2187	6.22563	6.1983	6.24312
19.2924	6.21939	6.19636	6.24446
19.3665	6.22123	6.19597	6.24451
19.4408	6.2235	6.19637	6.2433
19.5154	6.21891	6.19119	6.24411
19.5903	6.21892	6.19418	6.24739
19.6654	6.22165	6.19403	6.24386
19.7409	6.22047	6.19692	6.23959
19.8166	6.21928	6.19931	6.24132
19.8926	6.21685	6.189	6.23776
19.9689	6.22249	6.19091	6.24516
20.0455	6.22561	6.1936	6.24331
20.1224	6.22221	6.19795	6.24639
20.1996	6.22527	6.19616	6.24408
20.2771	6.22865	6.19089	6.24132
20.3549	6.22601	6.19432	6.24167
20.433	6.22576	6.19265	6.24307
20.5114	6.22647	6.19485	6.24606
20.59	6.22734	6.18748	6.24445
20.669	6.22633	6.19728	6.24308
20.7483	6.228	6.19038	6.24884
20.8278	6.22567	6.19266	6.24445
20.9077	6.22611	6.19211	6.24571
20.9879	6.2248	6.19603	6.24567
21.0684	6.22614	6.19021	6.2465
21.1492	6.22312	6.1991	6.24372
21.2303	6.22587	6.19081	6.24334
21.3117	6.2284	6.19328	6.24341
21.3934	6.22723	6.19902	6.2481
21.4754	6.22981	6.19781	6.2457
21.5578	6.22003	6.19841	6.24187
21.6404	6.22791	6.19892	6.24518
21.7234	6.22503	6.19789	6.24226
21.8067	6.22913	6.19702	6.24864
21.8903	6.22821	6.19419	6.24729
21.9742	6.22746	6.19798	6.24493
22.0585	6.23173	6.19686	6.24196
22.143	6.22479	6.19969	6.24387
22.2279	6.22569	6.19792	6.24218
22.3131	6.22458	6.1968	6.24413
22.3986	6.22943	6.19512	6.24527
22.4845	6.22551	6.19299	6.24795
22.5707	6.2291	6.19483	6.25022
22.6572	6.22144	6.19758	6.24977
22.744	6.22477	6.19046	6.24734
22.8312	6.22703	6.19129	6.24797
22.9187	6.22484	6.19079	6.24612
23.0066	6.22662	6.19068	6.24912
23.0947	6.22463	6.1963	6.24669
23.1833	6.22458	6.18975	6.24836
23.2721	6.22392	6.198	6.23932
23.3613	6.22606	6.19632	6.24144
23.4508	6.22139	6.19164	6.24174
23.5407	6.22677	6.19567	6.24349
23.6309	6.22758	6.19325	6.24171
23.7214	6.22409	6.19048	6.24245
23.8123	6.22508	6.19117	6.24203
23.9036	6.22835	6.19755	6.24639
23.9951	6.22666	6.19495	6.24288
24.0871	6.22577	6.18934	6.2438
24.1794	6.23003	6.19361	6.24802
24.272	6.23234	6.19106	6.24383
24.365	6.22887	6.19343	6.24559
24.4583	6.23187	6.19329	6.24482
24.552	6.23213	6.19528	6.24723
24.6461	6.22392	6.19495	6.24622
24.7405	6.22703	6.19908	6.24233
24.8353	6.22584	6.19882	6.24338
24.9304	6.22552	6.1985	6.24574
25.0259	6.22649	6.19603	6.24438
25.1218	6.23058	6.19334	6.25093
25.218	6.22631	6.19521	6.25017
25.3146	6.22334	6.19744	6.24872
25.4116	6.22957	6.19745	6.24703
25.5089	6.22822	6.19896	6.24872
25.6066	6.22498	6.19656	6.24688
25.7047	6.22742	6.19796	6.24732
25.8031	6.22569	6.19722	6.24919
25.9019	6.22823	6.19518	6.24637
26.0011	6.22722	6.19649	6.24634
26.1007	6.22982	6.2026	6.24179
26.2007	6.23013	6.19449	6.24101
26.301	6.22933	6.19324	6.24666
26.4017	6.22366	6.19901	6.24174
26.5028	6.22624	6.19905	6.24578
26.6043	6.22881	6.19767	6.24061
26.7062	6.22924	6.19964	6.24333
26.8084	6.22903	6.19564	6.24442
26.9111	6.22619	6.19302	6.24453
27.0141	6.22701	6.19169	6.24452
27.1176	6.22581	6.19252	6.24357
27.2214	6.2269	6.19053	6.24586
27.3256	6.22876	6.19066	6.24368
27.4302	6.22973	6.19334	6.24003
27.5352	6.23309	6.19242	6.24176
27.6407	6.22721	6.18973	6.24231
27.7465	6.2305	6.18866	6.24347
27.8527	6.23141	6.19301	6.24647
27.9593	6.23091	6.19423	6.24607
28.0664	6.2327	6.19475	6.24302
28.1738	6.22958	6.19671	6.2485
28.2816	6.22836	6.1994	6.24234
28.3899	6.2301	6.19488	6.24465
28.4986	6.23085	6.19981	6.24568
28.6077	6.23123	6.19415	6.24698
28.7172	6.23192	6.20271	6.2501
28.8271	6.23442	6.20003	6.25049
28.9374	6.2305	6.19581	6.25049
29.0482	6.22732	6.20131	6.24837
29.1593	6.23	6.1955	6.24607
29.2709	6.22758	6.20176	6.24331
29.383	6.23052	6.19852	6.24781
29.4954	6.23071	6.20187	6.2474
29.6083	6.23033	6.19865	6.24418
29.7216	6.22969	6.1994	6.23975
29.8354	6.2291	6.19721	6.24573
29.9495	6.22664	6.19471	6.24244
30.0641	6.23092	6.19825	6.24392
30.1792	6.23408	6.19418	6.24434
30.2947	6.22654	6.1966	6.24456
30.4106	6.22855	6.19396	6.23841
30.527	6.23055	6.19277	6.24371
30.6438	6.22739	6.19404	6.24343
30.761	6.22982	6.1954	6.24825
30.8787	6.22892	6.19164	6.24522
30.9969	6.23227	6.19007	6.2457
31.1155	6.23341	6.19339	6.24418
31.2345	6.23027	6.19457	6.24472
31.354	6.23196	6.19432	6.24663
31.474	6.2273	6.19856	6.24892
31.5944	6.2339	6.19607	6.24966
31.7153	6.22877	6.19843	6.24824
31.8366	6.23503	6.20019	6.25014
31.9584	6.2318	6.19758	6.24644
32.0806	6.23447	6.19934	6.25359
32.2034	6.23389	6.19922	6.24993
32.3266	6.23013	6.2005	6.24809
32.4502	6.23376	6.20331	6.24706
32.5743	6.23276	6.20195	6.24956
32.699	6.22877	6.1998	6.24465
32.824	6.23191	6.19872	6.24649
32.9496	6.22853	6.19734	6.24444
33.0756	6.23529	6.19415	6.2433
33.2021	6.23164	6.19747	6.24279
33.3291	6.2338	6.19668	6.2459
33.4566	6.23223	6.1994	6.24076
33.5846	6.22781	6.19585	6.24095
33.713	6.23086	6.19553	6.2463
33.842	6.23009	6.19474	6.24282
33.9714	6.23076	6.19362	6.2469
34.1013	6.22953	6.19501	6.24407
34.2317	6.23386	6.19635	6.24735
34.3626	6.23113	6.19298	6.24776
34.4941	6.2316	6.19284	6.24984
34.626	6.22696	6.19735	6.24831
34.7584	6.22784	6.19812	6.24414
34.8913	6.22901	6.19759	6.25154
35.0247	6.22848	6.19665	6.25048
35.1587	6.23153	6.20127	6.24672
35.2931	6.23154	6.19896	6.24805
35.4281	6.23093	6.19817	6.2496
35.5635	6.22838	6.19643	6.24819
35.6995	6.23308	6.20038	6.24951
35.836	6.23134	6.20005	6.24436
35.973	6.2308	6.19865	6.248
36.1106	6.23103	6.19528	6.25267
36.2487	6.237	6.19524	6.2485
36.3873	6.23402	6.19908	6.24504
36.5264	6.23132	6.19825	6.24841
36.666	6.23007	6.19813	6.2444
36.8062	6.23276	6.19761	6.24466
36.9469	6.2339	6.19669	6.24494
37.0882	6.22908	6.1943	6.2388
37.23	6.2344	6.19713	6.24384
37.3723	6.2333	6.19549	6.24172
37.5152	6.23201	6.19347	6.24393
37.6586	6.23377	6.19488	6.2452
37.8026	6.22695	6.1997	6.2472
37.9471	6.22779	6.19354	6.24747
38.0921	6.22622	6.19752	6.24635
38.2378	6.23461	6.1974	6.24335
38.3839	6.22971	6.19768	6.24696
38.5306	6.2317	6.19938	6.24777
38.6779	6.22954	6.19499	6.2482
38.8258	6.23329	6.19784	6.24904
38.9742	6.23394	6.20126	6.24815
39.1231	6.23375	6.19794	6.24575
39.2727	6.23238	6.19639	6.24536
39.4228	6.23621	6.19945	6.24658
39.5735	6.2298	6.19545	6.24463
39.7247	6.23353	6.19739	6.24673
39.8766	6.2308	6.1962	6.24469
40.029	6.23492	6.19744	6.24373
40.182	6.23551	6.19831	6.24719
40.3355	6.2359	6.1962	6.24648
40.4897	6.23598	6.19662	6.24395
40.6444	6.23567	6.1981	6.24455
40.7998	6.23352	6.19421	6.24754
40.9557	6.23391	6.20037	6.24894
41.1122	6.23224	6.19454	6.24508
41.2693	6.23366	6.19661	6.25041
41.427	6.23005	6.19934	6.24897
41.5853	6.23194	6.19848	6.25036
41.7443	6.231	6.20176	6.25125
41.9038	6.23074	6.19861	6.24652
42.0639	6.22817	6.19565	6.24809
42.2246	6.23011	6.1994	6.24788
42.386	6.23143	6.20056	6.24753
42.548	6.22917	6.19906	6.24813
42.7105	6.23101	6.19986	6.24626
42.8737	6.22973	6.20101	6.24581
43.0376	6.23127	6.19418	6.2486
43.202	6.23114	6.19604	6.24519
43.3671	6.23289	6.19584	6.25042
43.5328	6.23295	6.19907	6.24536
43.6991	6.23412	6.19624	6.24828
43.8661	6.23295	6.19817	6.24688
44.0337	6.23762	6.19453	6.24877
44.2019	6.23311	6.19702	6.2452
44.3708	6.23391	6.20227	6.24443
44.5403	6.23505	6.19711	6.24455
44.7105	6.23619	6.20167	6.24424
44.8813	6.23394	6.19716	6.24289
45.0527	6.23428	6.20073	6.24825
45.2249	6.23479	6.19803	6.2461
45.3976	6.23416	6.19749	6.24645
45.5711	6.22677	6.19932	6.24644
45.7452	6.22486	6.19632	6.24467
45.9199	6.22863	6.19701	6.24457
46.0953	6.22892	6.19791	6.2468
46.2714	6.22927	6.19945	6.24452
46.4482	6.23311	6.19755	6.24308
46.6256	6.22799	6.19618	6.24841
46.8037	6.22809	6.19874	6.24723
46.9825	6.23198	6.19649	6.24442
47.162	6.23415	6.19882	6.24904
47.3421	6.23317	6.19682	6.24666
47.5229	6.23447	6.19669	6.24623
47.7045	6.23552	6.19455	6.24487
47.8867	6.23539	6.20066	6.24672
48.0696	6.23357	6.19636	6.24531
48.2532	6.22989	6.20073	6.24631
48.4375	6.22992	6.19974	6.25071
48.6225	6.22945	6.19678	6.24886
48.8082	6.23327	6.19542	6.24953
48.9946	6.23549	6.19724	6.24699
49.1818	6.23301	6.19668	6.24924
49.3696	6.23261	6.19784	6.24799
49.5582	6.23288	6.19842	6.24348
49.7474	6.23232	6.19925	6.25093
49.9374	6.23237	6.19843	6.24283
50.1281	6.23445	6.19916	6.24678
50.3196	6.23292	6.19779	6.2467
50.5117	6.23375	6.19545	6.24816
50.7047	6.2322	6.19538	6.24681
50.8983	6.23563	6.19601	6.24648
51.0927	6.2359	6.19621	6.24393
51.2878	6.23454	6.19565	6.24485
51.4837	6.23349	6.19698	6.24253
51.6802	6.23464	6.20012	6.24371
51.8776	6.23143	6.19763	6.24457
52.0757	6.23288	6.19817	6.24795
52.2746	6.23355	6.20092	6.24778
52.4742	6.23082	6.20201	6.24889
52.6746	6.23388	6.19834	6.24494
52.8757	6.22949	6.19784	6.24683
53.0776	6.23516	6.20125	6.24748
53.2803	6.23053	6.1968	6.24625
53.4837	6.23335	6.19779	6.2456
53.688	6.23031	6.20036	6.24794
53.8929	6.23212	6.19638	6.2475
54.0987	6.23087	6.19805	6.24325
54.3053	6.23176	6.19472	6.24288
54.5126	6.23337	6.19379	6.24427
54.7208	6.2336	6.19552	6.24297
54.9297	6.22978	6.19501	6.24386
55.1394	6.23332	6.19614	6.24805
55.3499	6.23175	6.19263	6.24587
55.5613	6.22939	6.1986	6.24673
55.7734	6.23386	6.19929	6.24806
55.9864	6.2315	6.19818	6.24917
56.2001	6.23385	6.19794	6.24617
56.4147	6.23486	6.19791	6.24653
56.63	6.23331	6.19837	6.24555
56.8462	6.23338	6.19789	6.24575
57.0633	6.23484	6.19639	6.2446
57.2811	6.23343	6.19544	6.24389
57.4998	6.23234	6.19556	6.24313
57.7193	6.2323	6.18966	6.24274
57.9397	6.23273	6.1946	6.24341
58.1608	6.23542	6.19485	6.24182
58.3829	6.23466	6.19281	6.24209
58.6057	6.22998	6.19541	6.24188
58.8295	6.23164	6.19384	6.2459
59.054	6.22837	6.19474	6.24747
59.2795	6.23102	6.19923	6.24453
59.5058	6.23529	6.20003	6.24674
59.7329	6.23577	6.19834	6.24821
59.9609	6.23598	6.19731	6.24873
60.1898	6.23476	6.19757	6.24382
60.4196	6.2323	6.19591	6.24625
60.6502	6.23263	6.20124	6.24433
60.8817	6.23283	6.19864	6.24493
61.1141	6.23239	6.19748	6.2438
61.3474	6.2297	6.19622	6.24367
61.5815	6.23359	6.19285	6.24573
61.8166	6.23154	6.19498	6.24367
62.0525	6.23091	6.1937	6.24314
62.2894	6.23001	6.19713	6.24096
62.5271	6.23138	6.19504	6.24485
62.7658	6.23355	6.19591	6.24545
63.0053	6.23316	6.19752	6.24689
63.2458	6.23312	6.19809	6.245
63.4872	6.23134	6.19723	6.24696
63.7295	6.23296	6.19601	6.24567
63.9728	6.23399	6.19747	6.24548
64.2169	6.2351	6.19923	6.246
64.462	6.23102	6.19597	6.24323
64.708	6.23161	6.19611	6.24427
64.955	6.23366	6.19632	6.24191
65.2029	6.23119	6.19403	6.24331
65.4517	6.23062	6.197	6.24595
65.7015	6.23031	6.19728	6.24433
65.9523	6.23283	6.19643	6.24323
66.2039	6.23427	6.19584	6.24419
66.4566	6.23144	6.19662	6.24475
66.7102	6.23294	6.19821	6.24648
66.9648	6.23175	6.19836	6.24746
67.2204	6.2349	6.19979	6.24796
67.4769	6.23327	6.19753	6.24652
67.7344	6.23138	6.19634	6.2431
67.9929	6.23327	6.1928	6.24266
68.2523	6.23084	6.19556	6.24318
68.5128	6.23134	6.19839	6.24285
68.7742	6.23237	6.19536	6.23919
69.0367	6.23549	6.19739	6.24143
69.3001	6.23109	6.1939	6.24136
69.5646	6.23428	6.19529	6.24165
69.83	6.23415	6.19657	6.24356
70.0965	6.22972	6.19777	6.24186
70.364	6.2342	6.19737	6.24503
70.6324	6.22884	6.19814	6.24651
70.902	6.23312	6.1949	6.24463
71.1725	6.23296	6.19469	6.24504
71.4441	6.23157	6.19614	6.24527
71.7167	6.22984	6.19581	6.24796
71.9903	6.23166	6.19681	6.24051
72.265	6.23087	6.19755	6.2432
72.5407	6.22951	6.19337	6.23971
72.8175	6.23197	6.19658	6.24106
73.0954	6.23191	6.19734	6.24283
73.3743	6.23327	6.19721	6.24411
73.6542	6.23388	6.19659	6.24185
73.9352	6.23359	6.19646	6.24287
74.2173	6.2343	6.19578	6.24377
74.5005	6.23352	6.19603	6.23981
74.7848	6.23426	6.19722	6.24558
75.0701	6.23304	6.19498	6.2419
75.3565	6.23029	6.19019	6.24223
75.644	6.22965	6.19404	6.24043
75.9326	6.22977	6.19513	6.24519
76.2223	6.22899	6.19525	6.24316
76.5131	6.2332	6.19583	6.24195
76.805	6.23261	6.19694	6.24323
77.098	6.23441	6.19754	6.24513
77.3922	6.23331	6.20041	6.24259
77.6874	6.23287	6.19705	6.24488
77.9838	6.23137	6.19518	6.24563
78.2813	6.22925	6.19521	6.24652
78.5799	6.23048	6.1968	6.24313
78.8797	6.23161	6.19799	6.24355
79.1806	6.23031	6.19738	6.2413
79.4827	6.23231	6.19628	6.24173
79.7859	6.23076	6.19446	6.24209
80.0903	6.23333	6.1973	6.23896
80.3958	6.233	6.19622	6.24458
80.7025	6.23213	6.19379	6.24433
81.0104	6.23165	6.19365	6.24564
81.3194	6.23226	6.19512	6.24648
81.6296	6.22928	6.19476	6.24502
81.941	6.22925	6.1942	6.24296
82.2536	6.23081	6.19211	6.24357
82.5674	6.23392	6.19265	6.24311
82.8823	6.23022	6.19635	6.2436
83.1985	6.23035	6.19509	6.24152
83.5158	6.22978	6.19898	6.23984
83.8344	6.23429	6.19769	6.24325
84.1542	6.23144	6.19449	6.24529
84.4752	6.22983	6.19641	6.2453
84.7974	6.23405	6.19667	6.24624
85.1209	6.23441	6.1968	6.24203
85.4456	6.23506	6.19116	6.24418
85.7715	6.23216	6.19182	6.23949
86.0986	6.23327	6.19144	6.24017
86.4271	6.23057	6.19298	6.23976
86.7567	6.23145	6.19512	6.24051
87.0876	6.2328	6.19327	6.23865
87.4198	6.23236	6.19452	6.23906
87.7533	6.2287	6.19696	6.24281
88.088	6.23077	6.19436	6.24247
88.4239	6.232	6.19398	6.24301
88.7612	6.23247	6.19593	6.24257
89.0997	6.23274	6.19358	6.24241
89.4396	6.23226	6.19454	6.24301
89.7807	6.23479	6.19608	6.24439
90.1231	6.23332	6.19622	6.24216
90.4669	6.23114	6.19574	6.2397
90.8119	6.22894	6.19794	6.23983
91.1583	6.22865	6.19541	6.24145
91.5059	6.2326	6.19422	6.24127
91.8549	6.23352	6.19748	6.24123
92.2053	6.23381	6.19512	6.24117
92.5569	6.22998	6.19372	6.24142
92.9099	6.2342	6.19594	6.24204
93.2643	6.2318	6.1982	6.24097
93.6199	6.22815	6.19684	6.24098
93.977	6.2292	6.1952	6.24324
94.3354	6.23124	6.19508	6.24227
94.6952	6.23067	6.19659	6.24117
95.0563	6.22917	6.19616	6.24266
95.4188	6.23107	6.19541	6.24365
95.7827	6.23256	6.19459	6.24288
96.148	6.2323	6.19355	6.2435
96.5147	6.23197	6.19363	6.24158
96.8827	6.23141	6.19569	6.23995
97.2522	6.2307	6.19522	6.24292
97.6231	6.22966	6.19768	6.24136
97.9954	6.22995	6.19506	6.2403
98.3691	6.23238	6.19266	6.24097
98.7442	6.2342	6.19416	6.24124
99.1208	6.23194	6.19394	6.24164
99.4988	6.23303	6.19322	6.24112
99.8782	6.23181	6.19645	6.24279
100.259	6.2327	6.19596	6.24321
100.641	6.23026	6.19445	6.23956
101.025	6.22923	6.19914	6.2375
101.41	6.23092	6.19696	6.23698
101.797	6.23254	6.19342	6.24063
102.185	6.23095	6.19439	6.23945
102.575	6.23373	6.19097	6.24191
102.966	6.23257	6.19437	6.24316
103.359	6.22946	6.19804	6.24118
103.753	6.22915	6.19712	6.23847
104.148	6.23237	6.19826	6.23623
104.546	6.23039	6.19554	6.23886
104.944	6.22821	6.19141	6.23904
105.344	6.22766	6.19258	6.23676
105.746	6.2332	6.19365	6.23887
106.149	6.231	6.19118	6.2421
106.554	6.23157	6.19506	6.24079
106.96	6.23348	6.19495	6.23914
107.368	6.23103	6.19636	6.23545
107.778	6.22981	6.19424	6.23674
108.189	6.22801	6.19316	6.2379
108.601	6.23052	6.19332	6.24007
109.015	6.23164	6.19022	6.24247
109.431	6.23183	6.18997	6.24018
109.848	6.23305	6.19525	6.23834
110.267	6.23536	6.19567	6.23928
110.687	6.23074	6.19587	6.23709
111.109	6.22913	6.19454	6.23819
111.533	6.22824	6.19229	6.23916
111.958	6.22767	6.19089	6.23766
112.385	6.22847	6.19125	6.23949
112.814	6.22923	6.19173	6.23992
113.244	6.23286	6.19234	6.2421
113.676	6.23238	6.19342	6.24299
114.109	6.23024	6.19454	6.23864
114.544	6.23184	6.19613	6.23919
114.981	6.22952	6.19265	6.23674
115.419	6.22908	6.19133	6.24025
115.859	6.22918	6.19224	6.23835
116.301	6.22906	6.19365	6.23926
116.744	6.23185	6.18979	6.2401
117.189	6.23129	6.19161	6.23963
117.636	6.23007	6.19526	6.23624
118.085	6.23268	6.19341	6.23868
118.535	6.23301	6.19574	6.23852
118.987	6.22957	6.19681	6.23648
119.44	6.229	6.1923	6.23751
119.896	6.22948	6.1913	6.23708
120.353	6.23283	6.19287	6.23679
120.812	6.23295	6.19418	6.23801
121.272	6.23114	6.1959	6.23688
121.735	6.23091	6.19325	6.23664
122.199	6.23109	6.19146	6.23597
122.665	6.22997	6.19206	6.23726
123.132	6.22873	6.19349	6.23652
123.602	6.23124	6.19199	6.23909
124.073	6.23228	6.19094	6.23786
124.546	6.23163	6.19372	6.23884
125.021	6.22883	6.19438	6.23572
125.497	6.22961	6.19125	6.23651
125.976	6.22885	6.19372	6.23504
126.456	6.23182	6.19347	6.236
126.938	6.22901	6.18982	6.23968
127.422	6.22797	6.19131	6.23639
127.908	6.22912	6.19047	6.23485
128.395	6.22663	6.19228	6.23791
128.885	6.22928	6.19437	6.23839
129.376	6.22724	6.19297	6.23539
129.869	6.22588	6.19131	6.2373
130.364	6.2304	6.19122	6.23842
130.861	6.22952	6.19171	6.23743
131.36	6.23125	6.19212	6.23992
131.861	6.22615	6.19574	6.2373
132.364	6.22427	6.19312	6.23618
132.868	6.227	6.19351	6.23616
133.375	6.2294	6.19112	6.23566
133.883	6.2296	6.1902	6.23864
134.393	6.22711	6.19138	6.23921
134.906	6.22754	6.19258	6.23666
135.42	6.22525	6.19396	6.23474
135.936	6.22552	6.19246	6.23546
136.454	6.22969	6.19392	6.23602
136.975	6.23033	6.19118	6.23715
137.497	6.22952	6.19138	6.23827
138.021	6.22693	6.18875	6.23862
138.547	6.22553	6.1904	6.23924
139.075	6.22777	6.19385	6.24005
139.605	6.22649	6.19417	6.23429
140.137	6.22808	6.19174	6.23443
140.671	6.22563	6.19083	6.2376
141.208	6.22929	6.19049	6.23849
141.746	6.22936	6.19124	6.23394
142.286	6.22358	6.19105	6.23455
142.829	6.22472	6.19394	6.23114
143.373	6.22741	6.191	6.23288
143.919	6.22808	6.19131	6.2375
144.468	6.22739	6.18869	6.23931
145.019	6.22424	6.19101	6.23856
145.571	6.22537	6.19101	6.23668
146.126	6.22612	6.18995	6.23373
146.683	6.22781	6.18914	6.23127
147.242	6.22751	6.18898	6.2326
147.804	6.2272	6.18926	6.2361
148.367	6.22413	6.19111	6.24062
148.932	6.22721	6.1925	6.236
149.5	6.2259	6.1911	6.23481
150.07	6.22613	6.1909	6.23486
150.642	6.22508	6.18801	6.23542
151.216	6.22655	6.18853	6.23721
151.792	6.22697	6.18828	6.2387
152.371	6.22517	6.18938	6.23425
152.952	6.22492	6.19025	6.23394
153.535	6.22681	6.19105	6.23162
154.12	6.22827	6.18857	6.2338
154.707	6.23116	6.18777	6.23347
155.297	6.2274	6.1872	6.23502
155.889	6.22324	6.19005	6.23407
156.483	6.22582	6.19254	6.23437
157.079	6.22673	6.1931	6.23432
157.678	6.22837	6.19094	6.23678
158.279	6.22618	6.1896	6.23751
158.882	6.22666	6.18904	6.23619
159.488	6.22627	6.18968	6.23508
160.096	6.22682	6.19167	6.23444
160.706	6.22603	6.19012	6.23507
161.318	6.22556	6.19009	6.23568
161.933	6.22632	6.1885	6.23496
162.55	6.22738	6.18827	6.2331
163.17	6.22343	6.18879	6.23442
163.792	6.22746	6.1901	6.23199
164.416	6.22978	6.18866	6.23293
165.043	6.22872	6.18929	6.23468
165.672	6.22494	6.18844	6.23606
166.303	6.22404	6.19008	6.23364
166.937	6.2253	6.1908	6.23401
167.573	6.22857	6.19115	6.23068
168.212	6.23075	6.18875	6.2345
168.853	6.22544	6.19022	6.2369
169.496	6.22532	6.19119	6.23287
170.142	6.22452	6.18923	6.23071
170.791	6.22341	6.19034	6.23241
171.441	6.22674	6.18794	6.23308
172.095	6.22505	6.18882	6.23295
172.751	6.22359	6.1873	6.23294
173.409	6.22371	6.1866	6.2304
174.07	6.22381	6.18997	6.23421
174.733	6.22431	6.19001	6.23289
175.399	6.22703	6.18807	6.2311
176.068	6.22313	6.1864	6.23331
176.739	6.22403	6.18889	6.23272
177.412	6.22581	6.1895	6.23184
178.088	6.22276	6.18816	6.23217
178.767	6.22163	6.18965	6.23348
179.448	6.22179	6.18574	6.23232
180.132	6.22295	6.18822	6.23291
180.818	6.22439	6.18925	6.2325
181.507	6.22383	6.18985	6.23338
182.199	6.22156	6.18784	6.2325
182.893	6.22527	6.18798	6.23177
183.59	6.22366	6.18793	6.23273
184.29	6.22636	6.18735	6.23339
184.992	6.22442	6.18851	6.23169
185.697	6.22208	6.18953	6.22989
186.405	6.22079	6.18819	6.23332
187.115	6.22377	6.18771	6.23635
187.828	6.2248	6.18797	6.23186
188.544	6.22681	6.1865	6.23149
189.263	6.22418	6.18431	6.23011
189.984	6.22519	6.18522	6.23132
190.708	6.22586	6.18744	6.2288
191.435	6.2235	6.18815	6.23119
192.164	6.22329	6.18504	6.23135
192.896	6.22345	6.18674	6.2321
193.631	6.22313	6.18477	6.23076
194.369	6.22559	6.18595	6.22873
195.11	6.22424	6.18565	6.2306
195.853	6.22181	6.18315	6.2311
196.6	6.22477	6.18665	6.23104
197.349	6.22706	6.18689	6.23044
198.101	6.22634	6.18567	6.22937
198.856	6.22216	6.18491	6.23187
199.613	6.21953	6.18517	6.23173
200.374	6.22333	6.18726	6.23054
201.138	6.22313	6.18837	6.2273
201.904	6.22522	6.18805	6.22819
202.673	6.21984	6.18466	6.23201
203.446	6.22182	6.18412	6.23307
204.221	6.22226	6.18568	6.22767
204.999	6.22377	6.18503	6.22921
205.78	6.22025	6.18366	6.22761
206.564	6.22256	6.18556	6.22913
207.352	6.21953	6.18608	6.22963
208.142	6.22084	6.18501	6.23018
208.935	6.22186	6.18565	6.22564
209.731	6.22119	6.18446	6.22681
210.53	6.22071	6.18521	6.22831
211.332	6.22326	6.18623	6.22792
212.137	6.22158	6.18624	6.22851
212.946	6.22131	6.18335	6.22543
213.757	6.22087	6.18342	6.23232
214.572	6.2204	6.18552	6.22907
215.389	6.22126	6.18396	6.22588
216.21	6.21984	6.18228	6.22566
217.034	6.21846	6.18528	6.22884
217.861	6.22012	6.18436	6.22979
218.691	6.22	6.18575	6.22612
219.524	6.22057	6.182	6.22547
220.361	6.21626	6.18349	6.22785
221.2	6.21931	6.18382	6.22984
222.043	6.22043	6.18512	6.22962
222.889	6.2188	6.18659	6.22809
223.738	6.21737	6.18363	6.22577
224.591	6.21924	6.17982	6.22917
225.447	6.22139	6.18546	6.22649
226.306	6.22117	6.18649	6.22717
227.168	6.21806	6.18241	6.22896
228.033	6.22096	6.18303	6.23009
228.902	6.22029	6.18404	6.22663
229.774	6.22136	6.18287	6.2269
230.65	6.22111	6.18285	6.22892
231.529	6.21765	6.18303	6.23146
232.411	6.21969	6.18317	6.22788
233.296	6.22187	6.18164	6.22699
234.185	6.21957	6.18082	6.22753
235.078	6.21828	6.18185	6.22775
235.973	6.2203	6.18308	6.22783
236.872	6.22095	6.18091	6.22653
237.775	6.21638	6.18044	6.23082
238.681	6.21898	6.17851	6.22871
239.59	6.21918	6.18243	6.22452
240.503	6.22202	6.18193	6.22292
241.419	6.21674	6.17912	6.22865
242.339	6.21691	6.18126	6.22594
243.263	6.22054	6.18226	6.22607
244.189	6.22108	6.17896	6.22564
245.12	6.21643	6.18007	6.2251
246.054	6.21782	6.18146	6.22758
246.991	6.21929	6.17782	6.22629
247.932	6.21721	6.1782	6.22437
248.877	6.21497	6.17881	6.22896
249.825	6.22043	6.18238	6.22607
250.777	6.21883	6.18108	6.22359
251.732	6.21652	6.18066	6.22404
252.691	6.22127	6.17912	6.22929
253.654	6.22004	6.17938	6.22699
254.62	6.21731	6.17744	6.22487
255.591	6.21766	6.18093	6.22245
256.564	6.21722	6.17987	6.22288
257.542	6.21832	6.17748	6.22145
258.523	6.21762	6.18093	6.22046
259.508	6.21853	6.18078	6.22255
260.497	6.21767	6.17869	6.22354
261.489	6.21559	6.17645	6.22296
262.485	6.21567	6.17671	6.22424
263.485	6.2184	6.17989	6.22165
264.489	6.21734	6.17859	6.22104
265.497	6.21584	6.17789	6.22196
266.508	6.21504	6.1783	6.22228
267.524	6.21716	6.17945	6.22294
268.543	6.21615	6.17758	6.22059
269.566	6.2136	6.17843	6.22102
270.593	6.21928	6.17828	6.2223
271.624	6.21727	6.17862	6.22041
272.659	6.21626	6.17664	6.22061
273.698	6.21768	6.17901	6.22111
274.74	6.21559	6.17757	6.22012
275.787	6.21493	6.17615	6.21825
276.838	6.21449	6.17981	6.2198
277.892	6.2172	6.17753	6.22153
278.951	6.21567	6.17539	6.21939
280.014	6.21454	6.17655	6.22073
281.081	6.21503	6.178	6.22032
282.151	6.21672	6.17522	6.21896
283.226	6.21353	6.1765	6.22132
284.305	6.21456	6.17872	6.21784
285.388	6.21658	6.17474	6.21955
286.476	6.21527	6.17668	6.2205
287.567	6.21477	6.17791	6.22028
288.663	6.21376	6.17484	6.21874
289.762	6.21559	6.17611	6.22012
290.866	6.21436	6.17612	6.21996
291.974	6.21519	6.17301	6.2175
293.087	6.21349	6.17455	6.21807
294.203	6.21411	6.17576	6.22104
295.324	6.21416	6.1744	6.21835
296.449	6.21464	6.17253	6.21632
297.578	6.21223	6.17472	6.21966
298.712	6.21377	6.17318	6.21705
300	6.21468	6.1734	6.21662