5.75E-4	8.24646	8.18759	8.22023	8.16684	8.24646
0.00115	8.28315	8.33203	8.34249	8.20851	8.28315
0.001725	8.22942	8.25625	8.39831	8.09669	8.22942
0.0023	8.19377	8.28567	8.25432	8.01743	8.19377
0.002875	8.17228	8.24279	8.26452	7.96759	8.17228
0.0034625	8.15586	8.18052	8.30787	7.98849	8.15586
0.00405	8.18904	8.2441	8.321	8.0264	8.18904
0.004625	8.17792	8.20754	8.25564	8.04709	8.17792
0.005225	8.1637	8.2312	8.29804	8.08639	8.1637
0.0058125	8.15543	8.209	8.2611	8.02341	8.15543
0.0064	8.10279	8.19801	8.23654	8.03649	8.10279
0.007	8.19189	8.24738	8.2655	8.04428	8.19189
0.0076	8.16076	8.20801	8.20338	8.02923	8.16076
0.0082	8.15675	8.21959	8.21683	8.03458	8.15675
0.0088	8.12741	8.19849	8.19924	8.06681	8.12741
0.0094	8.11897	8.19614	8.20708	7.95413	8.11897
0.0100125	8.14958	8.17486	8.20985	8.02442	8.14958
0.010625	8.06585	8.18905	8.1908	8.00439	8.06585
0.0112375	8.13068	8.20239	8.24435	8.00987	8.13068
0.01185	8.04879	8.11107	8.2162	7.97621	8.04879
0.0124625	8.01714	8.16423	8.16957	8.00689	8.01714
0.013075	8.15029	8.1129	8.15326	8.00526	8.15029
0.0137	8.19134	8.13222	8.2398	7.9762	8.19134
0.014325	8.07581	8.14628	8.16784	7.97919	8.07581
0.01495	8.08108	8.10445	8.19672	7.98965	8.08108
0.015575	8.09918	8.14113	8.21198	7.97534	8.09918
0.0162125	8.07127	8.10248	8.16504	7.92769	8.07127
0.0168375	8.10047	8.18167	8.14085	7.97349	8.10047
0.017475	8.0687	8.12759	8.18069	8.00034	8.0687
0.0181125	8.0652	8.13234	8.16562	7.97823	8.0652
0.01875	8.09706	8.0947	8.13007	7.95545	8.09706
0.0194	7.99883	8.11902	8.20943	7.92522	7.99883
0.0200375	8.00715	8.08159	8.22216	7.91146	8.00715
0.0206875	8.07714	8.15545	8.16228	7.90244	8.07714
0.0213375	8.08382	8.06898	8.07045	7.93191	8.08382
0.0219875	8.0812	8.12391	8.07692	7.95115	8.0812
0.02265	8.0565	8.15649	8.13247	7.95272	8.0565
0.0233	8.11173	8.09551	8.12371	7.96183	8.11173
0.0239625	8.05182	8.14722	8.12234	7.97853	8.05182
0.024625	8.05431	8.07641	8.17567	7.88124	8.05431
0.0252875	8.00442	8.04403	8.14632	7.92006	8.00442
0.0259625	7.97846	8.10295	8.06516	7.95144	7.97846
0.026625	8.09007	8.13233	8.08211	7.89075	8.09007
0.0273	8.04573	8.07594	8.09115	7.94242	8.04573
0.027975	7.96546	8.05575	8.12371	7.95042	7.96546
0.02865	7.96083	8.0748	8.07438	7.9415	7.96083
0.0293375	7.99405	8.05478	8.07698	7.85373	7.99405
0.0300125	7.99948	8.06893	8.12115	7.92919	7.99948
0.0307	7.98473	8.09809	8.04776	7.89584	7.98473
0.0313875	8.0579	8.05734	8.06991	7.95984	8.0579
0.0320875	8.00958	8.06987	8.12836	7.89423	8.00958
0.032775	7.95056	8.05643	8.1009	7.89593	7.95056
0.033475	7.9364	8.04381	8.06506	7.90504	7.9364
0.034175	8.00545	8.08299	8.14731	7.89836	8.00545
0.034875	7.99327	8.05487	8.13055	7.86839	7.99327
0.035575	7.97515	8.04639	8.09137	7.85655	7.97515
0.0362875	8.00039	8.01053	8.08494	7.87839	8.00039
0.0369875	7.99539	8.03309	8.05338	7.89561	7.99539
0.0377	8.00185	8.03216	8.11405	7.89222	8.00185
0.0384125	8.04888	8.03957	8.10401	7.89371	8.04888
0.0391375	7.99802	8.04948	8.09388	7.92462	7.99802
0.03985	7.9624	8.00826	8.06822	7.93728	7.9624
0.040575	7.94422	8.01623	8.07497	7.87933	7.94422
0.0413	8.00048	8.05818	8.1382	7.91727	8.00048
0.0420375	7.97405	8.0195	8.0947	7.90443	7.97405
0.0427625	7.9819	8.03119	8.08659	7.90097	7.9819
0.0435	8.00806	8.04704	8.09807	7.88786	8.00806
0.0442375	7.98852	8.01481	8.05255	7.91517	7.98852
0.044975	7.9595	8.04213	8.0946	7.90507	7.9595
0.0457125	7.96923	8.05629	8.03848	7.87929	7.96923
0.0464625	8.01432	7.9944	8.12996	7.96042	8.01432
0.0472125	8.00579	8.02414	8.09305	7.92973	8.00579
0.0479625	7.95404	8.02787	8.07343	7.90779	7.95404
0.0487125	7.947	7.9956	8.07116	7.87046	7.947
0.049475	7.97345	8.004	8.03197	7.90229	7.97345
0.050225	7.91738	8.02109	8.068	7.87007	7.91738
0.0509875	7.9357	8.02728	8.09451	7.92826	7.9357
0.0517625	7.95583	8.00821	8.08257	7.90347	7.95583
0.052525	7.9487	8.04042	8.0843	7.89599	7.9487
0.0533	7.92732	8.02014	8.04666	7.8637	7.92732
0.054075	7.98241	8.0164	8.12366	7.92746	7.98241
0.05485	8.00791	8.04277	8.11478	7.87378	8.00791
0.055625	7.95197	8.06725	8.09387	7.91968	7.95197
0.0564125	7.98127	8.00984	8.07592	7.89595	7.98127
0.0572	7.91244	7.98442	8.08055	7.92387	7.91244
0.0579875	7.9959	8.02075	8.08198	7.91241	7.9959
0.058775	7.96592	7.98536	8.0602	7.93909	7.96592
0.059575	7.96559	7.96422	8.01525	7.92303	7.96559
0.060375	7.93428	8.00847	8.06431	7.89674	7.93428
0.061175	7.9087	8.02187	8.05767	7.92759	7.9087
0.061975	7.9707	8.03356	8.04752	7.89531	7.9707
0.0627875	7.92419	7.97797	8.0631	7.95856	7.92419
0.0636	7.93919	8.01941	8.00237	7.92892	7.93919
0.0644125	7.96379	8.00893	8.05402	7.86736	7.96379
0.065225	7.91945	8.01349	8.03996	7.88986	7.91945
0.0660375	7.93675	7.99092	8.01105	7.92019	7.93675
0.0668625	7.99577	8.03249	8.06369	7.89571	7.99577
0.0676875	7.91821	7.9892	8.01387	7.94563	7.91821
0.068525	7.91294	7.99605	8.05241	7.9434	7.91294
0.06935	7.9592	7.95529	8.01672	7.91588	7.9592
0.0701875	7.87167	7.97402	8.03659	7.9328	7.87167
0.071025	7.9521	7.96236	8.08381	7.89491	7.9521
0.0718625	7.89393	7.9571	8.02109	7.89376	7.89393
0.0727125	7.89039	7.93001	8.00251	7.91211	7.89039
0.0735625	7.94642	7.96196	8.01321	7.93841	7.94642
0.0744125	7.95321	7.97725	8.05472	7.83887	7.95321
0.0752625	7.91071	7.93418	8.04775	7.83094	7.91071
0.076125	7.91978	7.90814	8.02708	7.92342	7.91978
0.0769875	7.87204	7.93427	8.01661	7.89165	7.87204
0.07785	7.946	7.92499	8.01078	7.86009	7.946
0.0787125	7.92701	7.96436	8.0308	7.86339	7.92701
0.0795875	7.85626	7.92879	8.01953	7.89421	7.85626
0.0804625	7.88381	7.92389	8.02459	7.8612	7.88381
0.0813375	7.90305	7.89927	8.01436	7.88537	7.90305
0.082225	7.89927	7.96921	8.04421	7.89744	7.89927
0.0831	7.88888	7.94557	7.99111	7.8363	7.88888
0.0839875	7.91808	7.88673	8.02227	7.88427	7.91808
0.0848875	7.83187	7.89379	7.97671	7.8944	7.83187
0.085775	7.84563	7.88354	7.96313	7.85434	7.84563
0.086675	7.84889	7.90479	8.03492	7.89328	7.84889
0.087575	7.88848	7.93986	7.99259	7.89607	7.88848
0.088475	7.8847	7.9165	7.9908	7.80571	7.8847
0.0893875	7.87652	7.90304	7.97058	7.82407	7.87652
0.0903	7.86854	7.94341	7.96605	7.89035	7.86854
0.0912125	7.91944	7.95533	7.98006	7.83271	7.91944
0.0921375	7.85074	7.89078	7.96706	7.79886	7.85074
0.09305	7.89028	7.91041	7.95365	7.90053	7.89028
0.0939875	7.87823	7.88473	7.96773	7.85676	7.87823
0.0949125	7.83872	7.89729	7.93166	7.85818	7.83872
0.0958375	7.87928	7.90831	7.97285	7.82379	7.87928
0.096775	7.87988	7.869	7.96108	7.80007	7.87988
0.097725	7.87437	7.91062	7.95002	7.78795	7.87437
0.0986625	7.84481	7.89093	7.97573	7.79899	7.84481
0.0996125	7.83187	7.86126	7.96042	7.82402	7.83187
0.100562	7.85828	7.8396	7.98362	7.84301	7.85828
0.101512	7.81807	7.83705	8.01537	7.79124	7.81807
0.102475	7.83974	7.82856	7.92978	7.8615	7.83974
0.103437	7.84899	7.86497	7.89615	7.81373	7.84899
0.1044	7.84685	7.86314	7.91594	7.77356	7.84685
0.105362	7.85335	7.81025	7.88781	7.81	7.85335
0.106338	7.8361	7.84678	7.93852	7.79909	7.8361
0.107313	7.7961	7.85292	7.97052	7.81683	7.7961
0.1083	7.79774	7.82077	7.92708	7.7747	7.79774
0.109275	7.79561	7.86269	7.91394	7.82804	7.79561
0.110262	7.77119	7.87197	7.8998	7.79155	7.77119
0.11125	7.78959	7.90442	7.91606	7.81857	7.78959
0.11225	7.80015	7.87055	7.89825	7.81623	7.80015
0.11325	7.85979	7.85288	7.92507	7.8213	7.85979
0.11425	7.85142	7.85739	7.91012	7.78569	7.85142
0.115263	7.81408	7.85989	7.89764	7.81024	7.81408
0.116263	7.79411	7.8302	7.86697	7.73563	7.79411
0.117288	7.83005	7.8347	7.92604	7.80766	7.83005
0.1183	7.81634	7.86283	7.93972	7.76052	7.81634
0.119325	7.77264	7.83106	7.81256	7.80364	7.77264
0.12035	7.79768	7.83397	7.85439	7.74914	7.79768
0.121375	7.79937	7.82231	7.91383	7.76978	7.79937
0.122413	7.7989	7.81297	7.92745	7.74393	7.7989
0.12345	7.79045	7.83409	7.87939	7.77793	7.79045
0.124487	7.81596	7.8361	7.85416	7.74005	7.81596
0.125537	7.77254	7.8483	7.84274	7.74117	7.77254
0.126587	7.7844	7.81484	7.87316	7.79119	7.7844
0.127638	7.78525	7.83319	7.88773	7.75491	7.78525
0.128688	7.79842	7.79585	7.87413	7.71228	7.79842
0.12975	7.75544	7.84138	7.86808	7.75911	7.75544
0.130825	7.78748	7.85137	7.8823	7.7376	7.78748
0.131887	7.74656	7.85734	7.86169	7.74765	7.74656
0.132962	7.77995	7.78136	7.8872	7.73712	7.77995
0.134037	7.75565	7.80033	7.85476	7.72281	7.75565
0.135125	7.79833	7.83594	7.88615	7.7517	7.79833
0.1362	7.75969	7.78097	7.85754	7.69522	7.75969
0.1373	7.78577	7.82577	7.82994	7.75066	7.78577
0.138388	7.78819	7.80418	7.85696	7.75167	7.78819
0.139488	7.72505	7.82951	7.89928	7.69713	7.72505
0.140587	7.70654	7.78978	7.86416	7.71517	7.70654
0.1417	7.75071	7.81497	7.84602	7.72586	7.75071
0.142813	7.73314	7.83135	7.79766	7.77156	7.73314
0.143925	7.74413	7.78991	7.85496	7.73969	7.74413
0.145038	7.69355	7.78924	7.81418	7.71115	7.69355
0.146162	7.74241	7.82996	7.8384	7.71702	7.74241
0.147288	7.75075	7.78697	7.891	7.71252	7.75075
0.148425	7.75924	7.7935	7.84483	7.70828	7.75924
0.149562	7.75411	7.78807	7.84057	7.7394	7.75411
0.1507	7.75832	7.78439	7.85809	7.66637	7.75832
0.15185	7.73943	7.78365	7.88081	7.74348	7.73943
0.153	7.73093	7.7418	7.82007	7.70891	7.73093
0.15415	7.78898	7.76856	7.81904	7.69322	7.78898
0.155312	7.72361	7.79172	7.83217	7.70744	7.72361
0.156475	7.70311	7.74228	7.82106	7.73568	7.70311
0.157638	7.73326	7.79843	7.83909	7.71409	7.73326
0.158812	7.7534	7.80134	7.79088	7.71289	7.7534
0.159987	7.71827	7.72891	7.79968	7.70685	7.71827
0.161162	7.70824	7.7281	7.81107	7.68984	7.70824
0.16235	7.7136	7.74327	7.78551	7.68341	7.7136
0.163538	7.74568	7.7607	7.79892	7.68576	7.74568
0.164737	7.66716	7.78052	7.83905	7.71777	7.66716
0.165925	7.72979	7.73252	7.81392	7.65641	7.72979
0.167138	7.69693	7.75422	7.84361	7.6793	7.69693
0.168337	7.68587	7.72863	7.78265	7.7126	7.68587
0.16955	7.68466	7.74879	7.86226	7.65014	7.68466
0.170775	7.70356	7.73687	7.8313	7.69856	7.70356
0.171988	7.67955	7.76081	7.78512	7.6927	7.67955
0.173212	7.73194	7.7322	7.81154	7.68238	7.73194
0.17445	7.68986	7.74222	7.82914	7.69079	7.68986
0.175688	7.66822	7.70666	7.81667	7.6251	7.66822
0.176925	7.70606	7.72967	7.77222	7.68777	7.70606
0.178175	7.70947	7.73513	7.76062	7.68864	7.70947
0.179412	7.68327	7.73894	7.77534	7.65539	7.68327
0.180675	7.6623	7.73021	7.78481	7.64721	7.6623
0.181938	7.64196	7.72394	7.79214	7.69145	7.64196
0.1832	7.68616	7.75023	7.75041	7.66628	7.68616
0.184463	7.69531	7.6827	7.75601	7.63958	7.69531
0.185738	7.69318	7.73236	7.78259	7.65074	7.69318
0.187012	7.66053	7.71258	7.7615	7.62762	7.66053
0.1883	7.63922	7.7034	7.743	7.62901	7.63922
0.189588	7.66636	7.72815	7.77577	7.65284	7.66636
0.190875	7.63118	7.74247	7.76674	7.66092	7.63118
0.192175	7.62258	7.68005	7.71108	7.65861	7.62258
0.193487	7.64469	7.69729	7.74906	7.60915	7.64469
0.194788	7.66981	7.70711	7.72434	7.62489	7.66981
0.1961	7.66265	7.67305	7.76888	7.64823	7.66265
0.197425	7.69094	7.66433	7.72665	7.64151	7.69094
0.198738	7.68866	7.77501	7.75232	7.65102	7.68866
0.200075	7.65307	7.68262	7.74257	7.60706	7.65307
0.2014	7.6316	7.67886	7.75354	7.67346	7.6316
0.202737	7.65711	7.70918	7.76135	7.65662	7.65711
0.204087	7.65071	7.68831	7.70828	7.61119	7.65071
0.205437	7.67348	7.70707	7.73469	7.61568	7.67348
0.206787	7.651	7.65825	7.72582	7.62614	7.651
0.20815	7.63617	7.64696	7.74935	7.61019	7.63617
0.209513	7.6234	7.70216	7.71781	7.58653	7.6234
0.210875	7.65935	7.6888	7.72869	7.58691	7.65935
0.21225	7.62554	7.6458	7.72339	7.62789	7.62554
0.213638	7.60953	7.67491	7.69973	7.64257	7.60953
0.215013	7.64748	7.67702	7.73721	7.58415	7.64748
0.2164	7.67255	7.65541	7.7247	7.58746	7.67255
0.2178	7.64594	7.65933	7.69166	7.61426	7.64594
0.2192	7.6039	7.69901	7.71333	7.64035	7.6039
0.220612	7.6058	7.62201	7.73019	7.59329	7.6058
0.222013	7.61513	7.66918	7.72991	7.6293	7.61513
0.223438	7.59941	7.66977	7.72094	7.57935	7.59941
0.224863	7.59616	7.68532	7.70841	7.5994	7.59616
0.226287	7.64917	7.72258	7.72773	7.58541	7.64917
0.227712	7.62319	7.61122	7.71007	7.57908	7.62319
0.22915	7.62108	7.66745	7.73009	7.55973	7.62108
0.2306	7.57019	7.65766	7.72356	7.58145	7.57019
0.23205	7.62078	7.63259	7.68056	7.59328	7.62078
0.2335	7.57905	7.66118	7.71922	7.5827	7.57905
0.234962	7.66536	7.64712	7.72527	7.57945	7.66536
0.236425	7.60323	7.60591	7.67897	7.56916	7.60323
0.2379	7.65851	7.63722	7.69788	7.58205	7.65851
0.239375	7.60946	7.68695	7.71459	7.58261	7.60946
0.240863	7.59575	7.66478	7.70677	7.58518	7.59575
0.24235	7.61111	7.64287	7.7308	7.57838	7.61111
0.243838	7.59106	7.64296	7.69026	7.55883	7.59106
0.245338	7.57575	7.62962	7.69896	7.57188	7.57575
0.24685	7.59958	7.64718	7.67633	7.59529	7.59958
0.248362	7.56807	7.66448	7.6507	7.55342	7.56807
0.249875	7.57498	7.62919	7.71662	7.56776	7.57498
0.2514	7.59037	7.64929	7.70361	7.55016	7.59037
0.252925	7.57894	7.63112	7.68368	7.55048	7.57894
0.254463	7.55528	7.65739	7.696	7.55152	7.55528
0.256	7.55105	7.6382	7.71152	7.55053	7.55105
0.25755	7.57435	7.61162	7.67161	7.55183	7.57435
0.2591	7.58096	7.61122	7.68371	7.53993	7.58096
0.26065	7.58655	7.61541	7.68843	7.54723	7.58655
0.262225	7.5819	7.61749	7.64294	7.53035	7.5819
0.263788	7.56444	7.61064	7.6779	7.49691	7.56444
0.265363	7.57888	7.5849	7.6492	7.54861	7.57888
0.26695	7.55947	7.62268	7.68665	7.55115	7.55947
0.268537	7.56313	7.62022	7.66935	7.54655	7.56313
0.270125	7.56324	7.59795	7.65886	7.57641	7.56324
0.271725	7.55821	7.62109	7.68258	7.52882	7.55821
0.273338	7.54618	7.61487	7.6471	7.54429	7.54618
0.27495	7.5664	7.61348	7.66017	7.57797	7.5664
0.276563	7.54259	7.58486	7.64542	7.52428	7.54259
0.278188	7.56233	7.62178	7.65419	7.52855	7.56233
0.279813	7.56885	7.61038	7.65485	7.52516	7.56885
0.28145	7.54696	7.62112	7.65873	7.50702	7.54696
0.2831	7.55212	7.60605	7.62356	7.51547	7.55212
0.28475	7.54972	7.59942	7.65174	7.50854	7.54972
0.2864	7.5536	7.64528	7.65982	7.55315	7.5536
0.288063	7.54872	7.58392	7.63491	7.51558	7.54872
0.289725	7.5213	7.59082	7.64847	7.50494	7.5213
0.2914	7.58775	7.57701	7.63807	7.53213	7.58775
0.293088	7.55241	7.58534	7.64198	7.50072	7.55241
0.294775	7.53022	7.59782	7.66622	7.54278	7.53022
0.296463	7.53081	7.57631	7.63356	7.50854	7.53081
0.298162	7.5251	7.59046	7.65039	7.49318	7.5251
0.299875	7.54853	7.57908	7.65288	7.51832	7.54853
0.301587	7.56497	7.57096	7.65363	7.52241	7.56497
0.3033	7.5408	7.56763	7.63737	7.50373	7.5408
0.305037	7.54155	7.59739	7.62865	7.50834	7.54155
0.306762	7.54988	7.59103	7.65599	7.53191	7.54988
0.3085	7.50287	7.56763	7.6264	7.50504	7.50287
0.31025	7.55136	7.55848	7.65039	7.5225	7.55136
0.312	7.51184	7.5917	7.58595	7.50685	7.51184
0.313762	7.51416	7.5984	7.63538	7.50953	7.51416
0.315525	7.52521	7.56724	7.62249	7.4999	7.52521
0.3173	7.54345	7.58437	7.63719	7.52345	7.54345
0.319075	7.53238	7.56851	7.62088	7.50541	7.53238
0.320863	7.52109	7.56421	7.61466	7.51272	7.52109
0.322663	7.50441	7.53523	7.61136	7.5302	7.50441
0.324463	7.50274	7.54189	7.64025	7.47953	7.50274
0.326263	7.51726	7.56114	7.62962	7.46827	7.51726
0.328075	7.53844	7.56241	7.62204	7.46273	7.53844
0.3299	7.52024	7.54931	7.60224	7.50717	7.52024
0.331725	7.51411	7.53215	7.62317	7.48806	7.51411
0.333562	7.54399	7.55909	7.61043	7.48644	7.54399
0.3354	7.51756	7.52844	7.62022	7.48561	7.51756
0.33725	7.50066	7.58902	7.5856	7.48185	7.50066
0.3391	7.47954	7.53892	7.65214	7.47141	7.47954
0.340962	7.52197	7.52683	7.61033	7.48768	7.52197
0.342838	7.54899	7.52984	7.58569	7.48137	7.54899
0.344712	7.50218	7.52805	7.58131	7.46399	7.50218
0.3466	7.53079	7.55368	7.59708	7.49391	7.53079
0.348487	7.4928	7.50961	7.61794	7.47819	7.4928
0.350388	7.51395	7.55854	7.61399	7.47924	7.51395
0.352288	7.47765	7.53143	7.62063	7.415	7.47765
0.3542	7.50363	7.5637	7.58655	7.48734	7.50363
0.356125	7.49468	7.51111	7.58967	7.50476	7.49468
0.35805	7.48708	7.54216	7.58525	7.47061	7.48708
0.359987	7.48478	7.57911	7.58585	7.45361	7.48478
0.361925	7.48333	7.54921	7.60084	7.48771	7.48333
0.363875	7.51423	7.5284	7.61054	7.46277	7.51423
0.365838	7.51457	7.54239	7.62759	7.46702	7.51457
0.3678	7.51054	7.55012	7.59855	7.45567	7.51054
0.369763	7.50831	7.54069	7.58473	7.49378	7.50831
0.37175	7.50433	7.55057	7.56155	7.47628	7.50433
0.373738	7.49106	7.52325	7.62477	7.4346	7.49106
0.375725	7.4675	7.50944	7.54921	7.49446	7.4675
0.377725	7.49278	7.52794	7.59223	7.44954	7.49278
0.379737	7.49224	7.55266	7.5561	7.44893	7.49224
0.381763	7.5139	7.52844	7.58692	7.44446	7.5139
0.383775	7.47718	7.53646	7.59062	7.44828	7.47718
0.385812	7.50135	7.53271	7.59756	7.47689	7.50135
0.38785	7.48591	7.49443	7.55685	7.4562	7.48591
0.3899	7.48433	7.54281	7.62305	7.45269	7.48433
0.391962	7.46862	7.50392	7.60303	7.45164	7.46862
0.394025	7.46788	7.52036	7.60089	7.45816	7.46788
0.396087	7.48645	7.51539	7.56106	7.45328	7.48645
0.398175	7.47148	7.54358	7.59748	7.45204	7.47148
0.400263	7.4678	7.53126	7.52986	7.4497	7.4678
0.40235	7.48262	7.50473	7.53559	7.45909	7.48262
0.404462	7.45615	7.49237	7.5361	7.46996	7.45615
0.406575	7.49701	7.53695	7.56014	7.46816	7.49701
0.408688	7.47787	7.53281	7.57101	7.46626	7.47787
0.410812	7.46772	7.52558	7.57708	7.44598	7.46772
0.41295	7.48482	7.51944	7.57991	7.4571	7.48482
0.4151	7.47135	7.5181	7.58757	7.4382	7.47135
0.41725	7.47012	7.50619	7.58204	7.45957	7.47012
0.4194	7.47206	7.52709	7.5523	7.42187	7.47206
0.421575	7.4645	7.49634	7.57535	7.48141	7.4645
0.42375	7.43177	7.49628	7.57157	7.48209	7.43177
0.425938	7.4504	7.5019	7.55602	7.46165	7.4504
0.428125	7.44981	7.51438	7.56174	7.41594	7.44981
0.430325	7.4478	7.50868	7.55619	7.47069	7.4478
0.432537	7.47008	7.52367	7.57082	7.45785	7.47008
0.434763	7.49311	7.51812	7.57656	7.43254	7.49311
0.436987	7.46546	7.50882	7.54921	7.44721	7.46546
0.439225	7.4563	7.50424	7.54919	7.42842	7.4563
0.441462	7.44856	7.48301	7.53432	7.44022	7.44856
0.443713	7.4554	7.46931	7.54792	7.42471	7.4554
0.445975	7.4531	7.49727	7.56291	7.43353	7.4531
0.44825	7.44183	7.46015	7.56767	7.42698	7.44183
0.450525	7.44005	7.50349	7.5365	7.43424	7.44005
0.452812	7.47265	7.49005	7.5657	7.43429	7.47265
0.4551	7.44286	7.50188	7.57868	7.40556	7.44286
0.457413	7.44006	7.49568	7.56295	7.44793	7.44006
0.459725	7.4453	7.49337	7.53678	7.43663	7.4453
0.462038	7.44122	7.51037	7.56555	7.43425	7.44122
0.464375	7.45042	7.4839	7.54016	7.44425	7.45042
0.466713	7.44808	7.48205	7.57104	7.42386	7.44808
0.469063	7.44611	7.50405	7.52278	7.41605	7.44611
0.471413	7.4508	7.47842	7.52531	7.42135	7.4508
0.473787	7.45358	7.47648	7.5362	7.41963	7.45358
0.476162	7.42508	7.47388	7.57058	7.42683	7.42508
0.478537	7.4644	7.50984	7.53138	7.44506	7.4644
0.480938	7.44351	7.48287	7.53885	7.43162	7.44351
0.483337	7.42519	7.48451	7.52876	7.41481	7.42519
0.48575	7.42998	7.4615	7.53717	7.38755	7.42998
0.488175	7.47179	7.47789	7.53192	7.42577	7.47179
0.4906	7.42711	7.48793	7.53545	7.43796	7.42711
0.493037	7.43608	7.46839	7.5383	7.42561	7.43608
0.495488	7.42671	7.4781	7.52472	7.44748	7.42671
0.49795	7.44888	7.47725	7.55249	7.42974	7.44888
0.500413	7.44278	7.46941	7.54512	7.42879	7.44278
0.502887	7.43028	7.48156	7.53434	7.44427	7.43028
0.505375	7.41284	7.5015	7.50874	7.41315	7.41284
0.507875	7.41479	7.50422	7.50624	7.43229	7.41479
0.510375	7.42971	7.47733	7.54703	7.42509	7.42971
0.512887	7.41505	7.43682	7.51822	7.42579	7.41505
0.515413	7.45182	7.45601	7.53541	7.43033	7.45182
0.51795	7.44455	7.48982	7.54996	7.41886	7.44455
0.520487	7.42916	7.48153	7.52166	7.41132	7.42916
0.52305	7.43064	7.46287	7.55067	7.40362	7.43064
0.525612	7.4115	7.45882	7.51793	7.42887	7.4115
0.528175	7.41551	7.47034	7.53852	7.4059	7.41551
0.530762	7.40295	7.46501	7.51623	7.42962	7.40295
0.53335	7.40796	7.47947	7.51158	7.40723	7.40796
0.535963	7.42818	7.46759	7.51455	7.38869	7.42818
0.538575	7.40754	7.49121	7.46601	7.42196	7.40754
0.541188	7.39029	7.4537	7.52163	7.39061	7.39029
0.543825	7.39832	7.44406	7.52727	7.4039	7.39832
0.546462	7.43283	7.46707	7.54113	7.40835	7.43283
0.549112	7.40493	7.47557	7.53734	7.40905	7.40493
0.551775	7.41746	7.44414	7.52129	7.39052	7.41746
0.55445	7.44995	7.4614	7.52234	7.40853	7.44995
0.557137	7.43516	7.46605	7.52127	7.39598	7.43516
0.559825	7.41339	7.48089	7.51985	7.35787	7.41339
0.562525	7.41882	7.47027	7.52096	7.39656	7.41882
0.565238	7.39166	7.45302	7.53084	7.40292	7.39166
0.567963	7.41933	7.44105	7.50537	7.39429	7.41933
0.5707	7.43359	7.42434	7.50525	7.39289	7.43359
0.573438	7.40786	7.44935	7.50791	7.37402	7.40786
0.5762	7.40994	7.43621	7.50748	7.38475	7.40994
0.578963	7.42322	7.4436	7.51057	7.38705	7.42322
0.581738	7.4251	7.441	7.5126	7.39328	7.4251
0.584525	7.38811	7.43911	7.51393	7.3923	7.38811
0.587325	7.41094	7.43742	7.51291	7.38417	7.41094
0.590125	7.40031	7.46331	7.52626	7.36794	7.40031
0.59295	7.40639	7.46102	7.52257	7.3847	7.40639
0.595775	7.41504	7.43709	7.52065	7.40887	7.41504
0.598612	7.40971	7.46773	7.51365	7.39873	7.40971
0.601462	7.40452	7.43905	7.48397	7.38509	7.40452
0.604325	7.3976	7.45592	7.50091	7.39625	7.3976
0.6072	7.42118	7.43598	7.53094	7.37655	7.42118
0.610088	7.38729	7.4362	7.47661	7.36334	7.38729
0.612975	7.40821	7.43808	7.51611	7.37623	7.40821
0.615888	7.39902	7.4597	7.52272	7.38415	7.39902
0.6188	7.39006	7.4495	7.50304	7.36798	7.39006
0.621725	7.42778	7.44968	7.5022	7.36769	7.42778
0.624663	7.39344	7.43959	7.52472	7.39289	7.39344
0.627612	7.38873	7.43064	7.52193	7.38022	7.38873
0.630575	7.395	7.43284	7.49381	7.40277	7.395
0.63355	7.37554	7.46191	7.4986	7.39048	7.37554
0.636525	7.37864	7.44636	7.50385	7.3767	7.37864
0.639525	7.39086	7.4554	7.49398	7.3618	7.39086
0.642537	7.39615	7.44753	7.49132	7.35821	7.39615
0.64555	7.41604	7.44765	7.49841	7.37689	7.41604
0.648575	7.38556	7.44044	7.49307	7.37556	7.38556
0.651625	7.38928	7.44246	7.47277	7.39001	7.38928
0.654675	7.40489	7.44291	7.48119	7.36877	7.40489
0.657737	7.39008	7.43544	7.49318	7.39601	7.39008
0.660812	7.40098	7.43826	7.48605	7.37679	7.40098
0.6639	7.4104	7.4042	7.49317	7.39281	7.4104
0.667	7.40137	7.45099	7.4817	7.3744	7.40137
0.670112	7.41281	7.42561	7.48375	7.36626	7.41281
0.673238	7.40088	7.43784	7.47768	7.34103	7.40088
0.676363	7.40764	7.45551	7.48423	7.34646	7.40764
0.679513	7.39476	7.46225	7.50893	7.35477	7.39476
0.682675	7.39147	7.42656	7.49395	7.38162	7.39147
0.685838	7.41511	7.43457	7.47508	7.36008	7.41511
0.689025	7.39087	7.4399	7.4917	7.35226	7.39087
0.692225	7.4138	7.42727	7.49138	7.35529	7.4138
0.695425	7.37989	7.4349	7.50292	7.36885	7.37989
0.69865	7.39157	7.4375	7.50914	7.37425	7.39157
0.701875	7.40361	7.43082	7.49144	7.37429	7.40361
0.705125	7.38726	7.42107	7.46908	7.35144	7.38726
0.708375	7.41456	7.42718	7.48797	7.36744	7.41456
0.71165	7.36387	7.44232	7.48502	7.37172	7.36387
0.714925	7.3615	7.42452	7.48742	7.36199	7.3615
0.718225	7.37119	7.41264	7.47576	7.36211	7.37119
0.721525	7.38275	7.43557	7.47526	7.36722	7.38275
0.724837	7.40536	7.43679	7.46762	7.35413	7.40536
0.728175	7.36138	7.41911	7.51697	7.37456	7.36138
0.731512	7.38513	7.42686	7.48655	7.32549	7.38513
0.734875	7.38286	7.41572	7.5004	7.37948	7.38286
0.73825	7.37226	7.41838	7.49648	7.35047	7.37226
0.741625	7.40752	7.39432	7.49505	7.36423	7.40752
0.745025	7.36097	7.42846	7.49342	7.35329	7.36097
0.748425	7.3834	7.43169	7.46791	7.35431	7.3834
0.75185	7.3733	7.42795	7.48984	7.3529	7.3733
0.755288	7.37531	7.41581	7.50148	7.35241	7.37531
0.758725	7.37454	7.43759	7.47827	7.34179	7.37454
0.762187	7.38702	7.42001	7.45971	7.34854	7.38702
0.765662	7.36628	7.41039	7.46135	7.35428	7.36628
0.76915	7.38624	7.4072	7.46833	7.34554	7.38624
0.77265	7.3827	7.42264	7.50035	7.34973	7.3827
0.776163	7.37518	7.40984	7.49506	7.38796	7.37518
0.779688	7.36151	7.41142	7.47864	7.38026	7.36151
0.783225	7.37877	7.41942	7.46305	7.34992	7.37877
0.786788	7.38313	7.41812	7.47331	7.36028	7.38313
0.79035	7.36306	7.41933	7.49099	7.35432	7.36306
0.793938	7.37005	7.4204	7.47377	7.37156	7.37005
0.797525	7.35411	7.41779	7.49537	7.35349	7.35411
0.801138	7.36103	7.40565	7.46577	7.35989	7.36103
0.80475	7.37039	7.38906	7.45798	7.33831	7.37039
0.808388	7.35776	7.40195	7.45331	7.34918	7.35776
0.812038	7.38148	7.42348	7.45161	7.35541	7.38148
0.8157	7.3758	7.42254	7.45432	7.34525	7.3758
0.819375	7.35175	7.42076	7.459	7.34887	7.35175
0.823075	7.36834	7.40815	7.48247	7.354	7.36834
0.826775	7.39379	7.404	7.47486	7.33079	7.39379
0.8305	7.38741	7.38901	7.47845	7.3535	7.38741
0.834225	7.38497	7.40081	7.46109	7.33937	7.38497
0.837975	7.38399	7.44149	7.45476	7.34491	7.38399
0.841738	7.36495	7.39966	7.47664	7.36239	7.36495
0.845513	7.37369	7.41409	7.47074	7.32764	7.37369
0.8493	7.38791	7.40555	7.45845	7.34649	7.38791
0.853113	7.36282	7.40741	7.4678	7.35294	7.36282
0.856925	7.35053	7.40459	7.47463	7.3326	7.35053
0.860762	7.37271	7.40923	7.45956	7.35049	7.37271
0.864613	7.34625	7.41911	7.4576	7.35625	7.34625
0.868475	7.38357	7.40416	7.4627	7.34774	7.38357
0.87235	7.36213	7.40265	7.43695	7.36711	7.36213
0.87625	7.3591	7.40766	7.4659	7.34265	7.3591
0.88015	7.36947	7.39633	7.46993	7.34043	7.36947
0.884075	7.36762	7.39936	7.46658	7.33598	7.36762
0.888013	7.38122	7.39324	7.46309	7.33138	7.38122
0.891963	7.36751	7.40636	7.46461	7.34794	7.36751
0.895938	7.34818	7.40871	7.48885	7.34029	7.34818
0.899912	7.36577	7.41169	7.44528	7.34776	7.36577
0.903912	7.37361	7.39446	7.46313	7.35048	7.37361
0.907925	7.3612	7.40107	7.46704	7.35172	7.3612
0.91195	7.34688	7.38569	7.47078	7.32972	7.34688
0.916	7.35555	7.39056	7.47442	7.33836	7.35555
0.920062	7.38146	7.39678	7.45813	7.34339	7.38146
0.924137	7.3655	7.40499	7.45973	7.31785	7.3655
0.928225	7.34116	7.40352	7.46911	7.3379	7.34116
0.932325	7.36756	7.41246	7.44988	7.32866	7.36756
0.93645	7.3857	7.40926	7.47183	7.34913	7.3857
0.940588	7.36377	7.40905	7.45885	7.33426	7.36377
0.944737	7.35672	7.37735	7.46732	7.35747	7.35672
0.948913	7.39723	7.39257	7.45728	7.34203	7.39723
0.953088	7.3653	7.39389	7.46647	7.33284	7.3653
0.957287	7.36873	7.40536	7.4639	7.32017	7.36873
0.961513	7.35992	7.39515	7.45817	7.31991	7.35992
0.965738	7.35053	7.3722	7.46882	7.33762	7.35053
0.969988	7.37445	7.40557	7.46566	7.33711	7.37445
0.97425	7.35227	7.40094	7.4516	7.31662	7.35227
0.978537	7.35802	7.40414	7.45127	7.33961	7.35802
0.982837	7.35312	7.39942	7.46067	7.33518	7.35312
0.98715	7.35708	7.40303	7.44645	7.32006	7.35708
0.991475	7.35693	7.39558	7.45345	7.3289	7.35693
0.995825	7.37713	7.39382	7.46267	7.33736	7.37713
1.00019	7.3694	7.38282	7.44189	7.33581	7.3694
1.00456	7.35819	7.39938	7.45534	7.31806	7.35819
1.00896	7.33793	7.40841	7.45368	7.31501	7.33793
1.01338	7.34498	7.3933	7.46115	7.34359	7.34498
1.0178	7.35938	7.38115	7.43739	7.32753	7.35938
1.02225	7.34663	7.38601	7.46996	7.33111	7.34663
1.02671	7.36283	7.39249	7.44192	7.30873	7.36283
1.03119	7.35107	7.37024	7.44042	7.33352	7.35107
1.03569	7.36848	7.38306	7.46343	7.31965	7.36848
1.0402	7.34446	7.39364	7.45439	7.34402	7.34446
1.04474	7.33438	7.37886	7.45314	7.32582	7.33438
1.04929	7.3653	7.38434	7.45599	7.32268	7.3653
1.05385	7.34482	7.3985	7.46541	7.32427	7.34482
1.05844	7.36168	7.39976	7.46676	7.31883	7.36168
1.06304	7.33819	7.40156	7.45116	7.31413	7.33819
1.06766	7.33332	7.40322	7.45721	7.31664	7.33332
1.07229	7.36856	7.38007	7.44903	7.33173	7.36856
1.07695	7.36445	7.39024	7.46062	7.31248	7.36445
1.08162	7.36811	7.3804	7.45772	7.32781	7.36811
1.08631	7.35457	7.40098	7.46437	7.32419	7.35457
1.09101	7.35407	7.37845	7.43625	7.30109	7.35407
1.09574	7.34319	7.39689	7.4451	7.33255	7.34319
1.10049	7.35513	7.38045	7.45798	7.31707	7.35513
1.10525	7.33539	7.37488	7.45557	7.33021	7.33539
1.11003	7.35038	7.38022	7.4443	7.32073	7.35038
1.11483	7.3463	7.37922	7.4394	7.33457	7.3463
1.11964	7.33727	7.37183	7.45043	7.30684	7.33727
1.12448	7.34565	7.37882	7.44573	7.29902	7.34565
1.12933	7.33614	7.36549	7.44657	7.33324	7.33614
1.1342	7.33792	7.37824	7.44755	7.32066	7.33792
1.13909	7.34817	7.38343	7.43536	7.31642	7.34817
1.144	7.34486	7.3854	7.46644	7.33465	7.34486
1.14892	7.33907	7.39383	7.44248	7.29754	7.33907
1.15387	7.35512	7.39745	7.4491	7.31365	7.35512
1.15884	7.33085	7.36626	7.43598	7.31986	7.33085
1.16381	7.33901	7.3835	7.46194	7.32163	7.33901
1.16883	7.34184	7.37767	7.44933	7.29283	7.34184
1.17384	7.36405	7.36136	7.44586	7.29392	7.36405
1.17889	7.3377	7.3727	7.44129	7.30807	7.3377
1.18394	7.33393	7.37112	7.44173	7.31017	7.33393
1.18903	7.33951	7.38871	7.43769	7.30538	7.33951
1.19413	7.35544	7.36474	7.45095	7.30806	7.35544
1.19924	7.34675	7.3776	7.44218	7.29973	7.34675
1.20438	7.34779	7.37098	7.44296	7.29967	7.34779
1.20954	7.34254	7.386	7.46186	7.32785	7.34254
1.21471	7.34717	7.38389	7.44931	7.30976	7.34717
1.21991	7.34054	7.38117	7.42669	7.29418	7.34054
1.22512	7.35527	7.38107	7.44741	7.30496	7.35527
1.23036	7.36044	7.36362	7.44684	7.30848	7.36044
1.23561	7.36542	7.38011	7.43196	7.2952	7.36542
1.24089	7.34647	7.37358	7.42636	7.3139	7.34647
1.24619	7.34151	7.3826	7.42856	7.31077	7.34151
1.2515	7.34931	7.38495	7.43692	7.29185	7.34931
1.25684	7.33099	7.37839	7.44445	7.31057	7.33099
1.2622	7.34562	7.36836	7.4304	7.31876	7.34562
1.26758	7.34399	7.38169	7.4344	7.296	7.34399
1.27297	7.35329	7.36237	7.42558	7.3008	7.35329
1.27839	7.35193	7.37591	7.43533	7.28901	7.35193
1.28383	7.33624	7.36428	7.44526	7.29309	7.33624
1.28929	7.33243	7.37491	7.42804	7.29937	7.33243
1.29476	7.33469	7.35718	7.43388	7.30589	7.33469
1.30027	7.34711	7.37953	7.43863	7.31515	7.34711
1.30579	7.35602	7.36175	7.43714	7.30406	7.35602
1.31134	7.35306	7.37483	7.41804	7.29522	7.35306
1.3169	7.31817	7.37205	7.43416	7.3048	7.31817
1.32249	7.34438	7.3728	7.41757	7.30423	7.34438
1.32809	7.3411	7.36764	7.43232	7.30195	7.3411
1.33372	7.33778	7.37333	7.4351	7.30593	7.33778
1.33938	7.35325	7.36337	7.43616	7.29348	7.35325
1.34504	7.34563	7.36435	7.4213	7.29269	7.34563
1.35074	7.35368	7.37671	7.4308	7.29857	7.35368
1.35645	7.33759	7.38002	7.44112	7.31186	7.33759
1.36219	7.34903	7.36937	7.43029	7.29549	7.34903
1.36794	7.34277	7.36093	7.43116	7.29177	7.34277
1.37373	7.35085	7.37833	7.42509	7.29121	7.35085
1.37952	7.33384	7.36257	7.44361	7.30649	7.33384
1.38535	7.33226	7.35835	7.44628	7.28937	7.33226
1.39119	7.34075	7.36548	7.42977	7.31008	7.34075
1.39706	7.33977	7.37286	7.4247	7.30943	7.33977
1.40295	7.338	7.34742	7.43818	7.30505	7.338
1.40886	7.35211	7.36962	7.44887	7.30839	7.35211
1.4148	7.32523	7.34267	7.43014	7.31496	7.32523
1.42076	7.33155	7.34563	7.43626	7.29059	7.33155
1.42674	7.32729	7.35431	7.44185	7.28239	7.32729
1.43274	7.35392	7.36246	7.44854	7.28603	7.35392
1.43877	7.32958	7.35757	7.44199	7.28355	7.32958
1.44483	7.3282	7.36553	7.44948	7.30192	7.3282
1.45089	7.33886	7.37097	7.43503	7.29579	7.33886
1.45699	7.33532	7.35207	7.41715	7.29365	7.33532
1.46311	7.3537	7.35395	7.43727	7.28989	7.3537
1.46925	7.34888	7.37037	7.4418	7.29781	7.34888
1.47541	7.32605	7.36463	7.42813	7.29482	7.32605
1.4816	7.33502	7.33485	7.43067	7.28834	7.33502
1.48781	7.33537	7.35694	7.43875	7.28718	7.33537
1.49405	7.33063	7.36125	7.42615	7.28109	7.33063
1.50031	7.3571	7.36303	7.44323	7.30169	7.3571
1.5066	7.33506	7.34527	7.44412	7.29404	7.33506
1.5129	7.32887	7.35184	7.4268	7.28478	7.32887
1.51924	7.33595	7.3626	7.43679	7.2989	7.33595
1.52559	7.32407	7.35638	7.41747	7.28447	7.32407
1.53198	7.33596	7.35763	7.4248	7.29278	7.33596
1.53838	7.32979	7.37094	7.42152	7.29517	7.32979
1.5448	7.33703	7.36067	7.41792	7.27313	7.33703
1.55126	7.3327	7.36106	7.42156	7.29519	7.3327
1.55774	7.33361	7.34845	7.4261	7.30288	7.33361
1.56424	7.3326	7.37199	7.42049	7.29179	7.3326
1.57076	7.3387	7.36173	7.43578	7.27875	7.3387
1.57731	7.32274	7.34953	7.41206	7.28514	7.32274
1.5839	7.34115	7.37503	7.44221	7.27804	7.34115
1.5905	7.31627	7.34481	7.42653	7.28714	7.31627
1.59713	7.34373	7.35696	7.43633	7.2773	7.34373
1.60378	7.32503	7.34338	7.42148	7.27166	7.32503
1.61045	7.32704	7.34874	7.42544	7.28088	7.32704
1.61716	7.3412	7.35491	7.43779	7.2828	7.3412
1.62389	7.32623	7.36026	7.44117	7.28787	7.32623
1.63064	7.35103	7.35042	7.42054	7.27188	7.35103
1.63742	7.34276	7.35471	7.42495	7.28368	7.34276
1.64423	7.32858	7.34825	7.41779	7.28782	7.32858
1.65106	7.33409	7.34874	7.43858	7.26921	7.33409
1.65791	7.33387	7.36201	7.41811	7.27426	7.33387
1.6648	7.34186	7.34154	7.41853	7.27594	7.34186
1.67171	7.3436	7.35347	7.41932	7.28547	7.3436
1.67865	7.32226	7.34816	7.41161	7.28151	7.32226
1.68561	7.33881	7.36055	7.41802	7.28157	7.33881
1.6926	7.34177	7.33686	7.41928	7.29016	7.34177
1.69961	7.34363	7.3571	7.42893	7.2891	7.34363
1.70666	7.32279	7.32715	7.42435	7.29144	7.32279
1.71372	7.34603	7.34852	7.4263	7.27096	7.34603
1.72082	7.34404	7.35132	7.42731	7.2763	7.34404
1.72795	7.32631	7.34159	7.42671	7.2669	7.32631
1.7351	7.33018	7.35607	7.42958	7.28355	7.33018
1.74227	7.32902	7.33762	7.43311	7.28045	7.32902
1.74949	7.33424	7.34597	7.40298	7.26643	7.33424
1.75671	7.33074	7.34569	7.41322	7.265	7.33074
1.76398	7.34332	7.33605	7.4318	7.2843	7.34332
1.77126	7.32744	7.36664	7.4353	7.27548	7.32744
1.77857	7.3291	7.35635	7.4105	7.27316	7.3291
1.78593	7.33273	7.34458	7.42897	7.27023	7.33273
1.79329	7.3388	7.34302	7.41939	7.2671	7.3388
1.80069	7.33424	7.33391	7.43755	7.27714	7.33424
1.80813	7.32956	7.3447	7.42401	7.26532	7.32956
1.81558	7.3378	7.35888	7.40541	7.25464	7.3378
1.82306	7.33183	7.34358	7.41674	7.26948	7.33183
1.83057	7.33229	7.34473	7.41121	7.27426	7.33229
1.83811	7.34167	7.34982	7.41921	7.25906	7.34167
1.84569	7.32192	7.3498	7.40927	7.28282	7.32192
1.85329	7.33306	7.3478	7.42653	7.27271	7.33306
1.86091	7.3207	7.33679	7.42053	7.26271	7.3207
1.86856	7.3189	7.34391	7.41648	7.26083	7.3189
1.87625	7.32221	7.32691	7.42109	7.27033	7.32221
1.88398	7.33091	7.34015	7.42897	7.2678	7.33091
1.89171	7.32578	7.3479	7.41427	7.28839	7.32578
1.89949	7.33092	7.34204	7.41093	7.27153	7.33092
1.90729	7.34092	7.33352	7.41218	7.26725	7.34092
1.91513	7.32346	7.33572	7.43199	7.27325	7.32346
1.92299	7.32889	7.35138	7.4321	7.26092	7.32889
1.93089	7.33293	7.34738	7.40471	7.26488	7.33293
1.9388	7.34556	7.3361	7.42508	7.27207	7.34556
1.94676	7.33175	7.34727	7.41512	7.27357	7.33175
1.95474	7.32686	7.34427	7.40194	7.26259	7.32686
1.96276	7.33143	7.34082	7.41994	7.26971	7.33143
1.9708	7.31196	7.34427	7.41837	7.2626	7.31196
1.97888	7.32193	7.34916	7.41253	7.25734	7.32193
1.98699	7.33013	7.3319	7.43504	7.26407	7.33013
1.99513	7.32559	7.33488	7.40883	7.2756	7.32559
2.00329	7.32958	7.33963	7.41636	7.2752	7.32958
2.01149	7.31406	7.34712	7.41287	7.26824	7.31406
2.01971	7.32537	7.33064	7.41617	7.25921	7.32537
2.02798	7.32746	7.34029	7.41583	7.27793	7.32746
2.03627	7.32595	7.35119	7.41403	7.26631	7.32595
2.0446	7.32647	7.34829	7.39626	7.27604	7.32647
2.05295	7.33125	7.32841	7.41199	7.27294	7.33125
2.06134	7.3258	7.34295	7.41692	7.26965	7.3258
2.06976	7.31674	7.34338	7.39925	7.25699	7.31674
2.07821	7.32831	7.33053	7.4282	7.26937	7.32831
2.0867	7.31744	7.34002	7.41579	7.27351	7.31744
2.09521	7.31928	7.34046	7.40831	7.26737	7.31928
2.10376	7.31955	7.34661	7.40455	7.25884	7.31955
2.11235	7.32723	7.32087	7.41562	7.25225	7.32723
2.12096	7.31897	7.35642	7.40768	7.26089	7.31897
2.12961	7.31672	7.3446	7.42913	7.26558	7.31672
2.13829	7.33562	7.32929	7.42942	7.25686	7.33562
2.147	7.32763	7.33865	7.41201	7.26687	7.32763
2.15575	7.33083	7.32454	7.42553	7.2666	7.33083
2.16453	7.33094	7.34351	7.41524	7.25532	7.33094
2.17334	7.33269	7.34452	7.40961	7.26488	7.33269
2.18219	7.33061	7.32714	7.40164	7.25914	7.33061
2.19106	7.32523	7.32198	7.40569	7.28053	7.32523
2.19998	7.32771	7.32836	7.41132	7.27331	7.32771
2.20893	7.31916	7.34787	7.40797	7.25437	7.31916
2.21791	7.31522	7.33133	7.40026	7.2401	7.31522
2.22692	7.3123	7.34711	7.40198	7.25384	7.3123
2.23598	7.31868	7.33006	7.41545	7.24812	7.31868
2.24506	7.30177	7.335	7.41109	7.26312	7.30177
2.25419	7.33139	7.32013	7.41854	7.27754	7.33139
2.26334	7.33232	7.34099	7.38878	7.25792	7.33232
2.27253	7.3195	7.32635	7.41436	7.25747	7.3195
2.28175	7.31685	7.33943	7.40355	7.26423	7.31685
2.29101	7.31856	7.3397	7.4059	7.25599	7.31856
2.3003	7.31684	7.32542	7.40818	7.26489	7.31684
2.30964	7.31413	7.3187	7.40827	7.25206	7.31413
2.319	7.32049	7.34176	7.40464	7.25989	7.32049
2.3284	7.30811	7.32969	7.39671	7.26625	7.30811
2.33784	7.31559	7.34975	7.40903	7.2489	7.31559
2.34731	7.3147	7.33264	7.40797	7.26804	7.3147
2.35681	7.33033	7.33084	7.41207	7.26339	7.33033
2.36636	7.31575	7.32685	7.41481	7.26285	7.31575
2.37595	7.31765	7.32027	7.40067	7.24915	7.31765
2.38556	7.32785	7.34176	7.40054	7.25803	7.32785
2.39521	7.31944	7.34323	7.40592	7.25679	7.31944
2.40491	7.30709	7.34143	7.41193	7.24979	7.30709
2.41464	7.31691	7.33661	7.41275	7.25399	7.31691
2.4244	7.31468	7.33544	7.41417	7.25873	7.31468
2.4342	7.33175	7.33105	7.39707	7.26239	7.33175
2.44405	7.31765	7.34493	7.40998	7.25697	7.31765
2.45392	7.3127	7.32932	7.39666	7.24567	7.3127
2.46384	7.30088	7.33145	7.40329	7.25934	7.30088
2.47379	7.31438	7.32549	7.39796	7.24969	7.31438
2.48377	7.32395	7.3363	7.40272	7.25986	7.32395
2.49381	7.31693	7.32895	7.40941	7.24309	7.31693
2.50388	7.316	7.32927	7.40571	7.24554	7.316
2.51397	7.32654	7.33532	7.40414	7.24676	7.32654
2.52413	7.30056	7.31422	7.41235	7.25342	7.30056
2.53431	7.31582	7.34239	7.39546	7.24803	7.31582
2.54452	7.30956	7.32156	7.39179	7.26363	7.30956
2.55479	7.30627	7.33716	7.39897	7.24886	7.30627
2.56509	7.31582	7.32615	7.40506	7.25021	7.31582
2.57542	7.31505	7.34207	7.41726	7.25265	7.31505
2.5858	7.30946	7.31307	7.40718	7.25132	7.30946
2.59623	7.32	7.33813	7.40825	7.2526	7.32
2.60667	7.31224	7.32819	7.40457	7.24716	7.31224
2.61718	7.30995	7.32924	7.39313	7.23964	7.30995
2.62771	7.31602	7.33034	7.39961	7.25854	7.31602
2.63829	7.29958	7.31901	7.39915	7.26031	7.29958
2.6489	7.31462	7.33007	7.3944	7.24284	7.31462
2.65956	7.30861	7.32937	7.39732	7.236	7.30861
2.67026	7.31433	7.33323	7.39579	7.24528	7.31433
2.681	7.33028	7.34456	7.40321	7.24539	7.33028
2.69178	7.31376	7.33237	7.40477	7.24258	7.31376
2.7026	7.30033	7.33605	7.40091	7.24055	7.30033
2.71346	7.31018	7.33422	7.40518	7.2541	7.31018
2.72436	7.30713	7.33746	7.39713	7.24388	7.30713
2.73531	7.30477	7.3137	7.39392	7.24817	7.30477
2.74629	7.31324	7.33753	7.40369	7.24756	7.31324
2.75732	7.31507	7.33243	7.39134	7.24008	7.31507
2.76839	7.3113	7.31762	7.38927	7.2449	7.3113
2.7795	7.31051	7.32325	7.39831	7.2432	7.31051
2.79066	7.31988	7.31823	7.38822	7.23663	7.31988
2.80185	7.31447	7.33002	7.39989	7.2439	7.31447
2.8131	7.32034	7.31911	7.4012	7.23425	7.32034
2.82437	7.31219	7.3243	7.38357	7.24382	7.31219
2.8357	7.31078	7.33246	7.41461	7.25068	7.31078
2.84707	7.31882	7.32498	7.3933	7.24107	7.31882
2.85849	7.31802	7.33924	7.39929	7.24061	7.31802
2.86994	7.30622	7.33192	7.40014	7.24349	7.30622
2.88144	7.30277	7.32531	7.39133	7.24157	7.30277
2.89298	7.29834	7.32707	7.38877	7.24647	7.29834
2.90456	7.31009	7.33539	7.39066	7.25321	7.31009
2.9162	7.30727	7.32501	7.40634	7.23606	7.30727
2.92788	7.29236	7.32583	7.4093	7.25647	7.29236
2.93959	7.30206	7.32713	7.40569	7.24065	7.30206
2.95136	7.30406	7.31321	7.38905	7.24864	7.30406
2.96316	7.31065	7.32342	7.39936	7.24049	7.31065
2.97502	7.31201	7.31834	7.39975	7.23393	7.31201
2.98691	7.31649	7.31848	7.3979	7.26617	7.31649
2.99886	7.30652	7.30446	7.39119	7.2584	7.30652
3.01085	7.3058	7.33076	7.40131	7.25172	7.3058
3.02289	7.30226	7.31319	7.39204	7.22951	7.30226
3.03498	7.30449	7.32218	7.39988	7.24536	7.30449
3.0471	7.30719	7.3219	7.39354	7.24822	7.30719
3.05927	7.30074	7.32963	7.38987	7.24183	7.30074
3.07149	7.31413	7.33145	7.39116	7.24598	7.31413
3.08376	7.31059	7.32477	7.39931	7.23957	7.31059
3.09608	7.30086	7.32025	7.40121	7.25725	7.30086
3.10842	7.30239	7.33954	7.38918	7.24462	7.30239
3.12084	7.29908	7.33029	7.39225	7.23134	7.29908
3.13329	7.31677	7.3168	7.38863	7.2399	7.31677
3.14579	7.31107	7.31379	7.40249	7.2467	7.31107
3.15834	7.30629	7.32483	7.38676	7.24003	7.30629
3.17094	7.30924	7.32818	7.39586	7.23137	7.30924
3.18359	7.30288	7.31711	7.38655	7.2396	7.30288
3.19627	7.31654	7.32436	7.40385	7.23853	7.31654
3.20902	7.29963	7.32789	7.4003	7.24971	7.29963
3.22181	7.31152	7.32309	7.38116	7.23983	7.31152
3.23465	7.31069	7.32344	7.39722	7.23667	7.31069
3.24754	7.30034	7.31797	7.40079	7.2362	7.30034
3.26047	7.3153	7.31223	7.39754	7.24471	7.3153
3.27346	7.29693	7.31978	7.39342	7.23569	7.29693
3.2865	7.29336	7.3268	7.39434	7.23548	7.29336
3.29958	7.3091	7.31992	7.38993	7.24219	7.3091
3.31271	7.30746	7.31125	7.38805	7.24352	7.30746
3.3259	7.2963	7.32314	7.39478	7.2547	7.2963
3.33914	7.3013	7.32321	7.40147	7.24233	7.3013
3.35243	7.29703	7.31231	7.39371	7.23656	7.29703
3.36575	7.29256	7.32023	7.38355	7.2367	7.29256
3.37914	7.31081	7.3216	7.38238	7.23555	7.31081
3.39258	7.30511	7.32454	7.40158	7.23081	7.30511
3.40608	7.30466	7.31937	7.39046	7.23625	7.30466
3.41961	7.29451	7.32852	7.4011	7.23796	7.29451
3.4332	7.3035	7.32528	7.38776	7.23827	7.3035
3.44685	7.30432	7.32286	7.38935	7.24183	7.30432
3.46054	7.30226	7.31671	7.38329	7.24675	7.30226
3.47429	7.30453	7.3182	7.38554	7.23597	7.30453
3.48809	7.30174	7.33376	7.39134	7.22839	7.30174
3.50194	7.30861	7.32603	7.38444	7.24706	7.30861
3.51585	7.3084	7.32199	7.3908	7.23239	7.3084
3.5298	7.30073	7.32047	7.38497	7.23407	7.30073
3.54381	7.29951	7.32488	7.38151	7.23804	7.29951
3.55789	7.3046	7.31641	7.39265	7.23582	7.3046
3.572	7.29856	7.32833	7.39117	7.23865	7.29856
3.58617	7.30418	7.32829	7.39303	7.23694	7.30418
3.6004	7.29538	7.32119	7.39213	7.24196	7.29538
3.61468	7.28918	7.3176	7.39639	7.23082	7.28918
3.62901	7.30357	7.32323	7.38812	7.23896	7.30357
3.6434	7.29338	7.31912	7.39713	7.23327	7.29338
3.65785	7.29343	7.31519	7.39809	7.2323	7.29343
3.67235	7.28932	7.33277	7.38858	7.23922	7.28932
3.6869	7.31054	7.32091	7.38556	7.23406	7.31054
3.70151	7.30765	7.32899	7.39352	7.25211	7.30765
3.71618	7.30164	7.321	7.39121	7.2379	7.30164
3.7309	7.29941	7.32571	7.38706	7.23147	7.29941
3.74568	7.30161	7.32948	7.39496	7.23598	7.30161
3.76051	7.29681	7.31476	7.386	7.24603	7.29681
3.7754	7.29023	7.31522	7.39481	7.2408	7.29023
3.79035	7.30595	7.31924	7.3942	7.22475	7.30595
3.80535	7.29845	7.30934	7.3934	7.23719	7.29845
3.82041	7.29019	7.31723	7.39123	7.24096	7.29019
3.83553	7.30037	7.31112	7.38758	7.24208	7.30037
3.8507	7.29512	7.3147	7.38277	7.23639	7.29512
3.86594	7.29603	7.31208	7.39154	7.23793	7.29603
3.88123	7.29697	7.32188	7.38334	7.23188	7.29697
3.89657	7.30039	7.31204	7.38559	7.23222	7.30039
3.91199	7.29514	7.33222	7.38823	7.23295	7.29514
3.92745	7.29524	7.31404	7.38419	7.22963	7.29524
3.94298	7.29186	7.30647	7.39025	7.24408	7.29186
3.95856	7.28142	7.32249	7.39046	7.22857	7.28142
3.9742	7.29501	7.33076	7.39164	7.24077	7.29501
3.98991	7.29495	7.31732	7.38478	7.23875	7.29495
4.00567	7.29056	7.32232	7.3832	7.22125	7.29056
4.0215	7.29649	7.31827	7.39002	7.2326	7.29649
4.03737	7.30029	7.31555	7.38939	7.23324	7.30029
4.05333	7.30588	7.32396	7.38628	7.23391	7.30588
4.06932	7.29128	7.31844	7.38757	7.24155	7.29128
4.0854	7.29621	7.30607	7.38508	7.23018	7.29621
4.10152	7.28706	7.31604	7.39331	7.2343	7.28706
4.11771	7.287	7.31459	7.38691	7.23602	7.287
4.13396	7.29512	7.30817	7.38099	7.22933	7.29512
4.15028	7.29615	7.30073	7.39401	7.23985	7.29615
4.16665	7.29334	7.32262	7.38455	7.23628	7.29334
4.18309	7.29537	7.31201	7.39211	7.23556	7.29537
4.19959	7.30125	7.31311	7.39135	7.23736	7.30125
4.21615	7.29963	7.3246	7.39094	7.24678	7.29963
4.23278	7.28646	7.3045	7.38403	7.23207	7.28646
4.24946	7.29628	7.31348	7.38781	7.23387	7.29628
4.26621	7.29811	7.31594	7.39677	7.23881	7.29811
4.28302	7.29362	7.30182	7.38848	7.23268	7.29362
4.2999	7.30343	7.31342	7.39481	7.22551	7.30343
4.31685	7.30254	7.3105	7.37716	7.23262	7.30254
4.33385	7.28491	7.31901	7.39105	7.24043	7.28491
4.35092	7.29817	7.31182	7.39012	7.23501	7.29817
4.36806	7.30501	7.31473	7.38644	7.22913	7.30501
4.38527	7.29179	7.30882	7.39615	7.22356	7.29179
4.40254	7.2963	7.3162	7.38817	7.23554	7.2963
4.41988	7.29935	7.32277	7.39638	7.23981	7.29935
4.43727	7.29218	7.30303	7.38211	7.24609	7.29218
4.45474	7.29286	7.31532	7.39674	7.23363	7.29286
4.47227	7.30038	7.30505	7.38709	7.23959	7.30038
4.48987	7.30174	7.30973	7.38902	7.23661	7.30174
4.50754	7.30653	7.3228	7.39587	7.23766	7.30653
4.52528	7.28749	7.30946	7.38868	7.24009	7.28749
4.54308	7.29581	7.31753	7.38231	7.22717	7.29581
4.56095	7.29194	7.30425	7.38713	7.23038	7.29194
4.57889	7.30746	7.30967	7.39183	7.23366	7.30746
4.59689	7.29697	7.31314	7.3895	7.23164	7.29697
4.61496	7.29469	7.31277	7.37535	7.22845	7.29469
4.63311	7.29573	7.3145	7.38813	7.22686	7.29573
4.65133	7.28083	7.3137	7.3915	7.22791	7.28083
4.6696	7.29629	7.31466	7.39576	7.22623	7.29629
4.68796	7.29191	7.31952	7.38201	7.21927	7.29191
4.70638	7.29756	7.29999	7.38989	7.23382	7.29756
4.72487	7.28916	7.30459	7.39219	7.23045	7.28916
4.74344	7.29894	7.31425	7.39281	7.23262	7.29894
4.76206	7.28814	7.31313	7.39652	7.22113	7.28814
4.78076	7.29525	7.3114	7.39776	7.23401	7.29525
4.79954	7.29811	7.31616	7.3796	7.23266	7.29811
4.81839	7.29116	7.32168	7.40025	7.22394	7.29116
4.83731	7.29412	7.29979	7.38724	7.22634	7.29412
4.8563	7.29351	7.3185	7.37951	7.21983	7.29351
4.87536	7.3002	7.31665	7.394	7.22561	7.3002
4.8945	7.29606	7.32172	7.38646	7.2252	7.29606
4.9137	7.28869	7.32305	7.39152	7.22808	7.28869
4.93299	7.29421	7.33147	7.39069	7.22126	7.29421
4.95234	7.29707	7.31772	7.38668	7.23477	7.29707
4.97176	7.28991	7.31036	7.39075	7.23023	7.28991
4.99126	7.3001	7.31286	7.39727	7.22889	7.3001
5.01085	7.29239	7.31755	7.38832	7.22504	7.29239
5.0305	7.2909	7.31421	7.388	7.22848	7.2909
5.05022	7.2966	7.31601	7.39346	7.22468	7.2966
5.07002	7.29888	7.31805	7.38629	7.22496	7.29888
5.0899	7.29298	7.31809	7.38499	7.22548	7.29298
5.10985	7.29731	7.31272	7.3724	7.23401	7.29731
5.12988	7.2929	7.31808	7.40128	7.21454	7.2929
5.14997	7.30505	7.32276	7.38588	7.22028	7.30505
5.17016	7.29988	7.32208	7.38689	7.22952	7.29988
5.19042	7.28867	7.319	7.38718	7.23207	7.28867
5.21075	7.29719	7.31425	7.39078	7.21904	7.29719
5.23116	7.29148	7.31673	7.38172	7.23138	7.29148
5.25165	7.29681	7.31682	7.3804	7.22943	7.29681
5.27222	7.29082	7.32016	7.38476	7.22439	7.29082
5.29287	7.3007	7.31471	7.38361	7.22668	7.3007
5.3136	7.29651	7.30759	7.38306	7.23198	7.29651
5.3344	7.29345	7.30818	7.38507	7.22017	7.29345
5.35528	7.29763	7.31075	7.38769	7.22134	7.29763
5.37624	7.29237	7.31727	7.38532	7.23387	7.29237
5.39729	7.29204	7.31194	7.38887	7.22672	7.29204
5.41841	7.28766	7.31389	7.37873	7.2271	7.28766
5.43961	7.29702	7.31018	7.38572	7.22322	7.29702
5.4609	7.29992	7.31776	7.38435	7.22252	7.29992
5.48226	7.29466	7.31352	7.38191	7.22509	7.29466
5.5037	7.28684	7.31438	7.37397	7.22282	7.28684
5.52524	7.28738	7.31936	7.38934	7.23985	7.28738
5.54684	7.2905	7.31612	7.38002	7.22219	7.2905
5.56854	7.29385	7.31827	7.38203	7.21398	7.29385
5.59031	7.2854	7.30662	7.38748	7.22885	7.2854
5.61216	7.28969	7.30821	7.37268	7.22459	7.28969
5.6341	7.29319	7.31853	7.38487	7.22139	7.29319
5.65613	7.29174	7.3179	7.37578	7.22525	7.29174
5.67824	7.29192	7.30821	7.38974	7.22484	7.29192
5.70043	7.2991	7.31581	7.39034	7.22035	7.2991
5.7227	7.29282	7.32169	7.37895	7.22539	7.29282
5.74506	7.2939	7.31532	7.38893	7.22757	7.2939
5.76751	7.29125	7.30818	7.38611	7.2236	7.29125
5.79005	7.28777	7.31453	7.38757	7.23125	7.28777
5.81266	7.29351	7.31532	7.38501	7.22184	7.29351
5.83536	7.29265	7.32603	7.38534	7.22709	7.29265
5.85816	7.29269	7.31461	7.38133	7.22119	7.29269
5.88104	7.29805	7.30985	7.37439	7.22241	7.29805
5.904	7.29557	7.32597	7.38127	7.21878	7.29557
5.92705	7.2946	7.30684	7.37676	7.22119	7.2946
5.95019	7.28989	7.30966	7.38734	7.21977	7.28989
5.97341	7.29578	7.31356	7.37007	7.23539	7.29578
5.99674	7.28719	7.30286	7.37839	7.22421	7.28719
6.02014	7.29349	7.30591	7.38059	7.21696	7.29349
6.04364	7.2964	7.31863	7.38114	7.22931	7.2964
6.06721	7.29019	7.31425	7.39216	7.22735	7.29019
6.09089	7.29671	7.31608	7.38275	7.224	7.29671
6.11465	7.28919	7.30583	7.3801	7.21533	7.28919
6.13851	7.29452	7.31899	7.38439	7.22392	7.29452
6.16245	7.2907	7.30848	7.38382	7.2262	7.2907
6.18649	7.29948	7.32815	7.38017	7.22667	7.29948
6.21061	7.29696	7.30999	7.38397	7.22472	7.29696
6.23484	7.29428	7.32048	7.373	7.2218	7.29428
6.25915	7.2937	7.30955	7.38167	7.20953	7.2937
6.28355	7.28608	7.30582	7.3788	7.21215	7.28608
6.30805	7.29687	7.31417	7.37863	7.2241	7.29687
6.33264	7.29199	7.31819	7.38523	7.23349	7.29199
6.35733	7.30065	7.32328	7.3847	7.2214	7.30065
6.3821	7.29196	7.31755	7.38255	7.22568	7.29196
6.40697	7.2914	7.31512	7.37669	7.22186	7.2914
6.43194	7.28878	7.31463	7.38515	7.21954	7.28878
6.457	7.29915	7.30396	7.38143	7.22334	7.29915
6.48215	7.29025	7.31384	7.37933	7.22352	7.29025
6.50741	7.28849	7.31063	7.38327	7.22891	7.28849
6.53276	7.29054	7.31475	7.37504	7.21824	7.29054
6.5582	7.29555	7.31251	7.37652	7.22581	7.29555
6.58375	7.29425	7.31115	7.38383	7.21628	7.29425
6.60939	7.29734	7.30667	7.38426	7.21669	7.29734
6.63513	7.28678	7.31667	7.38672	7.21855	7.28678
6.66096	7.29738	7.31143	7.3895	7.22001	7.29738
6.6869	7.28763	7.3196	7.38057	7.23089	7.28763
6.71292	7.28524	7.31322	7.38083	7.22493	7.28524
6.73906	7.28061	7.31801	7.37832	7.22194	7.28061
6.76529	7.28746	7.31183	7.38746	7.22286	7.28746
6.79163	7.28553	7.31653	7.3868	7.22369	7.28553
6.81805	7.28944	7.31126	7.36951	7.21843	7.28944
6.84459	7.29409	7.31554	7.38648	7.21698	7.29409
6.87121	7.28559	7.31066	7.38562	7.22051	7.28559
6.89795	7.29103	7.31264	7.3848	7.21987	7.29103
6.92479	7.28865	7.31564	7.39043	7.2216	7.28865
6.95173	7.28575	7.30675	7.38563	7.2196	7.28575
6.97876	7.29178	7.31452	7.38401	7.21157	7.29178
7.00591	7.29281	7.31049	7.37815	7.22784	7.29281
7.03316	7.28892	7.31834	7.38993	7.22511	7.28892
7.06051	7.28879	7.31052	7.38347	7.22556	7.28879
7.08796	7.28831	7.3137	7.38988	7.22207	7.28831
7.11552	7.28595	7.3188	7.39313	7.21789	7.28595
7.14319	7.28444	7.31267	7.37979	7.22675	7.28444
7.17096	7.28956	7.31354	7.38457	7.21988	7.28956
7.19884	7.29116	7.31356	7.38608	7.22205	7.29116
7.22683	7.29539	7.3083	7.3829	7.21625	7.29539
7.25491	7.29165	7.31618	7.38932	7.21989	7.29165
7.2831	7.28418	7.32004	7.38433	7.22336	7.28418
7.3114	7.28375	7.30525	7.38086	7.21966	7.28375
7.33981	7.28932	7.31319	7.37886	7.21649	7.28932
7.36834	7.28689	7.31195	7.38662	7.23105	7.28689
7.39696	7.29467	7.31467	7.37864	7.21887	7.29467
7.4257	7.29135	7.31368	7.37675	7.22458	7.29135
7.45455	7.28532	7.30856	7.38027	7.22606	7.28532
7.4835	7.28584	7.30941	7.38446	7.22059	7.28584
7.51256	7.28812	7.30928	7.38323	7.2116	7.28812
7.54174	7.29186	7.31334	7.38365	7.21701	7.29186
7.57104	7.28214	7.31276	7.3743	7.21853	7.28214
7.60042	7.29307	7.31418	7.38233	7.22718	7.29307
7.62994	7.2945	7.31178	7.38485	7.21645	7.2945
7.65956	7.2951	7.31648	7.37967	7.22194	7.2951
7.6893	7.29316	7.30953	7.38348	7.22056	7.29316
7.71915	7.28616	7.30775	7.38571	7.22482	7.28616
7.74911	7.29563	7.31314	7.38897	7.22717	7.29563
7.77919	7.28295	7.30726	7.38359	7.21841	7.28295
7.80939	7.28689	7.31264	7.38792	7.22458	7.28689
7.83969	7.2904	7.32489	7.38591	7.21927	7.2904
7.87011	7.29155	7.31254	7.39041	7.2232	7.29155
7.90065	7.28182	7.31761	7.38423	7.22923	7.28182
7.9313	7.2942	7.31802	7.39581	7.22268	7.2942
7.96208	7.27996	7.31352	7.38659	7.21941	7.27996
7.99296	7.28826	7.31401	7.38408	7.21475	7.28826
8.02398	7.28666	7.31806	7.39206	7.22143	7.28666
8.0551	7.28884	7.31203	7.38563	7.22785	7.28884
8.08634	7.28181	7.31828	7.39188	7.22638	7.28181
8.1177	7.2977	7.31407	7.39052	7.22403	7.2977
8.14917	7.28597	7.31896	7.38227	7.2252	7.28597
8.18077	7.297	7.32034	7.39053	7.2254	7.297
8.2125	7.29089	7.30714	7.39433	7.22165	7.29089
8.24434	7.28896	7.30914	7.38523	7.22425	7.28896
8.2763	7.28985	7.31145	7.39413	7.22718	7.28985
8.30839	7.2852	7.31709	7.39049	7.21959	7.2852
8.3406	7.29169	7.31557	7.39176	7.23007	7.29169
8.37292	7.28793	7.3097	7.38893	7.22497	7.28793
8.40537	7.29423	7.31999	7.39512	7.22685	7.29423
8.43795	7.29453	7.31646	7.38972	7.21767	7.29453
8.47065	7.27956	7.32295	7.38833	7.22921	7.27956
8.50348	7.29081	7.31521	7.38931	7.22541	7.29081
8.53642	7.29559	7.3097	7.38637	7.23199	7.29559
8.5695	7.29189	7.32226	7.3861	7.22636	7.29189
8.6027	7.29925	7.31356	7.38638	7.22878	7.29925
8.63604	7.29526	7.31911	7.38938	7.22315	7.29526
8.66949	7.29841	7.31774	7.39469	7.21992	7.29841
8.70308	7.30006	7.31238	7.38503	7.22777	7.30006
8.73678	7.28923	7.31494	7.3964	7.22747	7.28923
8.77061	7.29652	7.31219	7.38706	7.22753	7.29652
8.80459	7.28197	7.31667	7.39412	7.22093	7.28197
8.83867	7.29484	7.31524	7.39481	7.22989	7.29484
8.8729	7.29146	7.31039	7.39015	7.22491	7.29146
8.90726	7.29427	7.30915	7.39347	7.22567	7.29427
8.94175	7.29163	7.31277	7.38309	7.22973	7.29163
8.97636	7.28994	7.31774	7.38816	7.22445	7.28994
9.01111	7.29543	7.31512	7.38389	7.2267	7.29543
9.046	7.29299	7.31446	7.38713	7.22836	7.29299
9.08101	7.29666	7.31708	7.3876	7.22335	7.29666
9.11616	7.29289	7.31921	7.38275	7.22633	7.29289
9.15145	7.29019	7.31003	7.39069	7.22574	7.29019
9.18686	7.30046	7.3156	7.39128	7.22511	7.30046
9.22241	7.2992	7.32037	7.38384	7.22304	7.2992
9.2581	7.29281	7.31905	7.38653	7.22532	7.29281
9.29393	7.29967	7.32081	7.38553	7.22778	7.29967
9.32989	7.29336	7.30843	7.39658	7.22254	7.29336
9.36599	7.29149	7.31301	7.38683	7.22164	7.29149
9.40221	7.2844	7.31639	7.38825	7.21372	7.2844
9.43859	7.29436	7.31604	7.38892	7.21733	7.29436
9.4751	7.29629	7.31478	7.38236	7.22013	7.29629
9.51175	7.29329	7.31227	7.38852	7.22179	7.29329
9.54854	7.29254	7.31137	7.38763	7.21832	7.29254
9.58546	7.30094	7.31644	7.38771	7.22186	7.30094
9.62254	7.29205	7.31302	7.39306	7.22352	7.29205
9.65975	7.29207	7.31928	7.38638	7.22549	7.29207
9.6971	7.29898	7.3211	7.38264	7.22116	7.29898
9.73459	7.2921	7.31943	7.39085	7.22666	7.2921
9.77223	7.30192	7.31871	7.38681	7.21999	7.30192
9.81001	7.30266	7.32079	7.38146	7.22949	7.30266
9.84794	7.28941	7.31237	7.39226	7.2255	7.28941
9.886	7.2922	7.31289	7.38824	7.21627	7.2922
9.92421	7.29396	7.31654	7.38492	7.22257	7.29396
9.96257	7.29257	7.32041	7.38645	7.2199	7.29257
10.0011	7.29555	7.32333	7.38421	7.22736	7.29555
10.0397	7.30062	7.31758	7.38426	7.2209	7.30062
10.0785	7.28872	7.31537	7.38586	7.22107	7.28872
10.1175	7.29109	7.31905	7.37545	7.22106	7.29109
10.1566	7.29477	7.32094	7.38529	7.22475	7.29477
10.1958	7.29916	7.31345	7.38649	7.21976	7.29916
10.2352	7.29845	7.31634	7.3863	7.21483	7.29845
10.2748	7.29599	7.31497	7.37992	7.22558	7.29599
10.3145	7.29752	7.31628	7.38135	7.21837	7.29752
10.3543	7.29832	7.31738	7.38258	7.22783	7.29832
10.3943	7.29086	7.32091	7.38466	7.21548	7.29086
10.4345	7.29649	7.32267	7.37997	7.22199	7.29649
10.4747	7.29397	7.3152	7.38456	7.21582	7.29397
10.5152	7.28897	7.32059	7.39108	7.216	7.28897
10.5558	7.29601	7.31603	7.38059	7.2257	7.29601
10.5966	7.29419	7.31576	7.38428	7.22433	7.29419
10.6375	7.291	7.32564	7.37967	7.22428	7.291
10.6786	7.29896	7.31293	7.39078	7.22015	7.29896
10.7198	7.28782	7.31648	7.39359	7.22275	7.28782
10.7612	7.29523	7.31944	7.38188	7.21993	7.29523
10.8027	7.29445	7.3178	7.38014	7.21991	7.29445
10.8444	7.29409	7.32135	7.38513	7.22211	7.29409
10.8863	7.28691	7.32383	7.38911	7.22083	7.28691
10.9283	7.29131	7.32475	7.38371	7.2281	7.29131
10.9705	7.29	7.31505	7.37718	7.22303	7.29
11.0128	7.29598	7.32005	7.37737	7.21978	7.29598
11.0554	7.28771	7.31748	7.39018	7.22308	7.28771
11.098	7.29168	7.32085	7.38697	7.21881	7.29168
11.1409	7.28792	7.31278	7.3827	7.22178	7.28792
11.1839	7.29939	7.31908	7.38427	7.22177	7.29939
11.227	7.29996	7.32061	7.38244	7.21426	7.29996
11.2703	7.29304	7.3169	7.38515	7.22307	7.29304
11.3138	7.29078	7.31389	7.38316	7.22163	7.29078
11.3575	7.28488	7.31737	7.39116	7.22047	7.28488
11.4013	7.28948	7.32216	7.3853	7.21901	7.28948
11.4453	7.28611	7.31808	7.37952	7.2284	7.28611
11.4894	7.29007	7.31508	7.38354	7.2269	7.29007
11.5337	7.29053	7.31313	7.38857	7.22574	7.29053
11.5782	7.28617	7.31456	7.38354	7.22094	7.28617
11.6229	7.2846	7.32391	7.38805	7.22719	7.2846
11.6677	7.28536	7.31628	7.38815	7.22606	7.28536
11.7127	7.28943	7.31199	7.38847	7.22153	7.28943
11.7579	7.29121	7.31838	7.38852	7.21801	7.29121
11.8032	7.29143	7.31574	7.38629	7.22959	7.29143
11.8487	7.29657	7.31595	7.3856	7.22391	7.29657
11.8944	7.28791	7.32079	7.38888	7.22949	7.28791
11.9403	7.29078	7.32008	7.38495	7.22194	7.29078
11.9863	7.29992	7.31457	7.38474	7.22496	7.29992
12.0325	7.29011	7.30802	7.38948	7.22799	7.29011
12.0789	7.29468	7.31446	7.38873	7.2284	7.29468
12.1255	7.29215	7.31681	7.38553	7.22212	7.29215
12.1722	7.28849	7.31454	7.38279	7.22822	7.28849
12.2191	7.29479	7.31429	7.38662	7.22322	7.29479
12.2662	7.29447	7.31455	7.38836	7.22719	7.29447
12.3135	7.29605	7.31493	7.39391	7.23063	7.29605
12.361	7.29572	7.32182	7.38651	7.22309	7.29572
12.4086	7.2983	7.31848	7.38387	7.22541	7.2983
12.4564	7.29515	7.32858	7.38558	7.22785	7.29515
12.5044	7.29204	7.31824	7.39335	7.22769	7.29204
12.5526	7.30153	7.31689	7.38971	7.22645	7.30153
12.601	7.2953	7.31507	7.39093	7.22827	7.2953
12.6495	7.29677	7.32345	7.39305	7.22407	7.29677
12.6983	7.2963	7.31974	7.39097	7.22151	7.2963
12.7472	7.28847	7.3143	7.38653	7.22867	7.28847
12.7963	7.28949	7.31909	7.3912	7.22436	7.28949
12.8456	7.28716	7.3135	7.38648	7.22511	7.28716
12.8951	7.29692	7.31994	7.39134	7.22831	7.29692
12.9447	7.28976	7.3186	7.38966	7.22687	7.28976
12.9946	7.29162	7.31955	7.38393	7.22892	7.29162
13.0447	7.28738	7.31903	7.38554	7.228	7.28738
13.0949	7.29454	7.318	7.38562	7.22804	7.29454
13.1453	7.29705	7.32036	7.38534	7.22726	7.29705
13.1959	7.29587	7.31994	7.39596	7.23053	7.29587
13.2468	7.29281	7.31679	7.38399	7.23244	7.29281
13.2978	7.29372	7.31692	7.38753	7.2269	7.29372
13.349	7.29521	7.31875	7.38436	7.22247	7.29521
13.4004	7.29159	7.32478	7.38548	7.2302	7.29159
13.452	7.29463	7.31618	7.38667	7.22806	7.29463
13.5038	7.2955	7.32314	7.39	7.22829	7.2955
13.5558	7.29329	7.31414	7.39269	7.22831	7.29329
13.608	7.29314	7.3197	7.39025	7.21913	7.29314
13.6603	7.29686	7.31806	7.38411	7.22527	7.29686
13.7129	7.29341	7.31824	7.38963	7.2287	7.29341
13.7657	7.29293	7.31552	7.38607	7.22594	7.29293
13.8187	7.29666	7.32377	7.38676	7.22403	7.29666
13.8719	7.29547	7.32066	7.38889	7.23093	7.29547
13.9253	7.29479	7.31991	7.38713	7.22091	7.29479
13.9789	7.29842	7.32075	7.3961	7.23317	7.29842
14.0327	7.30137	7.31877	7.38865	7.2279	7.30137
14.0867	7.29549	7.31792	7.39109	7.22821	7.29549
14.1409	7.30092	7.31851	7.39376	7.22031	7.30092
14.1953	7.29809	7.31403	7.38808	7.2254	7.29809
14.2499	7.302	7.31948	7.3886	7.22753	7.302
14.3047	7.3006	7.3285	7.39064	7.22488	7.3006
14.3598	7.296	7.3239	7.39544	7.22136	7.296
14.415	7.29797	7.31758	7.38562	7.22529	7.29797
14.4705	7.29682	7.32465	7.38811	7.23114	7.29682
14.5262	7.2956	7.31913	7.38716	7.22865	7.2956
14.582	7.29552	7.32957	7.38262	7.22679	7.29552
14.6381	7.29118	7.32058	7.39611	7.22446	7.29118
14.6944	7.29293	7.32512	7.38783	7.22201	7.29293
14.751	7.29397	7.3277	7.3966	7.22636	7.29397
14.8077	7.29222	7.32481	7.39135	7.22247	7.29222
14.8647	7.29449	7.32548	7.3885	7.22219	7.29449
14.9218	7.29849	7.32207	7.39309	7.22396	7.29849
14.9792	7.29507	7.31461	7.39298	7.22017	7.29507
15.0368	7.29744	7.31754	7.38982	7.22337	7.29744
15.0947	7.29924	7.31815	7.39613	7.22581	7.29924
15.1527	7.293	7.32149	7.38682	7.22051	7.293
15.211	7.29338	7.32548	7.39219	7.22351	7.29338
15.2695	7.29235	7.31675	7.3881	7.22169	7.29235
15.3282	7.29569	7.32052	7.38734	7.22149	7.29569
15.3871	7.28883	7.32273	7.39221	7.22516	7.28883
15.4463	7.29162	7.32103	7.38831	7.22616	7.29162
15.5056	7.29303	7.3206	7.39364	7.22403	7.29303
15.5653	7.29228	7.32069	7.39445	7.22512	7.29228
15.6251	7.29074	7.32327	7.39123	7.22562	7.29074
15.6852	7.29606	7.3143	7.38982	7.23018	7.29606
15.7455	7.29667	7.32171	7.39094	7.22355	7.29667
15.806	7.29219	7.31884	7.3958	7.22756	7.29219
15.8667	7.29437	7.3166	7.39038	7.22588	7.29437
15.9277	7.28937	7.31943	7.39269	7.22918	7.28937
15.9889	7.29656	7.3211	7.39539	7.22417	7.29656
16.0504	7.29697	7.3171	7.39114	7.22023	7.29697
16.1121	7.2945	7.32463	7.38742	7.22564	7.2945
16.174	7.29457	7.32403	7.38732	7.23059	7.29457
16.2362	7.29577	7.3266	7.38416	7.23004	7.29577
16.2986	7.29241	7.32164	7.39415	7.22471	7.29241
16.3612	7.29416	7.31842	7.39065	7.22514	7.29416
16.4241	7.29529	7.31727	7.38646	7.22289	7.29529
16.4872	7.29408	7.32291	7.39593	7.22463	7.29408
16.5505	7.29559	7.32223	7.39268	7.22024	7.29559
16.6141	7.29706	7.31925	7.38528	7.22838	7.29706
16.6779	7.29144	7.32227	7.39371	7.22568	7.29144
16.742	7.29486	7.31678	7.38833	7.2288	7.29486
16.8063	7.30101	7.32227	7.38829	7.22732	7.30101
16.8709	7.30184	7.32359	7.38906	7.2263	7.30184
16.9357	7.29068	7.32122	7.39533	7.22657	7.29068
17.0008	7.29738	7.31946	7.39171	7.22468	7.29738
17.0661	7.29874	7.31878	7.3909	7.2266	7.29874
17.1316	7.29514	7.32363	7.39084	7.22894	7.29514
17.1974	7.29265	7.32233	7.39144	7.22602	7.29265
17.2635	7.29051	7.32225	7.38653	7.22625	7.29051
17.3298	7.29538	7.32192	7.39049	7.22901	7.29538
17.3963	7.29475	7.32125	7.38447	7.22808	7.29475
17.4632	7.30078	7.31897	7.38949	7.22809	7.30078
17.5302	7.2978	7.31814	7.38971	7.23164	7.2978
17.5975	7.29629	7.3204	7.38932	7.22555	7.29629
17.6651	7.30065	7.32264	7.38913	7.21873	7.30065
17.733	7.29928	7.31828	7.38559	7.2334	7.29928
17.801	7.30284	7.32067	7.38237	7.22264	7.30284
17.8694	7.30168	7.32163	7.38724	7.22817	7.30168
17.938	7.29818	7.32072	7.39275	7.22267	7.29818
18.0069	7.29901	7.31833	7.39709	7.22868	7.29901
18.076	7.29657	7.31988	7.39579	7.23214	7.29657
18.1454	7.29967	7.32	7.38912	7.22622	7.29967
18.2151	7.29817	7.32307	7.39083	7.23095	7.29817
18.285	7.30137	7.31728	7.39126	7.22655	7.30137
18.3552	7.29435	7.32394	7.39207	7.23109	7.29435
18.4257	7.29691	7.32245	7.39322	7.22557	7.29691
18.4964	7.29883	7.32134	7.39215	7.22957	7.29883
18.5674	7.29952	7.32569	7.39206	7.22972	7.29952
18.6387	7.29656	7.32197	7.39442	7.23252	7.29656
18.7102	7.29778	7.32563	7.38644	7.23063	7.29778
18.782	7.29344	7.32174	7.39073	7.23336	7.29344
18.8541	7.29879	7.32733	7.39057	7.22619	7.29879
18.9265	7.2934	7.32476	7.39257	7.23385	7.2934
18.9991	7.3	7.32733	7.39135	7.23349	7.3
19.072	7.29167	7.32195	7.39124	7.22835	7.29167
19.1452	7.28913	7.3217	7.39729	7.23267	7.28913
19.2187	7.29479	7.32342	7.39295	7.23114	7.29479
19.2924	7.29219	7.32055	7.38869	7.2294	7.29219
19.3665	7.29221	7.32196	7.39294	7.22769	7.29221
19.4408	7.29775	7.32639	7.38988	7.22725	7.29775
19.5154	7.29729	7.31931	7.38802	7.22489	7.29729
19.5903	7.29553	7.32312	7.38475	7.23288	7.29553
19.6654	7.29635	7.32802	7.38836	7.22672	7.29635
19.7409	7.29623	7.3234	7.3967	7.23247	7.29623
19.8166	7.29357	7.33308	7.39429	7.22909	7.29357
19.8926	7.29866	7.32593	7.38939	7.23206	7.29866
19.9689	7.29426	7.31964	7.39717	7.22794	7.29426
20.0455	7.29409	7.32573	7.39418	7.22971	7.29409
20.1224	7.29697	7.31767	7.3973	7.23572	7.29697
20.1996	7.29709	7.32026	7.3942	7.22786	7.29709
20.2771	7.29573	7.32743	7.39576	7.22681	7.29573
20.3549	7.29521	7.3241	7.39207	7.23219	7.29521
20.433	7.2976	7.32582	7.3871	7.23359	7.2976
20.5114	7.29825	7.32407	7.39251	7.22908	7.29825
20.59	7.29846	7.32121	7.39195	7.2308	7.29846
20.669	7.29501	7.32085	7.39323	7.22964	7.29501
20.7483	7.29933	7.32466	7.39471	7.22816	7.29933
20.8278	7.30099	7.32253	7.39432	7.23026	7.30099
20.9077	7.29469	7.32833	7.39531	7.22897	7.29469
20.9879	7.30238	7.32723	7.39829	7.23218	7.30238
21.0684	7.30071	7.32228	7.39631	7.22278	7.30071
21.1492	7.29716	7.327	7.39614	7.23086	7.29716
21.2303	7.30273	7.32193	7.39421	7.23146	7.30273
21.3117	7.29618	7.3277	7.39435	7.23648	7.29618
21.3934	7.2979	7.3216	7.3952	7.23316	7.2979
21.4754	7.30221	7.32593	7.39726	7.22995	7.30221
21.5578	7.30049	7.31987	7.39213	7.23207	7.30049
21.6404	7.29584	7.3205	7.39493	7.2319	7.29584
21.7234	7.2958	7.32492	7.39211	7.23079	7.2958
21.8067	7.30001	7.32736	7.39203	7.23203	7.30001
21.8903	7.30782	7.32706	7.39027	7.22985	7.30782
21.9742	7.29849	7.32326	7.39696	7.23295	7.29849
22.0585	7.30381	7.3251	7.39355	7.23119	7.30381
22.143	7.29315	7.32694	7.39598	7.22967	7.29315
22.2279	7.30036	7.32387	7.39546	7.229	7.30036
22.3131	7.30345	7.32677	7.39218	7.22857	7.30345
22.3986	7.29823	7.32534	7.39142	7.23274	7.29823
22.4845	7.29793	7.32411	7.39588	7.23304	7.29793
22.5707	7.29991	7.32559	7.39265	7.23362	7.29991
22.6572	7.2957	7.32807	7.39819	7.22435	7.2957
22.744	7.29525	7.32414	7.39116	7.23172	7.29525
22.8312	7.29403	7.31996	7.39642	7.22786	7.29403
22.9187	7.29743	7.32531	7.39272	7.2303	7.29743
23.0066	7.29863	7.32397	7.3937	7.22947	7.29863
23.0947	7.29665	7.32455	7.3954	7.23	7.29665
23.1833	7.29735	7.32594	7.39381	7.23029	7.29735
23.2721	7.29294	7.32556	7.39555	7.2302	7.29294
23.3613	7.29963	7.32502	7.39324	7.22875	7.29963
23.4508	7.29461	7.32527	7.3914	7.23507	7.29461
23.5407	7.29636	7.32527	7.39077	7.23324	7.29636
23.6309	7.29654	7.32552	7.39539	7.23018	7.29654
23.7214	7.29274	7.32543	7.39463	7.22662	7.29274
23.8123	7.29755	7.32205	7.39503	7.23038	7.29755
23.9036	7.30227	7.323	7.39298	7.23206	7.30227
23.9951	7.29479	7.32381	7.39088	7.2274	7.29479
24.0871	7.29675	7.32689	7.39037	7.22927	7.29675
24.1794	7.29817	7.32236	7.39124	7.23272	7.29817
24.272	7.29887	7.32362	7.39471	7.23223	7.29887
24.365	7.30368	7.323	7.39701	7.2281	7.30368
24.4583	7.29861	7.3232	7.39329	7.233	7.29861
24.552	7.30287	7.32534	7.39826	7.23198	7.30287
24.6461	7.29742	7.32678	7.39542	7.23395	7.29742
24.7405	7.29896	7.32927	7.39598	7.23183	7.29896
24.8353	7.30727	7.32508	7.39474	7.23237	7.30727
24.9304	7.30721	7.32725	7.40026	7.2296	7.30721
25.0259	7.30232	7.32207	7.39547	7.23052	7.30232
25.1218	7.30528	7.32353	7.39652	7.23405	7.30528
25.218	7.29943	7.32091	7.39222	7.23557	7.29943
25.3146	7.2999	7.32509	7.39644	7.23514	7.2999
25.4116	7.30189	7.32404	7.39758	7.23536	7.30189
25.5089	7.30283	7.32477	7.39742	7.23419	7.30283
25.6066	7.29715	7.3238	7.3964	7.23266	7.29715
25.7047	7.30308	7.33075	7.39763	7.23223	7.30308
25.8031	7.29979	7.32604	7.39519	7.22944	7.29979
25.9019	7.30167	7.32628	7.3902	7.23302	7.30167
26.0011	7.29976	7.32688	7.39318	7.23093	7.29976
26.1007	7.30029	7.32858	7.39719	7.23728	7.30029
26.2007	7.29968	7.32515	7.38988	7.23262	7.29968
26.301	7.30424	7.32503	7.39607	7.22489	7.30424
26.4017	7.29452	7.32807	7.39221	7.22913	7.29452
26.5028	7.30005	7.32702	7.39635	7.23209	7.30005
26.6043	7.29531	7.32273	7.39232	7.22915	7.29531
26.7062	7.29145	7.32619	7.39116	7.23006	7.29145
26.8084	7.29528	7.32399	7.39405	7.23385	7.29528
26.9111	7.29606	7.32403	7.39279	7.23165	7.29606
27.0141	7.29863	7.32583	7.39424	7.23113	7.29863
27.1176	7.29918	7.32668	7.39561	7.22977	7.29918
27.2214	7.29477	7.32727	7.39438	7.2306	7.29477
27.3256	7.29892	7.32183	7.39311	7.22969	7.29892
27.4302	7.29269	7.32153	7.39501	7.23033	7.29269
27.5352	7.29874	7.32566	7.39624	7.22799	7.29874
27.6407	7.2997	7.32791	7.39492	7.22916	7.2997
27.7465	7.30189	7.32402	7.39222	7.22755	7.30189
27.8527	7.30166	7.32456	7.39298	7.23063	7.30166
27.9593	7.30455	7.3267	7.39367	7.22631	7.30455
28.0664	7.30249	7.32932	7.39758	7.22976	7.30249
28.1738	7.29899	7.33159	7.39609	7.22952	7.29899
28.2816	7.30198	7.33066	7.39525	7.23182	7.30198
28.3899	7.30184	7.3323	7.3956	7.23229	7.30184
28.4986	7.3002	7.32786	7.39551	7.23649	7.3002
28.6077	7.30063	7.33055	7.39998	7.23947	7.30063
28.7172	7.30526	7.33091	7.3949	7.23579	7.30526
28.8271	7.2979	7.32936	7.39589	7.22887	7.2979
28.9374	7.30462	7.32667	7.39635	7.23374	7.30462
29.0482	7.30107	7.32951	7.39287	7.23327	7.30107
29.1593	7.30259	7.3325	7.39922	7.22983	7.30259
29.2709	7.29769	7.32648	7.39619	7.23528	7.29769
29.383	7.29891	7.32666	7.39076	7.23747	7.29891
29.4954	7.30082	7.3284	7.39571	7.23323	7.30082
29.6083	7.30504	7.32899	7.3939	7.23188	7.30504
29.7216	7.30331	7.3281	7.39442	7.23286	7.30331
29.8354	7.30097	7.32845	7.3928	7.23443	7.30097
29.9495	7.30066	7.32645	7.39423	7.23191	7.30066
30.0641	7.30178	7.32903	7.39227	7.22724	7.30178
30.1792	7.30025	7.32482	7.39806	7.23029	7.30025
30.2947	7.29314	7.32902	7.39417	7.22676	7.29314
30.4106	7.3013	7.33491	7.39823	7.23349	7.3013
30.527	7.30022	7.32582	7.39063	7.23033	7.30022
30.6438	7.29716	7.33067	7.39119	7.22952	7.29716
30.761	7.29228	7.32778	7.39073	7.23142	7.29228
30.8787	7.30348	7.32826	7.39367	7.23021	7.30348
30.9969	7.29472	7.32932	7.39357	7.22682	7.29472
31.1155	7.30006	7.32823	7.39629	7.22987	7.30006
31.2345	7.29524	7.32689	7.39264	7.23012	7.29524
31.354	7.29949	7.32951	7.3908	7.23073	7.29949
31.474	7.29701	7.32928	7.39335	7.23396	7.29701
31.5944	7.30089	7.33239	7.39112	7.22964	7.30089
31.7153	7.29967	7.33205	7.39532	7.23316	7.29967
31.8366	7.30331	7.32552	7.39383	7.23499	7.30331
31.9584	7.30437	7.32739	7.39599	7.23249	7.30437
32.0806	7.30246	7.3292	7.39627	7.23511	7.30246
32.2034	7.29831	7.32803	7.39286	7.2378	7.29831
32.3266	7.306	7.32923	7.39557	7.23724	7.306
32.4502	7.30588	7.3305	7.39443	7.23606	7.30588
32.5743	7.30468	7.33079	7.39539	7.23543	7.30468
32.699	7.30771	7.32981	7.39361	7.23755	7.30771
32.824	7.30835	7.3295	7.39621	7.23611	7.30835
32.9496	7.30523	7.33125	7.39803	7.23635	7.30523
33.0756	7.30482	7.33196	7.39382	7.23165	7.30482
33.2021	7.30383	7.33225	7.39943	7.23275	7.30383
33.3291	7.30443	7.332	7.3977	7.23199	7.30443
33.4566	7.30094	7.33178	7.39855	7.23552	7.30094
33.5846	7.30197	7.33006	7.39566	7.23178	7.30197
33.713	7.30154	7.33128	7.39788	7.23437	7.30154
33.842	7.2986	7.33211	7.3989	7.23173	7.2986
33.9714	7.30058	7.33438	7.3968	7.23252	7.30058
34.1013	7.3014	7.33585	7.39673	7.23169	7.3014
34.2317	7.29779	7.3326	7.39617	7.23435	7.29779
34.3626	7.29817	7.33172	7.39675	7.2252	7.29817
34.4941	7.29526	7.33007	7.40008	7.23011	7.29526
34.626	7.29835	7.32835	7.39733	7.22897	7.29835
34.7584	7.30202	7.32898	7.39526	7.23188	7.30202
34.8913	7.30185	7.33427	7.39164	7.23134	7.30185
35.0247	7.29939	7.33487	7.3961	7.23491	7.29939
35.1587	7.30252	7.32822	7.39872	7.23463	7.30252
35.2931	7.29874	7.33067	7.39388	7.23282	7.29874
35.4281	7.30323	7.32979	7.39333	7.23425	7.30323
35.5635	7.30191	7.32878	7.39136	7.24081	7.30191
35.6995	7.30314	7.33211	7.39476	7.2379	7.30314
35.836	7.30164	7.32614	7.39586	7.23481	7.30164
35.973	7.30231	7.33347	7.39971	7.23405	7.30231
36.1106	7.30776	7.33099	7.39361	7.23886	7.30776
36.2487	7.30564	7.33327	7.39652	7.23661	7.30564
36.3873	7.30418	7.33107	7.39508	7.23446	7.30418
36.5264	7.30719	7.34137	7.3984	7.23474	7.30719
36.666	7.30256	7.3363	7.3975	7.23514	7.30256
36.8062	7.30593	7.33074	7.39702	7.23788	7.30593
36.9469	7.30468	7.33066	7.39525	7.23239	7.30468
37.0882	7.30282	7.33168	7.39702	7.23337	7.30282
37.23	7.30659	7.33545	7.39632	7.23803	7.30659
37.3723	7.30326	7.33386	7.3943	7.23664	7.30326
37.5152	7.3025	7.33374	7.3923	7.23481	7.3025
37.6586	7.29613	7.33192	7.39277	7.23798	7.29613
37.8026	7.29816	7.33452	7.39266	7.23871	7.29816
37.9471	7.30002	7.33354	7.39206	7.23481	7.30002
38.0921	7.30252	7.3327	7.39009	7.23196	7.30252
38.2378	7.29816	7.33274	7.39165	7.2313	7.29816
38.3839	7.29586	7.33146	7.39039	7.23331	7.29586
38.5306	7.29902	7.33205	7.39173	7.22762	7.29902
38.6779	7.29918	7.33168	7.38912	7.23351	7.29918
38.8258	7.30015	7.3308	7.39079	7.22915	7.30015
38.9742	7.29986	7.33279	7.39566	7.23334	7.29986
39.1231	7.30293	7.3333	7.39135	7.23634	7.30293
39.2727	7.29996	7.32937	7.39186	7.23701	7.29996
39.4228	7.30237	7.33103	7.39328	7.23797	7.30237
39.5735	7.30332	7.332	7.39457	7.23902	7.30332
39.7247	7.30302	7.32991	7.3958	7.23722	7.30302
39.8766	7.30373	7.32392	7.39352	7.24022	7.30373
40.029	7.30286	7.32838	7.3913	7.23965	7.30286
40.182	7.30316	7.33055	7.38998	7.23756	7.30316
40.3355	7.30113	7.32833	7.3956	7.23671	7.30113
40.4897	7.30139	7.33421	7.39493	7.23702	7.30139
40.6444	7.30521	7.32876	7.39743	7.24179	7.30521
40.7998	7.30307	7.33251	7.39411	7.23775	7.30307
40.9557	7.30443	7.33734	7.39296	7.23806	7.30443
41.1122	7.30048	7.33498	7.39482	7.23709	7.30048
41.2693	7.30041	7.3324	7.39596	7.23555	7.30041
41.427	7.30079	7.33406	7.39554	7.24083	7.30079
41.5853	7.30409	7.33279	7.39181	7.24252	7.30409
41.7443	7.30114	7.33705	7.39558	7.23672	7.30114
41.9038	7.29916	7.33403	7.39227	7.23743	7.29916
42.0639	7.29842	7.33699	7.39428	7.23423	7.29842
42.2246	7.30002	7.33851	7.39972	7.23564	7.30002
42.386	7.30224	7.33236	7.39572	7.23557	7.30224
42.548	7.30167	7.33427	7.39971	7.23743	7.30167
42.7105	7.30512	7.33313	7.39641	7.23487	7.30512
42.8737	7.30057	7.33583	7.39615	7.2344	7.30057
43.0376	7.30268	7.3324	7.39609	7.2341	7.30268
43.202	7.30642	7.33405	7.39583	7.23541	7.30642
43.3671	7.30285	7.33246	7.39675	7.23198	7.30285
43.5328	7.3065	7.33439	7.39449	7.23579	7.3065
43.6991	7.30339	7.3341	7.39552	7.2369	7.30339
43.8661	7.31035	7.33377	7.39565	7.23629	7.31035
44.0337	7.30724	7.33287	7.39305	7.23776	7.30724
44.2019	7.30681	7.33214	7.39521	7.23991	7.30681
44.3708	7.30563	7.33118	7.3989	7.24042	7.30563
44.5403	7.30686	7.33517	7.39685	7.23966	7.30686
44.7105	7.30668	7.33401	7.39608	7.23868	7.30668
44.8813	7.30285	7.33444	7.3929	7.2347	7.30285
45.0527	7.30301	7.33401	7.39403	7.23954	7.30301
45.2249	7.29626	7.33123	7.39671	7.239	7.29626
45.3976	7.29754	7.33286	7.3955	7.23757	7.29754
45.5711	7.29835	7.33398	7.39644	7.23721	7.29835
45.7452	7.29527	7.32853	7.39266	7.23618	7.29527
45.9199	7.29651	7.33569	7.39442	7.23537	7.29651
46.0953	7.29984	7.33251	7.39637	7.23504	7.29984
46.2714	7.30039	7.33107	7.39713	7.23052	7.30039
46.4482	7.30109	7.33063	7.39507	7.23093	7.30109
46.6256	7.30311	7.32894	7.3956	7.23455	7.30311
46.8037	7.30121	7.33263	7.39783	7.23727	7.30121
46.9825	7.30144	7.33375	7.39252	7.2357	7.30144
47.162	7.30321	7.33328	7.39701	7.23375	7.30321
47.3421	7.30495	7.33302	7.39182	7.23554	7.30495
47.5229	7.30154	7.32898	7.39702	7.23311	7.30154
47.7045	7.30454	7.33114	7.39405	7.23989	7.30454
47.8867	7.30449	7.33336	7.3974	7.23654	7.30449
48.0696	7.30243	7.3312	7.39742	7.23666	7.30243
48.2532	7.30242	7.33225	7.39601	7.23557	7.30242
48.4375	7.3028	7.33391	7.39475	7.23736	7.3028
48.6225	7.29656	7.33353	7.39568	7.23525	7.29656
48.8082	7.29923	7.33287	7.3967	7.23743	7.29923
48.9946	7.30282	7.33349	7.39703	7.23603	7.30282
49.1818	7.29721	7.33288	7.39819	7.23597	7.29721
49.3696	7.2993	7.33104	7.39769	7.23606	7.2993
49.5582	7.297	7.33071	7.39829	7.23873	7.297
49.7474	7.29995	7.32948	7.39496	7.23768	7.29995
49.9374	7.29793	7.3341	7.39383	7.2371	7.29793
50.1281	7.30035	7.33106	7.39466	7.23761	7.30035
50.3196	7.30124	7.33281	7.39896	7.23872	7.30124
50.5117	7.29831	7.3354	7.40215	7.23473	7.29831
50.7047	7.30152	7.33137	7.39783	7.23453	7.30152
50.8983	7.30284	7.33189	7.39579	7.23405	7.30284
51.0927	7.30386	7.33401	7.39217	7.23346	7.30386
51.2878	7.30153	7.33474	7.39649	7.23626	7.30153
51.4837	7.30264	7.33544	7.39419	7.23718	7.30264
51.6802	7.30147	7.3347	7.39649	7.23248	7.30147
51.8776	7.30143	7.33462	7.40072	7.23824	7.30143
52.0757	7.3031	7.33668	7.39693	7.23835	7.3031
52.2746	7.29914	7.33571	7.3959	7.23767	7.29914
52.4742	7.29706	7.33545	7.39654	7.23518	7.29706
52.6746	7.29795	7.33433	7.39968	7.23543	7.29795
52.8757	7.29554	7.3352	7.39925	7.23848	7.29554
53.0776	7.29643	7.33249	7.39539	7.23502	7.29643
53.2803	7.299	7.33333	7.39519	7.23785	7.299
53.4837	7.29937	7.33336	7.39502	7.23512	7.29937
53.688	7.29769	7.33518	7.39297	7.23845	7.29769
53.8929	7.29813	7.33478	7.39939	7.2358	7.29813
54.0987	7.29598	7.33256	7.39317	7.23496	7.29598
54.3053	7.3042	7.33283	7.39425	7.23782	7.3042
54.5126	7.30365	7.33006	7.39183	7.23447	7.30365
54.7208	7.30339	7.33119	7.39363	7.23161	7.30339
54.9297	7.30416	7.33546	7.39224	7.23377	7.30416
55.1394	7.30431	7.33422	7.39907	7.23518	7.30431
55.3499	7.30094	7.33578	7.39577	7.23934	7.30094
55.5613	7.3	7.33717	7.39323	7.23807	7.3
55.7734	7.30063	7.33554	7.39505	7.24159	7.30063
55.9864	7.29864	7.33051	7.39752	7.23809	7.29864
56.2001	7.29846	7.33303	7.39806	7.23885	7.29846
56.4147	7.2999	7.33395	7.40289	7.23913	7.2999
56.63	7.29799	7.33504	7.39907	7.23742	7.29799
56.8462	7.2972	7.33644	7.40148	7.23788	7.2972
57.0633	7.29831	7.33782	7.40151	7.23727	7.29831
57.2811	7.29878	7.33577	7.39968	7.23707	7.29878
57.4998	7.29935	7.33872	7.39979	7.23304	7.29935
57.7193	7.29724	7.33984	7.39714	7.237	7.29724
57.9397	7.30182	7.33476	7.39631	7.23194	7.30182
58.1608	7.30066	7.33793	7.39603	7.23664	7.30066
58.3829	7.30325	7.3337	7.39381	7.23649	7.30325
58.6057	7.30241	7.33469	7.39988	7.2394	7.30241
58.8295	7.30265	7.33634	7.39319	7.23272	7.30265
59.054	7.29902	7.33615	7.39447	7.23562	7.29902
59.2795	7.30262	7.33639	7.39703	7.23793	7.30262
59.5058	7.3019	7.34001	7.39903	7.23601	7.3019
59.7329	7.29768	7.33761	7.39849	7.23863	7.29768
59.9609	7.30031	7.33775	7.39905	7.23781	7.30031
60.1898	7.29414	7.34111	7.39924	7.24041	7.29414
60.4196	7.29685	7.33768	7.39604	7.23927	7.29685
60.6502	7.29625	7.33944	7.39719	7.2377	7.29625
60.8817	7.29958	7.33901	7.39974	7.23825	7.29958
61.1141	7.30182	7.33785	7.39571	7.23823	7.30182
61.3474	7.30017	7.33552	7.39545	7.23519	7.30017
61.5815	7.30293	7.33597	7.39579	7.23385	7.30293
61.8166	7.30116	7.3331	7.39492	7.23323	7.30116
62.0525	7.30435	7.33343	7.3913	7.23065	7.30435
62.2894	7.30267	7.33487	7.39323	7.23327	7.30267
62.5271	7.30297	7.334	7.38982	7.23591	7.30297
62.7658	7.30048	7.33843	7.39082	7.2355	7.30048
63.0053	7.30204	7.33344	7.39341	7.23622	7.30204
63.2458	7.30133	7.33662	7.39441	7.237	7.30133
63.4872	7.29935	7.33577	7.39374	7.23968	7.29935
63.7295	7.29709	7.3362	7.39245	7.23912	7.29709
63.9728	7.29271	7.33518	7.39412	7.23937	7.29271
64.2169	7.29631	7.33781	7.39568	7.24006	7.29631
64.462	7.30091	7.33794	7.39438	7.23989	7.30091
64.708	7.29789	7.33568	7.39704	7.23647	7.29789
64.955	7.30069	7.3402	7.39495	7.2382	7.30069
65.2029	7.30454	7.33943	7.39281	7.23918	7.30454
65.4517	7.30329	7.33912	7.39371	7.23966	7.30329
65.7015	7.3018	7.33967	7.39461	7.2386	7.3018
65.9523	7.30407	7.34207	7.39526	7.23754	7.30407
66.2039	7.3045	7.33859	7.39253	7.2382	7.3045
66.4566	7.30339	7.33824	7.39515	7.23478	7.30339
66.7102	7.30187	7.33714	7.39593	7.23468	7.30187
66.9648	7.29973	7.33362	7.39313	7.23711	7.29973
67.2204	7.29674	7.33406	7.39312	7.23887	7.29674
67.4769	7.29505	7.33601	7.39293	7.24031	7.29505
67.7344	7.29677	7.33596	7.39642	7.23602	7.29677
67.9929	7.29709	7.3358	7.3966	7.24194	7.29709
68.2523	7.29516	7.33501	7.39548	7.23947	7.29516
68.5128	7.29806	7.33764	7.39501	7.24188	7.29806
68.7742	7.29968	7.33674	7.39098	7.23895	7.29968
69.0367	7.29871	7.33635	7.39466	7.24001	7.29871
69.3001	7.30013	7.33534	7.39412	7.23866	7.30013
69.5646	7.30293	7.33589	7.39364	7.23558	7.30293
69.83	7.30335	7.33583	7.39502	7.23795	7.30335
70.0965	7.30191	7.33118	7.3962	7.23621	7.30191
70.364	7.29909	7.33286	7.39358	7.23705	7.29909
70.6324	7.30089	7.3304	7.39306	7.23379	7.30089
70.902	7.2997	7.33415	7.3949	7.23571	7.2997
71.1725	7.2966	7.33758	7.39583	7.23868	7.2966
71.4441	7.29964	7.3358	7.3973	7.23974	7.29964
71.7167	7.29948	7.33701	7.39664	7.24528	7.29948
71.9903	7.29781	7.33851	7.39762	7.24376	7.29781
72.265	7.3	7.33667	7.39613	7.24157	7.3
72.5407	7.29988	7.33495	7.39346	7.23985	7.29988
72.8175	7.30252	7.33341	7.39645	7.24066	7.30252
73.0954	7.30068	7.33334	7.39313	7.24073	7.30068
73.3743	7.30058	7.33369	7.39892	7.23708	7.30058
73.6542	7.30159	7.33934	7.39385	7.23974	7.30159
73.9352	7.29941	7.33661	7.3963	7.23723	7.29941
74.2173	7.29857	7.3346	7.39541	7.23785	7.29857
74.5005	7.29902	7.33541	7.39299	7.2346	7.29902
74.7848	7.29474	7.33746	7.39481	7.23674	7.29474
75.0701	7.29463	7.33565	7.39412	7.24044	7.29463
75.3565	7.29553	7.33933	7.39634	7.24119	7.29553
75.644	7.29523	7.33799	7.39573	7.24055	7.29523
75.9326	7.29841	7.33529	7.3956	7.24045	7.29841
76.2223	7.30093	7.33842	7.39276	7.23747	7.30093
76.5131	7.3018	7.33931	7.39276	7.23844	7.3018
76.805	7.30365	7.33922	7.39648	7.23787	7.30365
77.098	7.30167	7.33489	7.3974	7.23702	7.30167
77.3922	7.3029	7.33441	7.39574	7.23801	7.3029
77.6874	7.30108	7.33752	7.39661	7.23526	7.30108
77.9838	7.29989	7.33831	7.39337	7.23524	7.29989
78.2813	7.29922	7.33745	7.39571	7.23699	7.29922
78.5799	7.29578	7.33883	7.3979	7.23674	7.29578
78.8797	7.29711	7.33407	7.39558	7.2386	7.29711
79.1806	7.29902	7.33505	7.39215	7.23876	7.29902
79.4827	7.29697	7.33741	7.39434	7.23867	7.29697
79.7859	7.30134	7.34016	7.39129	7.23723	7.30134
80.0903	7.30147	7.33829	7.39261	7.24045	7.30147
80.3958	7.30334	7.338	7.39349	7.23982	7.30334
80.7025	7.30151	7.33564	7.39746	7.23857	7.30151
81.0104	7.30297	7.3337	7.39506	7.23728	7.30297
81.3194	7.30065	7.33662	7.39527	7.23669	7.30065
81.6296	7.29768	7.33588	7.39088	7.23518	7.29768
81.941	7.2986	7.33722	7.39376	7.23787	7.2986
82.2536	7.29724	7.33793	7.39632	7.23839	7.29724
82.5674	7.29727	7.33921	7.39648	7.23784	7.29727
82.8823	7.30144	7.34043	7.39585	7.24057	7.30144
83.1985	7.30038	7.34014	7.39298	7.24074	7.30038
83.5158	7.3001	7.33896	7.3927	7.23885	7.3001
83.8344	7.30026	7.33944	7.39093	7.23824	7.30026
84.1542	7.30144	7.33749	7.3914	7.2377	7.30144
84.4752	7.30229	7.33533	7.39263	7.23943	7.30229
84.7974	7.30215	7.33589	7.3919	7.23814	7.30215
85.1209	7.30228	7.33661	7.38799	7.23847	7.30228
85.4456	7.29841	7.33537	7.38798	7.23667	7.29841
85.7715	7.29677	7.33659	7.39	7.23607	7.29677
86.0986	7.29676	7.33909	7.39312	7.23648	7.29676
86.4271	7.29913	7.3411	7.38998	7.23638	7.29913
86.7567	7.29908	7.34333	7.38997	7.23952	7.29908
87.0876	7.29948	7.34185	7.38976	7.24017	7.29948
87.4198	7.3013	7.33947	7.38309	7.24012	7.3013
87.7533	7.3	7.3395	7.3851	7.23964	7.3
88.088	7.29972	7.33758	7.38803	7.24133	7.29972
88.4239	7.30028	7.33823	7.39142	7.23729	7.30028
88.7612	7.29966	7.33893	7.39087	7.23477	7.29966
89.0997	7.29748	7.33604	7.38875	7.23481	7.29748
89.4396	7.29793	7.33561	7.38985	7.23591	7.29793
89.7807	7.29436	7.33798	7.39095	7.23654	7.29436
90.1231	7.29522	7.33641	7.39152	7.23719	7.29522
90.4669	7.2969	7.334	7.38954	7.2377	7.2969
90.8119	7.29677	7.334	7.38904	7.23696	7.29677
91.1583	7.30054	7.33587	7.39032	7.2404	7.30054
91.5059	7.30236	7.33337	7.39134	7.2403	7.30236
91.8549	7.30082	7.33224	7.38969	7.23962	7.30082
92.2053	7.29812	7.33342	7.39305	7.23876	7.29812
92.5569	7.29889	7.33291	7.3922	7.23961	7.29889
92.9099	7.29762	7.3328	7.38819	7.23894	7.29762
93.2643	7.29727	7.33417	7.39023	7.23842	7.29727
93.6199	7.29796	7.33676	7.38917	7.23548	7.29796
93.977	7.2943	7.33765	7.38985	7.23616	7.2943
94.3354	7.29678	7.33605	7.3895	7.23754	7.29678
94.6952	7.29778	7.33642	7.38849	7.24034	7.29778
95.0563	7.29977	7.33572	7.38758	7.24045	7.29977
95.4188	7.2995	7.33746	7.38801	7.23946	7.2995
95.7827	7.29952	7.33795	7.39072	7.23897	7.29952
96.148	7.29833	7.33565	7.39215	7.23896	7.29833
96.5147	7.29688	7.33523	7.38898	7.23945	7.29688
96.8827	7.29544	7.33597	7.38916	7.23835	7.29544
97.2522	7.29626	7.33499	7.39206	7.23886	7.29626
97.6231	7.29672	7.33788	7.39302	7.23915	7.29672
97.9954	7.29768	7.33814	7.39438	7.23576	7.29768
98.3691	7.30106	7.33206	7.39005	7.23607	7.30106
98.7442	7.29838	7.3374	7.39073	7.23598	7.29838
99.1208	7.30202	7.33806	7.3904	7.2388	7.30202
99.4988	7.29676	7.33565	7.39019	7.23915	7.29676
99.8782	7.30103	7.3358	7.38645	7.23938	7.30103
100.259	7.29683	7.33643	7.38744	7.2386	7.29683
100.641	7.29631	7.33605	7.3901	7.23881	7.29631
101.025	7.29467	7.33264	7.39137	7.23834	7.29467
101.41	7.29229	7.33694	7.39235	7.23719	7.29229
101.797	7.29706	7.33275	7.3924	7.2378	7.29706
102.185	7.29834	7.33906	7.38706	7.23602	7.29834
102.575	7.3006	7.34206	7.38686	7.23907	7.3006
102.966	7.2968	7.33978	7.38536	7.2388	7.2968
103.359	7.29732	7.3399	7.38271	7.23857	7.29732
103.753	7.29392	7.33922	7.38467	7.23955	7.29392
104.148	7.29328	7.34103	7.39002	7.23932	7.29328
104.546	7.29506	7.33714	7.38975	7.23641	7.29506
104.944	7.29425	7.33676	7.38922	7.23794	7.29425
105.344	7.2961	7.33713	7.38992	7.23539	7.2961
105.746	7.2966	7.33569	7.39007	7.23452	7.2966
106.149	7.30194	7.33674	7.38648	7.23727	7.30194
106.554	7.29958	7.34191	7.38903	7.23818	7.29958
106.96	7.2978	7.34228	7.38779	7.23986	7.2978
107.368	7.29569	7.34425	7.38669	7.2401	7.29569
107.778	7.29559	7.34214	7.38781	7.23981	7.29559
108.189	7.29154	7.34106	7.38421	7.23814	7.29154
108.601	7.29366	7.33745	7.38675	7.23877	7.29366
109.015	7.29627	7.33798	7.38682	7.23652	7.29627
109.431	7.2976	7.33953	7.38701	7.23822	7.2976
109.848	7.2984	7.33785	7.38449	7.23676	7.2984
110.267	7.29789	7.33864	7.38508	7.23905	7.29789
110.687	7.29861	7.33921	7.38861	7.23823	7.29861
111.109	7.29613	7.33796	7.38655	7.23901	7.29613
111.533	7.29248	7.33791	7.38274	7.23742	7.29248
111.958	7.29088	7.3388	7.38291	7.23784	7.29088
112.385	7.29538	7.33895	7.38372	7.23689	7.29538
112.814	7.29482	7.33684	7.38285	7.23751	7.29482
113.244	7.29794	7.33745	7.38547	7.23526	7.29794
113.676	7.29938	7.33379	7.38413	7.23644	7.29938
114.109	7.29758	7.33567	7.38377	7.23736	7.29758
114.544	7.29765	7.33632	7.38408	7.239	7.29765
114.981	7.29601	7.33846	7.38593	7.24034	7.29601
115.419	7.29139	7.33746	7.38199	7.23948	7.29139
115.859	7.29252	7.33614	7.38016	7.23865	7.29252
116.301	7.29431	7.33685	7.38233	7.23713	7.29431
116.744	7.29578	7.33789	7.38371	7.2338	7.29578
117.189	7.29545	7.33603	7.38123	7.23423	7.29545
117.636	7.29745	7.33817	7.38269	7.23592	7.29745
118.085	7.29802	7.33778	7.3852	7.23676	7.29802
118.535	7.29615	7.33628	7.38281	7.23895	7.29615
118.987	7.29206	7.33988	7.38354	7.24038	7.29206
119.44	7.2914	7.3376	7.38028	7.24131	7.2914
119.896	7.29496	7.33913	7.38208	7.23804	7.29496
120.353	7.29481	7.33595	7.38264	7.23979	7.29481
120.812	7.29636	7.33584	7.38225	7.23447	7.29636
121.272	7.29611	7.3386	7.38382	7.23707	7.29611
121.735	7.29365	7.33572	7.38428	7.2353	7.29365
122.199	7.29207	7.33553	7.38187	7.24049	7.29207
122.665	7.29162	7.33834	7.38221	7.24042	7.29162
123.132	7.2931	7.34076	7.38242	7.23997	7.2931
123.602	7.29069	7.33884	7.38275	7.24049	7.29069
124.073	7.29456	7.33816	7.38259	7.24056	7.29456
124.546	7.29659	7.33747	7.38027	7.23691	7.29659
125.021	7.29721	7.33949	7.38319	7.23378	7.29721
125.497	7.29673	7.33879	7.38249	7.23595	7.29673
125.976	7.29349	7.33878	7.38202	7.23802	7.29349
126.456	7.29273	7.33708	7.38251	7.23728	7.29273
126.938	7.2914	7.3374	7.38288	7.23777	7.2914
127.422	7.29366	7.33993	7.38149	7.23849	7.29366
127.908	7.29408	7.34359	7.38391	7.23965	7.29408
128.395	7.29836	7.3398	7.37914	7.23641	7.29836
128.885	7.2952	7.33638	7.38285	7.23437	7.2952
129.376	7.29366	7.3375	7.38004	7.2364	7.29366
129.869	7.29212	7.33847	7.37896	7.2367	7.29212
130.364	7.29231	7.33862	7.38198	7.24027	7.29231
130.861	7.28922	7.33792	7.38088	7.24065	7.28922
131.36	7.29165	7.34044	7.38103	7.23875	7.29165
131.861	7.29362	7.34452	7.38018	7.2409	7.29362
132.364	7.29613	7.3405	7.37802	7.23789	7.29613
132.868	7.29436	7.33964	7.37842	7.23535	7.29436
133.375	7.29129	7.33559	7.37666	7.23571	7.29129
133.883	7.29044	7.33364	7.37933	7.23759	7.29044
134.393	7.29137	7.33647	7.38194	7.23909	7.29137
134.906	7.29204	7.33674	7.38389	7.24222	7.29204
135.42	7.29256	7.33829	7.38172	7.23926	7.29256
135.936	7.29799	7.33847	7.37946	7.23896	7.29799
136.454	7.29394	7.3334	7.38144	7.23697	7.29394
136.975	7.29459	7.33484	7.38262	7.23614	7.29459
137.497	7.28939	7.33638	7.38165	7.23674	7.28939
138.021	7.29106	7.3375	7.37928	7.2376	7.29106
138.547	7.29147	7.33636	7.3764	7.24219	7.29147
139.075	7.29125	7.33714	7.37568	7.24071	7.29125
139.605	7.29283	7.33678	7.37406	7.24048	7.29283
140.137	7.29329	7.33578	7.37408	7.23551	7.29329
140.671	7.29088	7.33383	7.37757	7.23611	7.29088
141.208	7.28982	7.33401	7.37836	7.23635	7.28982
141.746	7.28612	7.33386	7.38041	7.23731	7.28612
142.286	7.28948	7.33339	7.37459	7.23964	7.28948
142.829	7.28932	7.33381	7.37088	7.23676	7.28932
143.373	7.29322	7.33567	7.37464	7.2363	7.29322
143.919	7.29304	7.33563	7.37665	7.2356	7.29304
144.468	7.29109	7.33693	7.37578	7.23487	7.29109
145.019	7.28698	7.33675	7.37509	7.23649	7.28698
145.571	7.28581	7.33698	7.37564	7.23811	7.28581
146.126	7.28569	7.33479	7.37705	7.23983	7.28569
146.683	7.292	7.33638	7.37602	7.23838	7.292
147.242	7.29174	7.33537	7.37057	7.23554	7.29174
147.804	7.2897	7.33288	7.37407	7.23408	7.2897
148.367	7.28775	7.33657	7.37565	7.23332	7.28775
148.932	7.28445	7.33553	7.37374	7.23447	7.28445
149.5	7.28694	7.33513	7.37353	7.24044	7.28694
150.07	7.28903	7.33244	7.37245	7.2392	7.28903
150.642	7.29002	7.33449	7.37567	7.23574	7.29002
151.216	7.28773	7.33761	7.3752	7.23411	7.28773
151.792	7.28616	7.33608	7.37143	7.23421	7.28616
152.371	7.28485	7.33608	7.3714	7.23438	7.28485
152.952	7.28454	7.33407	7.37297	7.23934	7.28454
153.535	7.28585	7.33593	7.37497	7.24102	7.28585
154.12	7.28756	7.33571	7.37385	7.23857	7.28756
154.707	7.29033	7.33529	7.37364	7.23634	7.29033
155.297	7.28727	7.33306	7.3736	7.23402	7.28727
155.889	7.28522	7.332	7.37322	7.23551	7.28522
156.483	7.28236	7.33249	7.37133	7.23685	7.28236
157.079	7.28494	7.33434	7.36782	7.24002	7.28494
157.678	7.28729	7.33767	7.36922	7.23932	7.28729
158.279	7.28986	7.33709	7.37186	7.23606	7.28986
158.882	7.2879	7.33608	7.37325	7.23462	7.2879
159.488	7.28483	7.33585	7.37071	7.23563	7.28483
160.096	7.28198	7.3355	7.37102	7.23718	7.28198
160.706	7.28601	7.33857	7.36711	7.23818	7.28601
161.318	7.28428	7.33629	7.36955	7.23829	7.28428
161.933	7.28686	7.33658	7.37166	7.23598	7.28686
162.55	7.28721	7.33443	7.37044	7.23397	7.28721
163.17	7.28347	7.33265	7.36847	7.23329	7.28347
163.792	7.28139	7.33039	7.36903	7.2345	7.28139
164.416	7.28427	7.33305	7.36691	7.23838	7.28427
165.043	7.28283	7.33242	7.36801	7.24023	7.28283
165.672	7.28683	7.33228	7.36903	7.23755	7.28683
166.303	7.28609	7.33481	7.37159	7.23441	7.28609
166.937	7.28209	7.33314	7.36877	7.23103	7.28209
167.573	7.28101	7.33353	7.36786	7.23393	7.28101
168.212	7.28034	7.33658	7.36787	7.23683	7.28034
168.853	7.28553	7.33442	7.36954	7.23661	7.28553
169.496	7.28473	7.33552	7.36829	7.23453	7.28473
170.142	7.28474	7.3328	7.36956	7.23377	7.28474
170.791	7.28079	7.33345	7.36573	7.23283	7.28079
171.441	7.28025	7.33311	7.3652	7.23499	7.28025
172.095	7.28162	7.33612	7.36305	7.23903	7.28162
172.751	7.28416	7.33057	7.36489	7.23624	7.28416
173.409	7.2845	7.33353	7.36807	7.23349	7.2845
174.07	7.28193	7.33544	7.36854	7.23073	7.28193
174.733	7.28242	7.33614	7.36663	7.23627	7.28242
175.399	7.2834	7.33261	7.36454	7.2355	7.2834
176.068	7.28308	7.33372	7.3653	7.23788	7.28308
176.739	7.28368	7.33304	7.36454	7.23262	7.28368
177.412	7.28326	7.33386	7.36692	7.2316	7.28326
178.088	7.27875	7.3339	7.3658	7.23535	7.27875
178.767	7.27978	7.33255	7.36814	7.23357	7.27978
179.448	7.28103	7.33381	7.36729	7.23649	7.28103
180.132	7.28253	7.33159	7.36335	7.23673	7.28253
180.818	7.28162	7.33295	7.36054	7.23144	7.28162
181.507	7.2774	7.33662	7.36242	7.23109	7.2774
182.199	7.27722	7.3358	7.36266	7.23284	7.27722
182.893	7.27967	7.33293	7.36492	7.23551	7.27967
183.59	7.28141	7.33297	7.36326	7.23749	7.28141
184.29	7.28242	7.33492	7.36477	7.23651	7.28242
184.992	7.28006	7.33525	7.36506	7.23134	7.28006
185.697	7.27697	7.33484	7.36288	7.23376	7.27697
186.405	7.27927	7.33414	7.36425	7.23683	7.27927
187.115	7.27962	7.33231	7.36146	7.23686	7.27962
187.828	7.2814	7.33233	7.36338	7.23798	7.2814
188.544	7.27818	7.33205	7.36284	7.23306	7.27818
189.263	7.27738	7.33233	7.3627	7.23118	7.27738
189.984	7.27866	7.33183	7.36351	7.23576	7.27866
190.708	7.27892	7.33318	7.36433	7.2369	7.27892
191.435	7.28184	7.33139	7.36464	7.23566	7.28184
192.164	7.27791	7.33206	7.36182	7.23241	7.27791
192.896	7.27655	7.33183	7.36272	7.23024	7.27655
193.631	7.27878	7.33142	7.36498	7.23246	7.27878
194.369	7.28134	7.33108	7.36448	7.23625	7.28134
195.11	7.28101	7.33233	7.36215	7.23329	7.28101
195.853	7.27881	7.33149	7.35878	7.23057	7.27881
196.6	7.27604	7.33243	7.35979	7.23103	7.27604
197.349	7.27931	7.3309	7.36288	7.23282	7.27931
198.101	7.28148	7.33137	7.3641	7.23336	7.28148
198.856	7.27974	7.3349	7.36111	7.23288	7.27974
199.613	7.27558	7.33224	7.359	7.23165	7.27558
200.374	7.278	7.33176	7.35961	7.23215	7.278
201.138	7.27823	7.3333	7.36082	7.2336	7.27823
201.904	7.28126	7.33208	7.36263	7.23485	7.28126
202.673	7.27877	7.33097	7.36039	7.23112	7.27877
203.446	7.27661	7.32792	7.35814	7.22846	7.27661
204.221	7.27901	7.32943	7.36158	7.23011	7.27901
204.999	7.27708	7.33004	7.3616	7.23114	7.27708
205.78	7.28047	7.32865	7.36016	7.23391	7.28047
206.564	7.27784	7.33098	7.35706	7.23319	7.27784
207.352	7.27751	7.33114	7.35662	7.22784	7.27751
208.142	7.27959	7.33223	7.36009	7.22824	7.27959
208.935	7.2801	7.33283	7.36019	7.2312	7.2801
209.731	7.28002	7.33294	7.35785	7.23314	7.28002
210.53	7.2752	7.32918	7.35839	7.23274	7.2752
211.332	7.27628	7.32933	7.35698	7.23029	7.27628
212.137	7.27882	7.3287	7.35479	7.23014	7.27882
212.946	7.27952	7.32894	7.35608	7.23185	7.27952
213.757	7.27978	7.3279	7.35797	7.23414	7.27978
214.572	7.27485	7.32358	7.35664	7.23095	7.27485
215.389	7.27611	7.32651	7.35374	7.22776	7.27611
216.21	7.27768	7.3266	7.35286	7.22931	7.27768
217.034	7.27946	7.32806	7.35645	7.23252	7.27946
217.861	7.27801	7.3277	7.35643	7.23123	7.27801
218.691	7.27877	7.3289	7.35795	7.22849	7.27877
219.524	7.27847	7.32924	7.35317	7.22796	7.27847
220.361	7.27624	7.32947	7.35327	7.22967	7.27624
221.2	7.27544	7.32794	7.3558	7.2315	7.27544
222.043	7.27682	7.32784	7.35417	7.22867	7.27682
222.889	7.27705	7.32696	7.3532	7.22645	7.27705
223.738	7.27907	7.3271	7.35319	7.22887	7.27907
224.591	7.2744	7.3293	7.35333	7.23209	7.2744
225.447	7.27711	7.33098	7.35115	7.23069	7.27711
226.306	7.27908	7.32996	7.35275	7.22604	7.27908
227.168	7.27702	7.32908	7.35413	7.22708	7.27702
228.033	7.27411	7.32855	7.35278	7.23041	7.27411
228.902	7.27682	7.3297	7.34896	7.22996	7.27682
229.774	7.27726	7.33023	7.34939	7.22862	7.27726
230.65	7.27678	7.32893	7.3529	7.2263	7.27678
231.529	7.27508	7.32687	7.35038	7.22834	7.27508
232.411	7.27341	7.32903	7.34746	7.2285	7.27341
233.296	7.27745	7.32889	7.35061	7.23	7.27745
234.185	7.27791	7.32539	7.35063	7.2256	7.27791
235.078	7.27623	7.32725	7.35275	7.22743	7.27623
235.973	7.27667	7.32937	7.34674	7.22946	7.27667
236.872	7.27904	7.32807	7.34783	7.22807	7.27904
237.775	7.27767	7.32825	7.34859	7.22666	7.27767
238.681	7.27686	7.32556	7.35036	7.22566	7.27686
239.59	7.27477	7.32561	7.34881	7.22784	7.27477
240.503	7.27659	7.32562	7.34602	7.22843	7.27659
241.419	7.2769	7.32376	7.34654	7.22813	7.2769
242.339	7.27312	7.32563	7.34738	7.22618	7.27312
243.263	7.27344	7.32435	7.34737	7.22568	7.27344
244.189	7.27758	7.32517	7.34829	7.2274	7.27758
245.12	7.27487	7.32553	7.34744	7.2266	7.27487
246.054	7.27336	7.32366	7.34708	7.22555	7.27336
246.991	7.27419	7.32291	7.34791	7.2273	7.27419
247.932	7.27526	7.32253	7.34851	7.22878	7.27526
248.877	7.27466	7.3255	7.34572	7.22568	7.27466
249.825	7.27224	7.32463	7.34297	7.22192	7.27224
250.777	7.27305	7.32589	7.34599	7.22473	7.27305
251.732	7.27582	7.32607	7.34504	7.22833	7.27582
252.691	7.27526	7.32291	7.34384	7.22909	7.27526
253.654	7.27414	7.32418	7.34379	7.22378	7.27414
254.62	7.275	7.32667	7.34506	7.22434	7.275
255.591	7.27488	7.32569	7.34552	7.22767	7.27488
256.564	7.27343	7.32197	7.34429	7.22707	7.27343
257.542	7.27099	7.32049	7.34321	7.22388	7.27099
258.523	7.27469	7.32243	7.34538	7.2248	7.27469
259.508	7.27516	7.32622	7.34372	7.22646	7.27516
260.497	7.26976	7.32177	7.34399	7.22414	7.26976
261.489	7.27022	7.32337	7.33946	7.22379	7.27022
262.485	7.27538	7.32444	7.34255	7.22562	7.27538
263.485	7.27303	7.3241	7.34258	7.22487	7.27303
264.489	7.27136	7.31846	7.34106	7.22298	7.27136
265.497	7.27282	7.32174	7.34054	7.22185	7.27282
266.508	7.27323	7.31979	7.34371	7.22407	7.27323
267.524	7.26893	7.32072	7.34186	7.22525	7.26893
268.543	7.2698	7.32216	7.33924	7.22178	7.2698
269.566	7.27281	7.32275	7.33963	7.22339	7.27281
270.593	7.27095	7.3236	7.33991	7.22468	7.27095
271.624	7.26906	7.32197	7.34054	7.22402	7.26906
272.659	7.26948	7.32319	7.33872	7.22051	7.26948
273.698	7.27314	7.3233	7.34193	7.22392	7.27314
274.74	7.26889	7.32171	7.34124	7.22676	7.26889
275.787	7.26838	7.32238	7.33976	7.22332	7.26838
276.838	7.27214	7.32311	7.33751	7.21997	7.27214
277.892	7.27179	7.32063	7.33876	7.22455	7.27179
278.951	7.26845	7.32084	7.33977	7.22518	7.26845
280.014	7.26954	7.32379	7.33797	7.22028	7.26954
281.081	7.27218	7.32067	7.33671	7.22129	7.27218
282.151	7.26888	7.32336	7.33648	7.22606	7.26888
283.226	7.26763	7.32164	7.34027	7.22335	7.26763
284.305	7.27218	7.32212	7.33521	7.2224	7.27218
285.388	7.26948	7.31966	7.33488	7.22373	7.26948
286.476	7.26833	7.3226	7.33905	7.22176	7.26833
287.567	7.26836	7.31991	7.33694	7.22074	7.26836
288.663	7.26696	7.3217	7.33525	7.22276	7.26696
289.762	7.26642	7.32081	7.33538	7.22337	7.26642
290.866	7.26566	7.32207	7.34078	7.21916	7.26566
291.974	7.26564	7.32118	7.3375	7.22044	7.26564
293.087	7.26575	7.32081	7.33562	7.22583	7.26575
294.203	7.26625	7.31847	7.33727	7.22025	7.26625
295.324	7.2691	7.31824	7.33728	7.21752	7.2691
296.449	7.26423	7.31851	7.33414	7.22101	7.26423
297.578	7.26464	7.32146	7.33278	7.22319	7.26464
298.712	7.26797	7.32026	7.33642	7.21817	7.26797
300	7.26409	7.31969	7.33483	7.21976	7.26409
