0.000575	8.5229	8.47879	8.51252
0.00115	8.6072	8.3685	8.68106
0.001725	8.54429	8.48178	8.53888
0.0023	8.41669	8.56922	8.57362
0.002875	8.42244	8.61929	8.63282
0.0034625	8.42197	8.58363	8.59153
0.00405	8.4845	8.53806	8.62809
0.004625	8.41895	8.49331	8.59718
0.005225	8.46175	8.51802	8.59884
0.0058125	8.48717	8.49425	8.59781
0.0064	8.47641	8.53773	8.6355
0.007	8.42275	8.47477	8.5111
0.0076	8.45261	8.49747	8.60204
0.0082	8.45973	8.55901	8.59512
0.0088	8.43547	8.4804	8.61307
0.0094	8.42949	8.48842	8.61131
0.0100125	8.46121	8.53002	8.54346
0.010625	8.46433	8.46969	8.55282
0.0112375	8.43076	8.47355	8.5232
0.01185	8.42053	8.44526	8.59573
0.0124625	8.42712	8.45685	8.59916
0.013075	8.46057	8.44902	8.50174
0.0137	8.43986	8.45072	8.5401
0.014325	8.46453	8.47835	8.593
0.01495	8.41668	8.45776	8.54314
0.015575	8.41211	8.41883	8.54843
0.0162125	8.40316	8.46426	8.57783
0.0168375	8.39757	8.43809	8.52099
0.017475	8.44594	8.46992	8.55016
0.0181125	8.40545	8.44106	8.52527
0.01875	8.43798	8.4249	8.5022
0.0194	8.39023	8.4488	8.49703
0.0200375	8.35679	8.46301	8.45768
0.0206875	8.42172	8.40377	8.49953
0.0213375	8.35846	8.42548	8.51958
0.0219875	8.43886	8.40255	8.50451
0.02265	8.40321	8.41256	8.52974
0.0233	8.35405	8.39145	8.48241
0.0239625	8.38166	8.37359	8.47388
0.024625	8.41549	8.37305	8.48438
0.0252875	8.38668	8.39123	8.4336
0.0259625	8.38229	8.41776	8.50385
0.026625	8.38543	8.38839	8.50511
0.0273	8.39409	8.42544	8.48364
0.027975	8.3786	8.40007	8.46585
0.02865	8.40304	8.41757	8.46794
0.0293375	8.3466	8.36448	8.43642
0.0300125	8.37563	8.36839	8.44285
0.0307	8.36339	8.38627	8.4105
0.0313875	8.34739	8.35072	8.45055
0.0320875	8.36247	8.39698	8.49397
0.032775	8.33652	8.35398	8.42671
0.033475	8.39698	8.3571	8.46293
0.034175	8.3549	8.3009	8.42644
0.034875	8.37708	8.34891	8.43756
0.035575	8.40653	8.32905	8.42669
0.0362875	8.344	8.28919	8.44114
0.0369875	8.29628	8.35764	8.39384
0.0377	8.41351	8.34547	8.44695
0.0384125	8.37752	8.28675	8.43989
0.0391375	8.3388	8.26921	8.41515
0.03985	8.34196	8.26094	8.43364
0.040575	8.34826	8.28909	8.3468
0.0413	8.2938	8.27407	8.44285
0.0420375	8.36724	8.27931	8.41586
0.0427625	8.3266	8.31124	8.38761
0.0435	8.34855	8.28773	8.40671
0.0442375	8.28827	8.2829	8.38261
0.044975	8.36912	8.27015	8.34493
0.0457125	8.33519	8.2675	8.35678
0.0464625	8.32495	8.22552	8.32517
0.0472125	8.34089	8.29065	8.4113
0.0479625	8.36407	8.27062	8.37088
0.0487125	8.37432	8.21996	8.36099
0.049475	8.33742	8.20747	8.33172
0.050225	8.32261	8.2698	8.30025
0.0509875	8.35205	8.25467	8.36114
0.0517625	8.33422	8.25438	8.35223
0.052525	8.36828	8.25558	8.29302
0.0533	8.31105	8.23311	8.32551
0.054075	8.34031	8.26694	8.32302
0.05485	8.30009	8.2384	8.35608
0.055625	8.35379	8.19908	8.31305
0.0564125	8.34167	8.19807	8.29266
0.0572	8.30822	8.20915	8.28898
0.0579875	8.32319	8.22983	8.27457
0.058775	8.2746	8.20231	8.29319
0.059575	8.29863	8.17359	8.28836
0.060375	8.25409	8.10705	8.29282
0.061175	8.28625	8.18508	8.24418
0.061975	8.269	8.16599	8.27193
0.0627875	8.27272	8.1991	8.28074
0.0636	8.26694	8.1682	8.28111
0.0644125	8.27567	8.15901	8.26078
0.065225	8.26446	8.18647	8.28398
0.0660375	8.31454	8.17365	8.25798
0.0668625	8.31245	8.15718	8.26734
0.0676875	8.25873	8.14989	8.24597
0.068525	8.26828	8.1956	8.25945
0.06935	8.32807	8.15982	8.20922
0.0701875	8.27477	8.13983	8.18594
0.071025	8.25551	8.1935	8.27121
0.0718625	8.21981	8.12517	8.21787
0.0727125	8.25928	8.1707	8.25901
0.0735625	8.27572	8.13853	8.24737
0.0744125	8.27899	8.13769	8.24974
0.0752625	8.23528	8.14083	8.26951
0.076125	8.23767	8.17761	8.23693
0.0769875	8.22696	8.1485	8.22423
0.07785	8.26198	8.15742	8.22237
0.0787125	8.24116	8.16407	8.18913
0.0795875	8.22023	8.13661	8.19419
0.0804625	8.24616	8.09039	8.19404
0.0813375	8.21672	8.1247	8.17367
0.082225	8.23563	8.07796	8.25328
0.0831	8.25074	8.12376	8.18304
0.0839875	8.24559	8.14559	8.18182
0.0848875	8.22361	8.07261	8.19149
0.085775	8.19763	8.08467	8.23093
0.086675	8.23336	8.11775	8.20323
0.087575	8.23032	8.11907	8.18091
0.088475	8.21455	8.11401	8.15668
0.0893875	8.21545	8.07053	8.20723
0.0903	8.21819	8.09335	8.17121
0.0912125	8.23458	8.08878	8.19622
0.0921375	8.19253	8.07666	8.18269
0.09305	8.15475	8.07441	8.19058
0.0939875	8.23829	8.06942	8.15912
0.0949125	8.20642	8.08418	8.158
0.0958375	8.19335	8.08274	8.13833
0.096775	8.23006	8.06497	8.16405
0.097725	8.20282	8.06543	8.16298
0.0986625	8.19154	8.03628	8.17726
0.0996125	8.1662	8.08119	8.12698
0.100562	8.16241	8.04417	8.12598
0.101512	8.18722	8.05119	8.16098
0.102475	8.15209	8.09887	8.17861
0.103437	8.12217	8.07074	8.15234
0.1044	8.13192	8.04821	8.12798
0.105362	8.17679	8.03692	8.14896
0.106338	8.16406	8.09752	8.1359
0.107313	8.17149	8.05503	8.14621
0.1083	8.13435	8.04026	8.15125
0.109275	8.11215	8.03729	8.11782
0.110262	8.13277	8.04053	8.11485
0.11125	8.14948	8.01049	8.14944
0.11225	8.12233	8.06675	8.08577
0.11325	8.15842	8.035	8.11058
0.11425	8.17312	8.05072	8.1151
0.115263	8.16137	8.04381	8.08595
0.116263	8.15983	7.99177	8.10442
0.117288	8.1038	8.02428	8.14882
0.1183	8.1446	8.02068	8.11231
0.119325	8.13886	7.98451	8.10552
0.12035	8.12407	8.00826	8.09872
0.121375	8.12311	8.04157	8.11161
0.122413	8.11048	8.01608	8.13651
0.12345	8.14515	7.97097	8.08875
0.124487	8.10633	7.98198	8.09831
0.125537	8.11809	8.02705	8.09527
0.126587	8.1563	8.0183	8.06903
0.127638	8.11561	7.9933	8.06531
0.128688	8.13482	7.98864	8.11358
0.12975	8.11894	8.00203	8.11119
0.130825	8.09998	8.03044	8.07463
0.131887	8.11569	7.98372	8.07004
0.132962	8.08605	7.99074	8.07
0.134037	8.11604	8.01959	8.08254
0.135125	8.11127	7.98109	8.08777
0.1362	8.10093	8.00182	8.05673
0.1373	8.10623	7.97055	8.08251
0.138388	8.05012	7.95143	8.10614
0.139488	8.07995	7.99927	8.08449
0.140587	8.1022	7.97603	8.07481
0.1417	8.096	8.01386	8.08622
0.142813	8.08966	7.95102	8.02434
0.143925	8.08691	7.97732	8.09052
0.145038	8.10711	7.97199	8.04828
0.146162	8.10553	7.98466	8.0711
0.147288	8.07778	7.9702	8.03575
0.148425	8.10395	7.98074	8.01065
0.149562	8.08264	7.92971	8.01745
0.1507	8.13701	7.96082	8.04731
0.15185	8.07392	7.9574	8.03721
0.153	8.02848	7.96807	8.01575
0.15415	8.0722	7.96317	8.04698
0.155312	8.08188	7.92916	8.02873
0.156475	8.06049	7.94021	8.04065
0.157638	8.07902	7.9367	8.03157
0.158812	8.04194	7.9478	8.01841
0.159987	8.02399	7.91334	8.02567
0.161162	8.03382	7.91951	8.021
0.16235	8.02467	7.96411	8.02784
0.163538	8.02781	7.92642	8.04417
0.164737	8.01442	7.94266	8.00413
0.165925	8.08041	7.95063	7.98484
0.167138	8.02433	7.96169	8.01351
0.168337	8.01263	7.92351	7.99208
0.16955	8.03251	7.92098	7.97734
0.170775	8.02629	7.9261	7.97532
0.171988	8.0278	7.90073	7.98041
0.173212	7.99636	7.88191	8.00793
0.17445	8.02386	7.89564	7.98645
0.175688	8.01859	7.90439	7.9883
0.176925	8.01843	7.86857	7.99055
0.178175	8.03365	7.91217	8.00261
0.179412	8.02634	7.92762	8.01433
0.180675	8.0069	7.91287	7.99987
0.181938	7.99314	7.89175	7.9711
0.1832	8.02322	7.86134	7.98782
0.184463	7.98972	7.90087	7.99891
0.185738	8.02204	7.89217	7.97698
0.187012	8.01772	7.92212	7.94445
0.1883	7.97363	7.89929	7.99577
0.189588	7.98783	7.87606	8.001
0.190875	7.99583	7.86323	7.97142
0.192175	7.9781	7.89236	7.94254
0.193487	7.96255	7.86693	8.01731
0.194788	7.98238	7.87184	7.94667
0.1961	7.98708	7.89761	7.94744
0.197425	7.96173	7.89015	7.98841
0.198738	7.98709	7.87829	7.98798
0.200075	7.98073	7.85351	7.96411
0.2014	8.00552	7.86938	7.95181
0.202737	7.98807	7.9151	7.96331
0.204087	7.95211	7.88207	7.92204
0.205437	7.97732	7.88821	7.903
0.206787	7.99392	7.84101	7.9552
0.20815	7.97052	7.86293	7.92117
0.209513	8.00136	7.87025	7.93689
0.210875	8.01245	7.86882	7.9557
0.21225	7.9691	7.8468	7.9131
0.213638	7.92758	7.8482	7.95019
0.215013	8.002	7.85774	7.94875
0.2164	7.9582	7.86557	7.94412
0.2178	7.96674	7.86367	7.90977
0.2192	7.94447	7.83851	7.95436
0.220612	7.96574	7.8076	7.9539
0.222013	7.99356	7.87658	7.91831
0.223438	7.95681	7.84265	7.89179
0.224863	7.96659	7.80324	7.91487
0.226287	7.96333	7.86668	7.93607
0.227712	7.9786	7.81541	7.91314
0.22915	7.94272	7.81121	7.92724
0.2306	7.93496	7.83646	7.89505
0.23205	7.93151	7.81832	7.92566
0.2335	7.92834	7.82961	7.90644
0.234962	7.93368	7.80802	7.91804
0.236425	7.96537	7.82035	7.92587
0.2379	7.94809	7.82362	7.94047
0.239375	7.94747	7.81319	7.909
0.240863	7.93721	7.81384	7.8878
0.24235	7.9284	7.83655	7.90139
0.243838	7.93195	7.78772	7.8957
0.245338	7.91927	7.79326	7.89246
0.24685	7.91375	7.80749	7.91493
0.248362	7.92652	7.78399	7.87771
0.249875	7.91538	7.80926	7.89223
0.2514	7.9356	7.79647	7.89903
0.252925	7.93112	7.80657	7.88378
0.254463	7.90918	7.82459	7.88332
0.256	7.9006	7.80441	7.89433
0.25755	7.92852	7.79285	7.88885
0.2591	7.89894	7.79217	7.8651
0.26065	7.91572	7.78514	7.89344
0.262225	7.90448	7.77397	7.8827
0.263788	7.91786	7.80086	7.85526
0.265363	7.92856	7.81285	7.84065
0.26695	7.93113	7.79616	7.89334
0.268537	7.86834	7.78507	7.83275
0.270125	7.93858	7.78261	7.87136
0.271725	7.87011	7.78972	7.85815
0.273338	7.91368	7.77718	7.83824
0.27495	7.92899	7.76368	7.86435
0.276563	7.87552	7.76478	7.87799
0.278188	7.90288	7.76584	7.86202
0.279813	7.86381	7.77128	7.87247
0.28145	7.88826	7.78538	7.8526
0.2831	7.91961	7.78771	7.85635
0.28475	7.86056	7.75498	7.85012
0.2864	7.86524	7.79496	7.84974
0.288063	7.88792	7.76464	7.83285
0.289725	7.89109	7.77771	7.85725
0.2914	7.87655	7.76046	7.82509
0.293088	7.88139	7.78321	7.86022
0.294775	7.88273	7.76582	7.84065
0.296463	7.85591	7.80561	7.83213
0.298162	7.8732	7.76096	7.84206
0.299875	7.85331	7.76157	7.84931
0.301587	7.8754	7.76782	7.82042
0.3033	7.87255	7.79928	7.83443
0.305037	7.86872	7.77533	7.84674
0.306762	7.85031	7.76372	7.8291
0.3085	7.88054	7.7327	7.81528
0.31025	7.84929	7.779	7.81294
0.312	7.84448	7.74177	7.85529
0.313762	7.83595	7.76651	7.83791
0.315525	7.86758	7.7315	7.83611
0.3173	7.82143	7.7139	7.8145
0.319075	7.87056	7.72985	7.83231
0.320863	7.85738	7.72401	7.81776
0.322663	7.86005	7.72669	7.83733
0.324463	7.85519	7.7305	7.81761
0.326263	7.84169	7.71592	7.83341
0.328075	7.84611	7.75148	7.81586
0.3299	7.84335	7.69866	7.82366
0.331725	7.8333	7.73063	7.79982
0.333562	7.84086	7.71335	7.83425
0.3354	7.83757	7.73471	7.80759
0.33725	7.8122	7.73156	7.8215
0.3391	7.84357	7.72653	7.81448
0.340962	7.8506	7.71228	7.82473
0.342838	7.83269	7.7175	7.83536
0.344712	7.82382	7.70802	7.78232
0.3466	7.84544	7.74028	7.842
0.348487	7.84385	7.72835	7.8001
0.350388	7.82767	7.71518	7.79178
0.352288	7.81941	7.71873	7.79561
0.3542	7.82291	7.7361	7.77857
0.356125	7.82236	7.67451	7.79342
0.35805	7.82589	7.70552	7.82721
0.359987	7.849	7.68514	7.80398
0.361925	7.81507	7.73217	7.79258
0.363875	7.8451	7.70739	7.78638
0.365838	7.83368	7.73592	7.79988
0.3678	7.80597	7.73124	7.79012
0.369763	7.82936	7.67771	7.80912
0.37175	7.82216	7.70281	7.80981
0.373738	7.79727	7.68484	7.79081
0.375725	7.80662	7.71388	7.76428
0.377725	7.81044	7.69939	7.78088
0.379737	7.82346	7.70093	7.77852
0.381763	7.80715	7.69535	7.7949
0.383775	7.80165	7.7041	7.76699
0.385812	7.81193	7.70873	7.8123
0.38785	7.82006	7.66615	7.79301
0.3899	7.81105	7.70567	7.79094
0.391962	7.80826	7.69924	7.79831
0.394025	7.78201	7.69962	7.7874
0.396087	7.78238	7.68276	7.78086
0.398175	7.82672	7.70936	7.76448
0.400263	7.803	7.67422	7.78274
0.40235	7.77831	7.6891	7.77473
0.404462	7.79297	7.66784	7.76866
0.406575	7.79043	7.68706	7.77843
0.408688	7.78862	7.67914	7.76979
0.410812	7.79494	7.69019	7.77301
0.41295	7.77201	7.68794	7.76542
0.4151	7.82444	7.66772	7.77716
0.41725	7.79032	7.67431	7.75779
0.4194	7.78889	7.67267	7.76816
0.421575	7.78893	7.66313	7.77231
0.42375	7.79954	7.67555	7.77734
0.425938	7.77426	7.65809	7.74787
0.428125	7.7743	7.65915	7.76097
0.430325	7.82493	7.68619	7.77163
0.432537	7.77937	7.68053	7.75874
0.434763	7.76773	7.66943	7.75891
0.436987	7.78447	7.68598	7.77841
0.439225	7.79012	7.68054	7.74705
0.441462	7.80208	7.68265	7.75042
0.443713	7.79329	7.6531	7.74636
0.445975	7.8089	7.66979	7.77734
0.44825	7.79227	7.65024	7.73344
0.450525	7.79408	7.66341	7.7338
0.452812	7.78043	7.64745	7.77489
0.4551	7.7692	7.66444	7.75896
0.457413	7.77306	7.66897	7.74714
0.459725	7.77464	7.65878	7.74201
0.462038	7.79541	7.67995	7.75531
0.464375	7.78808	7.66835	7.74954
0.466713	7.7771	7.67117	7.74301
0.469063	7.76203	7.65549	7.76565
0.471413	7.78047	7.642	7.7683
0.473787	7.76779	7.65809	7.72628
0.476162	7.79409	7.64542	7.73733
0.478537	7.76914	7.65945	7.72374
0.480938	7.75733	7.66551	7.73096
0.483337	7.7349	7.64121	7.75441
0.48575	7.7659	7.6627	7.75577
0.488175	7.75414	7.66983	7.75454
0.4906	7.75683	7.62	7.72217
0.493037	7.77557	7.68404	7.70745
0.495488	7.77666	7.63781	7.75621
0.49795	7.76948	7.65198	7.74019
0.500413	7.77187	7.64289	7.74137
0.502887	7.75424	7.6498	7.74075
0.505375	7.77628	7.64203	7.74755
0.507875	7.75381	7.64631	7.72675
0.510375	7.76322	7.64426	7.75321
0.512887	7.76261	7.62351	7.74014
0.515413	7.76723	7.65242	7.71578
0.51795	7.7566	7.62602	7.71661
0.520487	7.7229	7.65834	7.7135
0.52305	7.74318	7.67714	7.73044
0.525612	7.72444	7.63584	7.7284
0.528175	7.74474	7.64831	7.72243
0.530762	7.76102	7.6321	7.72357
0.53335	7.72155	7.64112	7.74626
0.535963	7.74274	7.61742	7.72359
0.538575	7.74852	7.61561	7.71574
0.541188	7.72528	7.64961	7.70226
0.543825	7.73889	7.64445	7.7254
0.546462	7.75599	7.63144	7.70425
0.549112	7.73618	7.61663	7.76403
0.551775	7.75898	7.64582	7.72496
0.55445	7.74499	7.66336	7.71048
0.557137	7.75607	7.63671	7.70752
0.559825	7.72117	7.62089	7.72651
0.562525	7.74042	7.62823	7.71116
0.565238	7.73842	7.632	7.69124
0.567963	7.73162	7.62283	7.72019
0.5707	7.71836	7.62105	7.72606
0.573438	7.7344	7.62866	7.71438
0.5762	7.75569	7.62952	7.71589
0.578963	7.72517	7.62765	7.70701
0.581738	7.75741	7.61258	7.71784
0.584525	7.72575	7.62968	7.73702
0.587325	7.73992	7.64368	7.69004
0.590125	7.72259	7.60191	7.71636
0.59295	7.74086	7.59848	7.72445
0.595775	7.7212	7.64116	7.69876
0.598612	7.72099	7.62307	7.71049
0.601462	7.72031	7.61094	7.70919
0.604325	7.73222	7.62469	7.70091
0.6072	7.73327	7.61538	7.69745
0.610088	7.72065	7.61526	7.71057
0.612975	7.71378	7.62437	7.69987
0.615888	7.71412	7.61423	7.70435
0.6188	7.72091	7.60492	7.6935
0.621725	7.72178	7.63081	7.71467
0.624663	7.72425	7.61425	7.70113
0.627612	7.71426	7.62436	7.69862
0.630575	7.74425	7.63156	7.70388
0.63355	7.72607	7.6313	7.6909
0.636525	7.73032	7.63921	7.7177
0.639525	7.72013	7.62243	7.69492
0.642537	7.73447	7.61366	7.69922
0.64555	7.71188	7.62437	7.72352
0.648575	7.73612	7.62222	7.69712
0.651625	7.74108	7.61016	7.71227
0.654675	7.71027	7.6331	7.68422
0.657737	7.71273	7.61827	7.69931
0.660812	7.72351	7.61605	7.68472
0.6639	7.71442	7.6278	7.69845
0.667	7.71233	7.59844	7.675
0.670112	7.72276	7.61198	7.68507
0.673238	7.72865	7.60055	7.68459
0.676363	7.72296	7.60197	7.70908
0.679513	7.71907	7.60993	7.69463
0.682675	7.70144	7.62022	7.70924
0.685838	7.71713	7.59546	7.66767
0.689025	7.75265	7.60782	7.70292
0.692225	7.71407	7.6282	7.69175
0.695425	7.7279	7.59849	7.71522
0.69865	7.70905	7.60481	7.70783
0.701875	7.71055	7.60251	7.70877
0.705125	7.71863	7.58422	7.6825
0.708375	7.70058	7.60028	7.7048
0.71165	7.71712	7.59666	7.683
0.714925	7.71959	7.58339	7.69096
0.718225	7.69851	7.59161	7.69459
0.721525	7.71416	7.59531	7.68124
0.724837	7.71528	7.59965	7.68929
0.728175	7.7022	7.60115	7.6869
0.731512	7.71446	7.59052	7.68845
0.734875	7.71282	7.60081	7.66651
0.73825	7.71517	7.57835	7.69013
0.741625	7.71323	7.60659	7.67727
0.745025	7.69594	7.62431	7.68384
0.748425	7.68736	7.61518	7.67446
0.75185	7.70814	7.59068	7.66746
0.755288	7.70325	7.59433	7.68964
0.758725	7.70897	7.60284	7.68394
0.762187	7.67987	7.60679	7.70923
0.765662	7.71686	7.59272	7.69212
0.76915	7.70731	7.59593	7.68557
0.77265	7.69564	7.59451	7.68676
0.776163	7.71672	7.57971	7.67231
0.779688	7.69984	7.57972	7.68749
0.783225	7.70791	7.61167	7.66822
0.786788	7.69315	7.60522	7.69892
0.79035	7.68886	7.6085	7.68111
0.793938	7.7046	7.58624	7.69182
0.797525	7.7063	7.57891	7.70368
0.801138	7.68767	7.59483	7.6747
0.80475	7.71481	7.59769	7.67648
0.808388	7.70686	7.59694	7.66372
0.812038	7.69803	7.59023	7.68327
0.8157	7.68819	7.57988	7.67831
0.819375	7.69264	7.59266	7.68927
0.823075	7.69906	7.58738	7.67312
0.826775	7.69443	7.58066	7.68463
0.8305	7.68433	7.59798	7.66352
0.834225	7.69524	7.60293	7.6833
0.837975	7.68049	7.58948	7.67156
0.841738	7.70113	7.56042	7.6847
0.845513	7.69371	7.59967	7.67178
0.8493	7.67955	7.59601	7.6872
0.853113	7.67332	7.60819	7.68777
0.856925	7.69247	7.59555	7.67854
0.860762	7.70177	7.6038	7.66456
0.864613	7.68438	7.58694	7.6613
0.868475	7.69656	7.58565	7.67069
0.87235	7.68535	7.60394	7.66977
0.87625	7.71418	7.58498	7.65899
0.88015	7.69372	7.58759	7.6759
0.884075	7.68369	7.60081	7.67979
0.888013	7.68674	7.58242	7.67525
0.891963	7.69129	7.5792	7.66834
0.895938	7.70639	7.59982	7.66836
0.899912	7.66934	7.57667	7.65841
0.903912	7.67326	7.5859	7.67802
0.907925	7.69662	7.57615	7.68531
0.91195	7.68501	7.56581	7.68118
0.916	7.67848	7.59571	7.65267
0.920062	7.68666	7.5868	7.67054
0.924137	7.68175	7.57928	7.6571
0.928225	7.67898	7.59353	7.65892
0.932325	7.66535	7.58267	7.68133
0.93645	7.68737	7.59495	7.65675
0.940588	7.67596	7.57398	7.64673
0.944737	7.67095	7.57838	7.66947
0.948913	7.66552	7.58675	7.66581
0.953088	7.67854	7.59032	7.67577
0.957287	7.69575	7.57798	7.67463
0.961513	7.6907	7.59979	7.6723
0.965738	7.67894	7.56921	7.66584
0.969988	7.66612	7.57313	7.64489
0.97425	7.68109	7.58525	7.65696
0.978537	7.68759	7.58618	7.65912
0.982837	7.69515	7.57376	7.66691
0.98715	7.70056	7.56809	7.66733
0.991475	7.68579	7.5781	7.66133
0.995825	7.67659	7.57078	7.66511
1.00019	7.68784	7.58521	7.66117
1.00456	7.67129	7.58112	7.68431
1.00896	7.68061	7.57312	7.66289
1.01338	7.67645	7.5754	7.64783
1.0178	7.67867	7.5832	7.65328
1.02225	7.69217	7.59117	7.66451
1.02671	7.67161	7.5687	7.64853
1.03119	7.69212	7.5659	7.64998
1.03569	7.68009	7.58	7.67142
1.0402	7.69244	7.57206	7.66111
1.04474	7.67595	7.57806	7.6816
1.04929	7.68504	7.56594	7.66425
1.05385	7.68101	7.55672	7.65035
1.05844	7.68666	7.57028	7.64537
1.06304	7.6737	7.58202	7.6658
1.06766	7.66743	7.55769	7.66966
1.07229	7.66614	7.55662	7.68135
1.07695	7.67933	7.57662	7.6663
1.08162	7.69587	7.57742	7.65735
1.08631	7.68217	7.566	7.65812
1.09101	7.67981	7.57052	7.69222
1.09574	7.67467	7.57155	7.65235
1.10049	7.67148	7.57844	7.64339
1.10525	7.67429	7.58582	7.65945
1.11003	7.66798	7.56252	7.66561
1.11483	7.68918	7.57039	7.65407
1.11964	7.66004	7.56324	7.66293
1.12448	7.67815	7.58572	7.66425
1.12933	7.67941	7.54919	7.64316
1.1342	7.68641	7.57894	7.66532
1.13909	7.68268	7.57397	7.65161
1.144	7.68164	7.57934	7.64998
1.14892	7.66704	7.57207	7.666
1.15387	7.67806	7.57706	7.65194
1.15884	7.67481	7.56842	7.66357
1.16381	7.67643	7.58373	7.66237
1.16883	7.67039	7.58013	7.65232
1.17384	7.6658	7.55284	7.66249
1.17889	7.68031	7.57133	7.66531
1.18394	7.67256	7.58037	7.6672
1.18903	7.6741	7.56788	7.63914
1.19413	7.6606	7.57206	7.65281
1.19924	7.68008	7.58316	7.65866
1.20438	7.68542	7.56943	7.65071
1.20954	7.67282	7.56325	7.64526
1.21471	7.67727	7.5826	7.65778
1.21991	7.6828	7.56598	7.65279
1.22512	7.67112	7.55978	7.65475
1.23036	7.65907	7.54938	7.65475
1.23561	7.67609	7.56385	7.65862
1.24089	7.66736	7.5822	7.65899
1.24619	7.67939	7.55826	7.65849
1.2515	7.6823	7.57982	7.65606
1.25684	7.67749	7.57342	7.65973
1.2622	7.67655	7.57119	7.64366
1.26758	7.68082	7.56924	7.65225
1.27297	7.68778	7.56696	7.65433
1.27839	7.67543	7.5709	7.65316
1.28383	7.66965	7.56576	7.66255
1.28929	7.67612	7.56814	7.64739
1.29476	7.66395	7.56638	7.6461
1.30027	7.68069	7.56934	7.65449
1.30579	7.6675	7.54708	7.64876
1.31134	7.65842	7.55957	7.64372
1.3169	7.6591	7.56702	7.64806
1.32249	7.6764	7.57072	7.66543
1.32809	7.69343	7.56154	7.65947
1.33372	7.67627	7.55848	7.64052
1.33938	7.67226	7.56403	7.67572
1.34504	7.69075	7.58167	7.66406
1.35074	7.6772	7.57647	7.65129
1.35645	7.66334	7.57868	7.64798
1.36219	7.6673	7.57565	7.65956
1.36794	7.67548	7.57726	7.65711
1.37373	7.66933	7.57211	7.66191
1.37952	7.67848	7.56818	7.65262
1.38535	7.67702	7.56296	7.64048
1.39119	7.67507	7.56738	7.66058
1.39706	7.66303	7.567	7.64772
1.40295	7.67727	7.57748	7.64578
1.40886	7.66438	7.56032	7.65954
1.4148	7.68319	7.5612	7.64545
1.42076	7.67018	7.57074	7.6486
1.42674	7.67541	7.56633	7.63599
1.43274	7.67858	7.55966	7.65248
1.43877	7.67283	7.56302	7.63577
1.44483	7.66334	7.56037	7.65588
1.45089	7.67659	7.58566	7.65606
1.45699	7.67026	7.56813	7.65583
1.46311	7.67479	7.56481	7.66028
1.46925	7.65197	7.57302	7.64753
1.47541	7.66987	7.56726	7.65884
1.4816	7.67253	7.56278	7.6602
1.48781	7.68449	7.56755	7.65461
1.49405	7.67743	7.55824	7.65901
1.50031	7.66802	7.55182	7.65275
1.5066	7.66631	7.5507	7.65843
1.5129	7.67415	7.55717	7.6441
1.51924	7.68809	7.55852	7.65926
1.52559	7.67472	7.55326	7.65002
1.53198	7.6799	7.56172	7.66076
1.53838	7.67523	7.56743	7.64753
1.5448	7.66665	7.57965	7.66031
1.55126	7.66839	7.55553	7.6497
1.55774	7.67148	7.54499	7.66485
1.56424	7.66988	7.56119	7.64186
1.57076	7.67994	7.57038	7.65178
1.57731	7.67582	7.56504	7.64993
1.5839	7.67178	7.578	7.64885
1.5905	7.66937	7.56807	7.66209
1.59713	7.67312	7.57096	7.6547
1.60378	7.67345	7.54777	7.66522
1.61045	7.67689	7.55166	7.65928
1.61716	7.67694	7.56218	7.64608
1.62389	7.66432	7.56628	7.6556
1.63064	7.67962	7.57054	7.64059
1.63742	7.6689	7.55289	7.64873
1.64423	7.66744	7.55121	7.64624
1.65106	7.66189	7.55627	7.65125
1.65791	7.69038	7.56665	7.64375
1.6648	7.67401	7.57387	7.65247
1.67171	7.66613	7.57007	7.6514
1.67865	7.67052	7.56989	7.65639
1.68561	7.66216	7.55544	7.65343
1.6926	7.67736	7.55919	7.64153
1.69961	7.66992	7.55614	7.66095
1.70666	7.67177	7.54636	7.64605
1.71372	7.66873	7.56661	7.6548
1.72082	7.66207	7.551	7.65002
1.72795	7.68162	7.5591	7.64319
1.7351	7.68152	7.55297	7.63978
1.74227	7.67431	7.5684	7.65312
1.74949	7.66456	7.55121	7.64235
1.75671	7.67735	7.55713	7.64181
1.76398	7.66086	7.57156	7.64517
1.77126	7.67504	7.56869	7.65965
1.77857	7.66408	7.54519	7.65579
1.78593	7.68158	7.54813	7.64654
1.79329	7.66131	7.55906	7.64568
1.80069	7.67952	7.56698	7.63711
1.80813	7.66634	7.56504	7.66081
1.81558	7.67042	7.56796	7.6498
1.82306	7.66604	7.55356	7.64396
1.83057	7.6744	7.56234	7.6535
1.83811	7.67942	7.56978	7.6459
1.84569	7.68512	7.55369	7.64586
1.85329	7.66442	7.55922	7.66652
1.86091	7.67945	7.56095	7.66875
1.86856	7.68059	7.55034	7.64619
1.87625	7.66587	7.56408	7.65212
1.88398	7.67792	7.55345	7.65726
1.89171	7.65323	7.55568	7.658
1.89949	7.66657	7.56412	7.66122
1.90729	7.68057	7.55926	7.65295
1.91513	7.66955	7.55098	7.65525
1.92299	7.67298	7.55798	7.66026
1.93089	7.67602	7.56482	7.65534
1.9388	7.66513	7.55555	7.64716
1.94676	7.67475	7.57552	7.6541
1.95474	7.66985	7.55376	7.64981
1.96276	7.67667	7.55903	7.64852
1.9708	7.65877	7.55145	7.64368
1.97888	7.68001	7.55164	7.64104
1.98699	7.68314	7.54457	7.64454
1.99513	7.67098	7.55088	7.65496
2.00329	7.67161	7.56764	7.65213
2.01149	7.67289	7.56271	7.64587
2.01971	7.68076	7.55995	7.64379
2.02798	7.67041	7.55234	7.64984
2.03627	7.66799	7.54703	7.64037
2.0446	7.68695	7.55759	7.6398
2.05295	7.68108	7.55041	7.65294
2.06134	7.65784	7.55255	7.63714
2.06976	7.66516	7.5669	7.65148
2.07821	7.65825	7.56129	7.65039
2.0867	7.67073	7.55944	7.65368
2.09521	7.67376	7.55821	7.64532
2.10376	7.67216	7.55571	7.65216
2.11235	7.66908	7.55287	7.6511
2.12096	7.67975	7.56126	7.6483
2.12961	7.67056	7.5546	7.6428
2.13829	7.68272	7.5566	7.65622
2.147	7.66702	7.55524	7.65901
2.15575	7.67808	7.5624	7.64542
2.16453	7.67251	7.55478	7.64252
2.17334	7.67474	7.55499	7.64691
2.18219	7.66316	7.56593	7.65593
2.19106	7.66939	7.56367	7.66177
2.19998	7.6714	7.56691	7.64699
2.20893	7.67245	7.56044	7.65947
2.21791	7.66906	7.56081	7.63699
2.22692	7.67892	7.56571	7.66205
2.23598	7.67228	7.55322	7.65507
2.24506	7.68343	7.5585	7.6501
2.25419	7.66803	7.55876	7.6511
2.26334	7.66857	7.56592	7.65203
2.27253	7.67458	7.56424	7.63721
2.28175	7.67531	7.54924	7.66025
2.29101	7.67474	7.56119	7.65445
2.3003	7.67797	7.55728	7.64626
2.30964	7.66809	7.55658	7.65602
2.319	7.67846	7.56622	7.64183
2.3284	7.66243	7.55215	7.65048
2.33784	7.66696	7.57714	7.64888
2.34731	7.66978	7.55584	7.64345
2.35681	7.66548	7.56492	7.64836
2.36636	7.66676	7.56301	7.64157
2.37595	7.6804	7.55803	7.65131
2.38556	7.66871	7.55304	7.6465
2.39521	7.6658	7.54738	7.64724
2.40491	7.66065	7.5567	7.6502
2.41464	7.68055	7.54475	7.64644
2.4244	7.66747	7.57033	7.63793
2.4342	7.66658	7.55526	7.64874
2.44405	7.66425	7.56228	7.64207
2.45392	7.67012	7.56333	7.65237
2.46384	7.67919	7.56147	7.64672
2.47379	7.66708	7.56968	7.63929
2.48377	7.66995	7.54581	7.65216
2.49381	7.67741	7.55807	7.64487
2.50388	7.67457	7.55749	7.65418
2.51397	7.68161	7.559	7.65586
2.52413	7.66672	7.55035	7.64936
2.53431	7.68147	7.55523	7.64786
2.54452	7.6755	7.5563	7.6465
2.55479	7.66917	7.56361	7.64998
2.56509	7.66546	7.55348	7.65428
2.57542	7.6686	7.56131	7.65445
2.5858	7.67751	7.55568	7.64843
2.59623	7.66914	7.56354	7.64289
2.60667	7.6648	7.55417	7.64454
2.61718	7.6715	7.54152	7.65149
2.62771	7.67301	7.55639	7.65218
2.63829	7.66973	7.56341	7.6426
2.6489	7.66631	7.56097	7.65382
2.65956	7.6815	7.56543	7.65615
2.67026	7.67835	7.56014	7.64826
2.681	7.67152	7.55907	7.64281
2.69178	7.66854	7.55595	7.65074
2.7026	7.6643	7.54989	7.65708
2.71346	7.67822	7.55548	7.64825
2.72436	7.66185	7.55608	7.6409
2.73531	7.6689	7.56195	7.64903
2.74629	7.67791	7.56914	7.64775
2.75732	7.68791	7.55854	7.65024
2.76839	7.66439	7.55671	7.64836
2.7795	7.67877	7.55761	7.65398
2.79066	7.68416	7.5597	7.65071
2.80185	7.6693	7.56384	7.64049
2.8131	7.66833	7.55946	7.65571
2.82437	7.67518	7.56072	7.63944
2.8357	7.66781	7.56168	7.65782
2.84707	7.67111	7.56107	7.66186
2.85849	7.67264	7.54938	7.64242
2.86994	7.66313	7.55301	7.65229
2.88144	7.67381	7.56977	7.65687
2.89298	7.67265	7.56199	7.6408
2.90456	7.67482	7.55931	7.64769
2.9162	7.66437	7.55907	7.65528
2.92788	7.66909	7.55877	7.64441
2.93959	7.67309	7.55924	7.65072
2.95136	7.6757	7.55496	7.65668
2.96316	7.67225	7.55396	7.64426
2.97502	7.66103	7.55425	7.65051
2.98691	7.66666	7.56704	7.65667
2.99886	7.67356	7.55487	7.65979
3.01085	7.66592	7.56828	7.64411
3.02289	7.67174	7.5556	7.64893
3.03498	7.6589	7.55647	7.65052
3.0471	7.65831	7.55614	7.6468
3.05927	7.66313	7.55785	7.65129
3.07149	7.66847	7.56455	7.65069
3.08376	7.66662	7.56008	7.65777
3.09608	7.66149	7.5568	7.6413
3.10842	7.67048	7.56475	7.64815
3.12084	7.66698	7.55642	7.64017
3.13329	7.68007	7.5548	7.6409
3.14579	7.6837	7.55941	7.6519
3.15834	7.66512	7.56132	7.64224
3.17094	7.67471	7.55668	7.66104
3.18359	7.65886	7.54701	7.66104
3.19627	7.66172	7.56287	7.65511
3.20902	7.67745	7.5617	7.6469
3.22181	7.66316	7.54251	7.64746
3.23465	7.65792	7.55676	7.65415
3.24754	7.67397	7.55936	7.65553
3.26047	7.67162	7.55773	7.64763
3.27346	7.68011	7.55504	7.64699
3.2865	7.67431	7.56394	7.64771
3.29958	7.67895	7.56031	7.64911
3.31271	7.66904	7.5501	7.65054
3.3259	7.67528	7.56278	7.64336
3.33914	7.66685	7.56467	7.64218
3.35243	7.67717	7.56173	7.65222
3.36575	7.67175	7.55884	7.64664
3.37914	7.66897	7.55677	7.65364
3.39258	7.6668	7.55676	7.6416
3.40608	7.67368	7.55784	7.64765
3.41961	7.67046	7.55801	7.64594
3.4332	7.66038	7.56433	7.64264
3.44685	7.67653	7.55578	7.6493
3.46054	7.66855	7.55364	7.6481
3.47429	7.67039	7.55391	7.64269
3.48809	7.66749	7.55712	7.64684
3.50194	7.66824	7.56817	7.64791
3.51585	7.67389	7.55507	7.63993
3.5298	7.67778	7.56955	7.64398
3.54381	7.67256	7.56453	7.64844
3.55789	7.67509	7.56696	7.6521
3.572	7.67333	7.5724	7.65191
3.58617	7.68091	7.55481	7.65018
3.6004	7.67058	7.55591	7.65301
3.61468	7.6721	7.56899	7.65371
3.62901	7.66549	7.56366	7.65098
3.6434	7.66403	7.55234	7.65073
3.65785	7.6806	7.55617	7.64746
3.67235	7.67594	7.57109	7.6504
3.6869	7.67144	7.55386	7.64388
3.70151	7.68001	7.56056	7.64998
3.71618	7.67368	7.55198	7.64899
3.7309	7.67439	7.56077	7.64379
3.74568	7.67525	7.54581	7.65234
3.76051	7.67143	7.56435	7.64049
3.7754	7.66624	7.56316	7.64416
3.79035	7.67168	7.56319	7.6497
3.80535	7.67447	7.56432	7.65298
3.82041	7.67399	7.56758	7.64707
3.83553	7.67187	7.55808	7.65696
3.8507	7.67049	7.56471	7.65616
3.86594	7.66947	7.56897	7.64398
3.88123	7.67131	7.55429	7.64928
3.89657	7.67807	7.55841	7.6483
3.91199	7.66491	7.56206	7.65125
3.92745	7.66706	7.55178	7.6449
3.94298	7.67285	7.56151	7.65037
3.95856	7.67644	7.56778	7.65019
3.9742	7.6789	7.57031	7.65178
3.98991	7.67562	7.55486	7.64841
4.00567	7.68067	7.55318	7.65452
4.0215	7.67608	7.55659	7.65279
4.03737	7.67799	7.55571	7.64477
4.05333	7.66657	7.56443	7.64833
4.06932	7.67515	7.55649	7.65473
4.0854	7.67106	7.56172	7.6437
4.10152	7.6727	7.55262	7.6398
4.11771	7.67978	7.55786	7.6487
4.13396	7.67565	7.562	7.64628
4.15028	7.66873	7.55741	7.65278
4.16665	7.67077	7.5523	7.64986
4.18309	7.66551	7.5527	7.64114
4.19959	7.67546	7.55779	7.65198
4.21615	7.68017	7.55927	7.65315
4.23278	7.6808	7.55412	7.65254
4.24946	7.66562	7.5614	7.65065
4.26621	7.66764	7.55325	7.65272
4.28302	7.6761	7.55057	7.65036
4.2999	7.67314	7.55595	7.65193
4.31685	7.66894	7.55602	7.65373
4.33385	7.67429	7.55142	7.65813
4.35092	7.67311	7.56067	7.66035
4.36806	7.66487	7.56474	7.65017
4.38527	7.67187	7.55792	7.65111
4.40254	7.67878	7.55849	7.66433
4.41988	7.66743	7.54358	7.64414
4.43727	7.67471	7.56299	7.65292
4.45474	7.66801	7.5627	7.64936
4.47227	7.6767	7.5529	7.64886
4.48987	7.67237	7.55441	7.64882
4.50754	7.67386	7.55457	7.65278
4.52528	7.68191	7.55867	7.65348
4.54308	7.67327	7.55781	7.65062
4.56095	7.67414	7.5729	7.65098
4.57889	7.67391	7.55648	7.64595
4.59689	7.66995	7.554	7.65621
4.61496	7.66964	7.55995	7.64891
4.63311	7.66722	7.55666	7.64118
4.65133	7.66896	7.55269	7.65327
4.6696	7.66904	7.55466	7.65237
4.68796	7.67375	7.56135	7.64776
4.70638	7.67272	7.55594	7.64705
4.72487	7.67351	7.55454	7.65094
4.74344	7.67235	7.55965	7.64837
4.76206	7.67051	7.55981	7.64988
4.78076	7.67889	7.54839	7.64322
4.79954	7.66606	7.56033	7.65319
4.81839	7.66682	7.55744	7.65055
4.83731	7.67213	7.56198	7.64213
4.8563	7.66539	7.56024	7.64496
4.87536	7.67352	7.5513	7.65263
4.8945	7.67221	7.55165	7.65142
4.9137	7.6695	7.55816	7.66083
4.93299	7.67725	7.56364	7.65553
4.95234	7.67628	7.55887	7.65372
4.97176	7.66514	7.5532	7.64883
4.99126	7.67659	7.55681	7.65399
5.01085	7.67391	7.56751	7.65392
5.0305	7.67835	7.55424	7.64271
5.05022	7.67417	7.56388	7.65706
5.07002	7.6722	7.56131	7.65059
5.0899	7.67298	7.5591	7.64402
5.10985	7.67564	7.55999	7.65002
5.12988	7.66674	7.55061	7.6565
5.14997	7.66919	7.55425	7.65377
5.17016	7.67183	7.55973	7.66073
5.19042	7.67024	7.56459	7.65282
5.21075	7.67617	7.5516	7.64852
5.23116	7.67429	7.56037	7.65926
5.25165	7.67452	7.55662	7.64628
5.27222	7.67579	7.55892	7.65708
5.29287	7.67958	7.55202	7.65658
5.3136	7.67354	7.55354	7.6539
5.3344	7.67728	7.55362	7.64912
5.35528	7.67184	7.54997	7.66249
5.37624	7.6739	7.56176	7.64796
5.39729	7.6755	7.56185	7.65239
5.41841	7.67117	7.56844	7.65485
5.43961	7.67833	7.5562	7.66126
5.4609	7.67942	7.55333	7.6548
5.48226	7.67912	7.56159	7.65774
5.5037	7.67124	7.55986	7.65933
5.52524	7.67334	7.56589	7.65411
5.54684	7.67815	7.56344	7.65405
5.56854	7.6758	7.56012	7.65828
5.59031	7.67945	7.55481	7.66467
5.61216	7.68452	7.56581	7.65348
5.6341	7.67258	7.55658	7.65428
5.65613	7.68256	7.54989	7.65199
5.67824	7.67636	7.55809	7.65013
5.70043	7.67649	7.55711	7.65792
5.7227	7.67882	7.55015	7.65006
5.74506	7.67343	7.56084	7.65141
5.76751	7.67696	7.56525	7.65563
5.79005	7.67775	7.56325	7.65209
5.81266	7.67057	7.56467	7.65166
5.83536	7.66935	7.56155	7.65209
5.85816	7.66715	7.56371	7.64975
5.88104	7.67833	7.55471	7.65816
5.904	7.67522	7.55502	7.64916
5.92705	7.67027	7.55329	7.64687
5.95019	7.67708	7.55497	7.65823
5.97341	7.67325	7.56944	7.64574
5.99674	7.68003	7.55933	7.64925
6.02014	7.68559	7.55797	7.65527
6.04364	7.66847	7.56395	7.64775
6.06721	7.68667	7.55836	7.66142
6.09089	7.67551	7.55825	7.65193
6.11465	7.67251	7.55754	7.65094
6.13851	7.67715	7.55775	7.65082
6.16245	7.668	7.56363	7.65957
6.18649	7.67862	7.56451	7.65435
6.21061	7.67895	7.55901	7.65398
6.23484	7.66705	7.56096	7.65583
6.25915	7.67033	7.56314	7.65611
6.28355	7.67335	7.56235	7.65349
6.30805	7.67751	7.56921	7.66091
6.33264	7.67947	7.56684	7.65372
6.35733	7.67902	7.56149	7.66292
6.3821	7.681	7.55941	7.65314
6.40697	7.67377	7.56588	7.64836
6.43194	7.67529	7.56013	7.65647
6.457	7.67437	7.56517	7.6588
6.48215	7.67645	7.56023	7.65686
6.50741	7.66739	7.56401	7.65697
6.53276	7.67171	7.56644	7.65384
6.5582	7.67046	7.55944	7.65542
6.58375	7.68151	7.56074	7.65292
6.60939	7.67864	7.56308	7.64881
6.63513	7.67092	7.563	7.65688
6.66096	7.66847	7.56463	7.65885
6.6869	7.67459	7.56622	7.66077
6.71292	7.67607	7.57265	7.65853
6.73906	7.67771	7.56497	7.65302
6.76529	7.66683	7.56901	7.65906
6.79163	7.67231	7.56548	7.65263
6.81805	7.67758	7.55857	7.6503
6.84459	7.68004	7.56881	7.65712
6.87121	7.67732	7.57247	7.66095
6.89795	7.68305	7.56881	7.65958
6.92479	7.6804	7.56332	7.65109
6.95173	7.67783	7.56714	7.65445
6.97876	7.67841	7.56463	7.66234
7.00591	7.67753	7.57451	7.6516
7.03316	7.67678	7.57497	7.65968
7.06051	7.68049	7.56968	7.65566
7.08796	7.67056	7.57007	7.64931
7.11552	7.67663	7.56504	7.66204
7.14319	7.67761	7.56675	7.65052
7.17096	7.67165	7.5688	7.65299
7.19884	7.67426	7.57426	7.6535
7.22683	7.6807	7.57215	7.65157
7.25491	7.67614	7.56978	7.65079
7.2831	7.67684	7.56454	7.65579
7.3114	7.67452	7.56547	7.65308
7.33981	7.67324	7.56321	7.66131
7.36834	7.68009	7.57178	7.65718
7.39696	7.68057	7.56971	7.65623
7.4257	7.67525	7.56383	7.65662
7.45455	7.67688	7.56346	7.65493
7.4835	7.67406	7.56409	7.6609
7.51256	7.67801	7.56224	7.65134
7.54174	7.67079	7.56852	7.64947
7.57104	7.6764	7.56541	7.65039
7.60042	7.67627	7.55813	7.64972
7.62994	7.67769	7.56203	7.65249
7.65956	7.67472	7.56074	7.65433
7.6893	7.67626	7.56412	7.65078
7.71915	7.67095	7.56205	7.65571
7.74911	7.6754	7.55977	7.6557
7.77919	7.67697	7.56708	7.64946
7.80939	7.67895	7.55801	7.65753
7.83969	7.68105	7.5598	7.65417
7.87011	7.67187	7.56525	7.6566
7.90065	7.67718	7.56943	7.65726
7.9313	7.67627	7.56953	7.66186
7.96208	7.68245	7.56377	7.65288
7.99296	7.68405	7.57092	7.65226
8.02398	7.67784	7.56284	7.66159
8.0551	7.67942	7.56291	7.65321
8.08634	7.68076	7.57069	7.65318
8.1177	7.6859	7.56418	7.64996
8.14917	7.67779	7.56606	7.65092
8.18077	7.67546	7.56218	7.65648
8.2125	7.68128	7.56989	7.65593
8.24434	7.67696	7.57083	7.65559
8.2763	7.67699	7.56596	7.66468
8.30839	7.67505	7.56748	7.65679
8.3406	7.67629	7.56614	7.65773
8.37292	7.68147	7.57198	7.65631
8.40537	7.68879	7.56663	7.65733
8.43795	7.68039	7.56978	7.65256
8.47065	7.6818	7.56257	7.66081
8.50348	7.68031	7.56716	7.65745
8.53642	7.67915	7.56706	7.66055
8.5695	7.68614	7.5639	7.6592
8.6027	7.67931	7.57319	7.65688
8.63604	7.686	7.56452	7.65588
8.66949	7.6863	7.56785	7.66238
8.70308	7.68095	7.56341	7.65403
8.73678	7.68173	7.56646	7.65342
8.77061	7.67807	7.56607	7.65629
8.80459	7.681	7.56881	7.65367
8.83867	7.68452	7.56457	7.65695
8.8729	7.68695	7.56672	7.65577
8.90726	7.68135	7.56661	7.65469
8.94175	7.68787	7.56419	7.65656
8.97636	7.6891	7.5643	7.65826
9.01111	7.68863	7.56443	7.65125
9.046	7.68607	7.56457	7.65639
9.08101	7.69056	7.56558	7.65503
9.11616	7.68558	7.56613	7.65226
9.15145	7.68451	7.56186	7.65716
9.18686	7.68376	7.56317	7.65916
9.22241	7.68508	7.55852	7.65756
9.2581	7.68835	7.56177	7.65507
9.29393	7.68826	7.55672	7.65375
9.32989	7.68564	7.5617	7.65705
9.36599	7.68915	7.55857	7.65584
9.40221	7.68587	7.55629	7.65807
9.43859	7.68668	7.5577	7.65698
9.4751	7.68597	7.56571	7.66102
9.51175	7.68742	7.55759	7.65711
9.54854	7.68786	7.56392	7.65979
9.58546	7.68943	7.56702	7.66004
9.62254	7.67617	7.56528	7.6612
9.65975	7.68159	7.56095	7.6573
9.6971	7.68073	7.56217	7.6587
9.73459	7.68782	7.5643	7.6594
9.77223	7.6821	7.56957	7.65759
9.81001	7.68367	7.56254	7.66675
9.84794	7.69031	7.56611	7.66332
9.886	7.68508	7.56933	7.65429
9.92421	7.68016	7.5728	7.66489
9.96257	7.68491	7.57278	7.66065
10.0011	7.68222	7.56341	7.65883
10.0397	7.68495	7.56877	7.6614
10.0785	7.68648	7.56957	7.66034
10.1175	7.68235	7.56569	7.65915
10.1566	7.68492	7.5632	7.65637
10.1958	7.68189	7.56906	7.65865
10.2352	7.68741	7.57455	7.65577
10.2748	7.69487	7.56913	7.65757
10.3145	7.68277	7.56712	7.65681
10.3543	7.68349	7.56832	7.65939
10.3943	7.68479	7.57259	7.66319
10.4345	7.68909	7.56719	7.66194
10.4747	7.68631	7.56792	7.65999
10.5152	7.68388	7.57149	7.66052
10.5558	7.68756	7.569	7.66262
10.5966	7.68212	7.57303	7.66478
10.6375	7.68795	7.56763	7.66102
10.6786	7.68351	7.57095	7.6603
10.7198	7.68817	7.56962	7.65839
10.7612	7.69055	7.57624	7.65769
10.8027	7.68849	7.56892	7.66013
10.8444	7.68512	7.57598	7.65823
10.8863	7.68638	7.57116	7.66068
10.9283	7.68891	7.5675	7.66001
10.9705	7.68707	7.57209	7.66481
11.0128	7.68921	7.57162	7.6625
11.0554	7.68687	7.57246	7.66043
11.098	7.68479	7.57223	7.66176
11.1409	7.68387	7.57118	7.6577
11.1839	7.68251	7.57459	7.6613
11.227	7.6848	7.57756	7.65855
11.2703	7.68187	7.57331	7.66268
11.3138	7.68552	7.5723	7.65894
11.3575	7.6875	7.57324	7.66262
11.4013	7.68509	7.5742	7.65213
11.4453	7.68501	7.57952	7.66481
11.4894	7.67972	7.57495	7.66257
11.5337	7.68177	7.57687	7.66077
11.5782	7.68548	7.57588	7.65521
11.6229	7.68481	7.57277	7.66116
11.6677	7.6846	7.57078	7.65334
11.7127	7.68472	7.57275	7.66119
11.7579	7.6871	7.57703	7.66059
11.8032	7.68612	7.57191	7.66326
11.8487	7.6885	7.5757	7.65433
11.8944	7.68482	7.57498	7.65863
11.9403	7.68556	7.57021	7.6592
11.9863	7.68937	7.57031	7.66079
12.0325	7.68719	7.57021	7.66836
12.0789	7.68768	7.56913	7.66591
12.1255	7.68812	7.57049	7.66186
12.1722	7.68792	7.57197	7.66884
12.2191	7.68874	7.57401	7.66631
12.2662	7.69462	7.56991	7.66143
12.3135	7.68961	7.56992	7.66402
12.361	7.68837	7.5722	7.66246
12.4086	7.69385	7.56524	7.66851
12.4564	7.6949	7.57408	7.66667
12.5044	7.6908	7.5726	7.66066
12.5526	7.68828	7.56629	7.65979
12.601	7.69226	7.56718	7.6637
12.6495	7.68804	7.56945	7.6629
12.6983	7.69042	7.57506	7.66439
12.7472	7.6946	7.56533	7.66321
12.7963	7.69204	7.56995	7.66804
12.8456	7.69066	7.57363	7.6689
12.8951	7.69218	7.56167	7.66615
12.9447	7.6884	7.5667	7.66922
12.9946	7.68856	7.57172	7.65681
13.0447	7.69229	7.5684	7.66095
13.0949	7.69268	7.56763	7.66097
13.1453	7.69161	7.57312	7.66369
13.1959	7.68752	7.57166	7.66068
13.2468	7.68975	7.57193	7.67055
13.2978	7.68978	7.56831	7.66063
13.349	7.68757	7.56915	7.65784
13.4004	7.68826	7.56622	7.65893
13.452	7.69149	7.57524	7.6632
13.5038	7.69186	7.56823	7.66201
13.5558	7.69415	7.57462	7.6571
13.608	7.69896	7.57264	7.66233
13.6603	7.7004	7.57133	7.66739
13.7129	7.69364	7.57604	7.66131
13.7657	7.70216	7.57166	7.65834
13.8187	7.69685	7.57084	7.66748
13.8719	7.69645	7.57413	7.6622
13.9253	7.70068	7.57113	7.6654
13.9789	7.70317	7.57901	7.66108
14.0327	7.6969	7.57409	7.67104
14.0867	7.69296	7.57014	7.6652
14.1409	7.69504	7.57216	7.66913
14.1953	7.69257	7.57491	7.66371
14.2499	7.69921	7.56868	7.66734
14.3047	7.69946	7.56614	7.66807
14.3598	7.69444	7.57466	7.66929
14.415	7.694	7.57448	7.67042
14.4705	7.69165	7.57377	7.66876
14.5262	7.69849	7.57282	7.66917
14.582	7.69846	7.572	7.67471
14.6381	7.69591	7.57618	7.67163
14.6944	7.6871	7.57151	7.66833
14.751	7.68975	7.57198	7.66193
14.8077	7.69549	7.56981	7.66588
14.8647	7.69445	7.57252	7.66277
14.9218	7.69457	7.57131	7.66555
14.9792	7.69583	7.57064	7.66139
15.0368	7.68666	7.57461	7.6646
15.0947	7.69243	7.56996	7.66535
15.1527	7.69057	7.57491	7.66714
15.211	7.69272	7.57338	7.65945
15.2695	7.68898	7.57781	7.65993
15.3282	7.68849	7.56882	7.66576
15.3871	7.69107	7.56679	7.66433
15.4463	7.6894	7.577	7.66289
15.5056	7.68968	7.57964	7.67069
15.5653	7.69379	7.5756	7.66373
15.6251	7.69476	7.575	7.66512
15.6852	7.69761	7.57595	7.65919
15.7455	7.69867	7.57494	7.66405
15.806	7.69668	7.57539	7.66586
15.8667	7.69609	7.57912	7.66754
15.9277	7.69601	7.57659	7.66578
15.9889	7.69842	7.58022	7.66006
16.0504	7.70067	7.5751	7.66428
16.1121	7.69754	7.57886	7.6674
16.174	7.69434	7.57456	7.66367
16.2362	7.69666	7.5764	7.66202
16.2986	7.69693	7.57235	7.65811
16.3612	7.69342	7.57598	7.66133
16.4241	7.69478	7.58084	7.6655
16.4872	7.69187	7.57394	7.66563
16.5505	7.69316	7.5785	7.66553
16.6141	7.69623	7.58091	7.66105
16.6779	7.69264	7.5814	7.66598
16.742	7.69969	7.57914	7.66287
16.8063	7.69764	7.57593	7.66212
16.8709	7.70177	7.57585	7.66687
16.9357	7.69449	7.57602	7.66608
17.0008	7.69909	7.57542	7.66104
17.0661	7.69731	7.58132	7.66211
17.1316	7.70137	7.58047	7.66332
17.1974	7.69288	7.57808	7.66114
17.2635	7.69538	7.57816	7.66869
17.3298	7.70433	7.57935	7.66334
17.3963	7.70287	7.57824	7.66733
17.4632	7.70133	7.57202	7.67058
17.5302	7.70242	7.57546	7.66376
17.5975	7.70112	7.58082	7.665
17.6651	7.70371	7.57131	7.66885
17.733	7.69749	7.57304	7.66779
17.801	7.70285	7.57747	7.66837
17.8694	7.69681	7.57503	7.66678
17.938	7.70041	7.57424	7.66629
18.0069	7.69801	7.57193	7.669
18.076	7.70348	7.57662	7.66745
18.1454	7.70047	7.57416	7.66623
18.2151	7.70472	7.58002	7.6631
18.285	7.69751	7.57517	7.66592
18.3552	7.70015	7.57299	7.66566
18.4257	7.70064	7.57541	7.67035
18.4964	7.70121	7.56828	7.66967
18.5674	7.69553	7.57882	7.67413
18.6387	7.70088	7.57757	7.66594
18.7102	7.70779	7.57331	7.66899
18.782	7.69841	7.57633	7.667
18.8541	7.69722	7.57741	7.66894
18.9265	7.7002	7.57842	7.66729
18.9991	7.6998	7.57631	7.67139
19.072	7.70168	7.58212	7.6644
19.1452	7.70096	7.57891	7.67437
19.2187	7.70324	7.58151	7.66967
19.2924	7.70864	7.57914	7.66987
19.3665	7.69787	7.57933	7.67067
19.4408	7.70312	7.58319	7.66843
19.5154	7.69775	7.58279	7.67345
19.5903	7.70195	7.57747	7.66701
19.6654	7.70205	7.58153	7.67014
19.7409	7.70047	7.57971	7.67413
19.8166	7.70267	7.57868	7.6684
19.8926	7.6957	7.58035	7.67242
19.9689	7.70019	7.5813	7.66957
20.0455	7.6959	7.5789	7.66772
20.1224	7.69956	7.58163	7.67105
20.1996	7.70011	7.58037	7.67127
20.2771	7.69947	7.5799	7.66858
20.3549	7.69517	7.58316	7.66978
20.433	7.70145	7.57984	7.67087
20.5114	7.70036	7.58016	7.66653
20.59	7.70249	7.58227	7.66977
20.669	7.70262	7.5792	7.66485
20.7483	7.70238	7.58023	7.6659
20.8278	7.69983	7.5761	7.67159
20.9077	7.7049	7.58132	7.67125
20.9879	7.70475	7.57852	7.67107
21.0684	7.69952	7.58506	7.67005
21.1492	7.70362	7.5823	7.67345
21.2303	7.70305	7.57855	7.67733
21.3117	7.70395	7.57993	7.67187
21.3934	7.70302	7.57987	7.67132
21.4754	7.70199	7.58102	7.66869
21.5578	7.70338	7.58192	7.66871
21.6404	7.70469	7.58302	7.67376
21.7234	7.70319	7.58351	7.67353
21.8067	7.70762	7.58327	7.67366
21.8903	7.70558	7.58114	7.66746
21.9742	7.70063	7.58202	7.67113
22.0585	7.7016	7.58296	7.66762
22.143	7.70691	7.58406	7.66836
22.2279	7.70713	7.58265	7.66972
22.3131	7.7033	7.57529	7.67275
22.3986	7.70591	7.58121	7.67021
22.4845	7.70492	7.58179	7.66899
22.5707	7.70283	7.57723	7.67361
22.6572	7.7019	7.57974	7.67184
22.744	7.70304	7.58043	7.6752
22.8312	7.70354	7.58037	7.67025
22.9187	7.69921	7.57827	7.67287
23.0066	7.70427	7.58573	7.67027
23.0947	7.70475	7.57678	7.66742
23.1833	7.70309	7.58226	7.6692
23.2721	7.70643	7.58183	7.66851
23.3613	7.70651	7.58686	7.66411
23.4508	7.70342	7.58619	7.66827
23.5407	7.70282	7.5846	7.67105
23.6309	7.70611	7.58315	7.67459
23.7214	7.70631	7.58145	7.67244
23.8123	7.70358	7.58249	7.6723
23.9036	7.70543	7.58401	7.67138
23.9951	7.70518	7.5856	7.67352
24.0871	7.70372	7.58224	7.67265
24.1794	7.69971	7.58254	7.67166
24.272	7.70497	7.58821	7.66743
24.365	7.70717	7.58415	7.66993
24.4583	7.70336	7.58409	7.66696
24.552	7.70055	7.58377	7.66883
24.6461	7.7067	7.58472	7.67368
24.7405	7.71121	7.58299	7.67269
24.8353	7.70771	7.58553	7.66949
24.9304	7.70518	7.58384	7.67116
25.0259	7.7096	7.58407	7.67267
25.1218	7.70859	7.58382	7.67133
25.218	7.70876	7.58064	7.67359
25.3146	7.71132	7.58194	7.67008
25.4116	7.70994	7.58138	7.67069
25.5089	7.70981	7.58241	7.67035
25.6066	7.71021	7.58222	7.67074
25.7047	7.70893	7.58426	7.66941
25.8031	7.70571	7.58001	7.66915
25.9019	7.71298	7.58367	7.67134
26.0011	7.71046	7.58315	7.66814
26.1007	7.71399	7.58417	7.66982
26.2007	7.71252	7.58682	7.66875
26.301	7.71319	7.58218	7.67456
26.4017	7.71121	7.58346	7.67678
26.5028	7.71464	7.58184	7.67466
26.6043	7.71544	7.58014	7.67294
26.7062	7.70911	7.58401	7.67175
26.8084	7.71387	7.58186	7.67193
26.9111	7.71125	7.58556	7.67453
27.0141	7.70977	7.58392	7.67282
27.1176	7.7117	7.58253	7.67188
27.2214	7.71033	7.58556	7.67536
27.3256	7.70707	7.58421	7.672
27.4302	7.70903	7.58807	7.67166
27.5352	7.70813	7.58765	7.67015
27.6407	7.71366	7.58719	7.66962
27.7465	7.71197	7.58734	7.66994
27.8527	7.71794	7.5881	7.66669
27.9593	7.7076	7.58735	7.67139
28.0664	7.70489	7.58435	7.66968
28.1738	7.70772	7.58843	7.66998
28.2816	7.70859	7.58406	7.66994
28.3899	7.71121	7.58309	7.67345
28.4986	7.70665	7.58216	7.6727
28.6077	7.7037	7.58316	7.67238
28.7172	7.71157	7.58555	7.67114
28.8271	7.70868	7.58219	7.67474
28.9374	7.71044	7.58765	7.67083
29.0482	7.71027	7.58194	7.67236
29.1593	7.70788	7.5833	7.67375
29.2709	7.7089	7.58752	7.67463
29.383	7.71027	7.58141	7.67433
29.4954	7.70817	7.5865	7.67321
29.6083	7.70865	7.58378	7.67388
29.7216	7.70564	7.58275	7.67647
29.8354	7.70707	7.58114	7.67131
29.9495	7.70957	7.58174	7.67625
30.0641	7.70809	7.58415	7.67426
30.1792	7.70807	7.57784	7.67642
30.2947	7.71142	7.58289	7.67551
30.4106	7.70788	7.58064	7.67383
30.527	7.70836	7.58259	7.66792
30.6438	7.7128	7.58882	7.67397
30.761	7.70921	7.58261	7.67162
30.8787	7.70974	7.58442	7.66802
30.9969	7.71119	7.58272	7.66952
31.1155	7.71048	7.58427	7.66839
31.2345	7.70701	7.58603	7.67004
31.354	7.7087	7.5865	7.67116
31.474	7.71435	7.58579	7.67201
31.5944	7.71526	7.58654	7.67852
31.7153	7.71194	7.59046	7.67318
31.8366	7.71482	7.59158	7.67685
31.9584	7.71205	7.58902	7.67804
32.0806	7.71414	7.58622	7.68012
32.2034	7.71166	7.58733	7.67889
32.3266	7.71067	7.58518	7.67741
32.4502	7.71452	7.58484	7.67977
32.5743	7.71089	7.58206	7.68116
32.699	7.7099	7.58608	7.67792
32.824	7.71168	7.58592	7.67956
32.9496	7.71016	7.58398	7.67793
33.0756	7.70519	7.58429	7.6757
33.2021	7.71599	7.58503	7.67081
33.3291	7.71135	7.58779	7.6711
33.4566	7.71322	7.58553	7.67516
33.5846	7.71353	7.58643	7.6712
33.713	7.7148	7.58611	7.6726
33.842	7.71326	7.58919	7.67341
33.9714	7.71066	7.58671	7.67014
34.1013	7.71414	7.58778	7.67105
34.2317	7.71239	7.58589	7.67395
34.3626	7.71251	7.5873	7.67681
34.4941	7.71337	7.58621	7.66907
34.626	7.71502	7.58725	7.67307
34.7584	7.71228	7.58492	7.67108
34.8913	7.71353	7.59137	7.67255
35.0247	7.71066	7.58874	7.6737
35.1587	7.71513	7.59019	7.67416
35.2931	7.71224	7.58733	7.67529
35.4281	7.7128	7.59023	7.67679
35.5635	7.71271	7.58553	7.67801
35.6995	7.71501	7.58816	7.68023
35.836	7.7128	7.58548	7.67842
35.973	7.71046	7.58173	7.68146
36.1106	7.71293	7.58511	7.68542
36.2487	7.71557	7.58609	7.67747
36.3873	7.71583	7.58912	7.67922
36.5264	7.71594	7.58929	7.67892
36.666	7.71602	7.58818	7.68042
36.8062	7.71701	7.58473	7.67772
36.9469	7.71748	7.58818	7.67585
37.0882	7.71669	7.58404	7.67706
37.23	7.71612	7.59131	7.67766
37.3723	7.71652	7.58733	7.67549
37.5152	7.71711	7.58841	7.67466
37.6586	7.71552	7.58815	7.67499
37.8026	7.71416	7.58602	7.6745
37.9471	7.71236	7.58928	7.67427
38.0921	7.71291	7.58476	7.67251
38.2378	7.71011	7.58594	7.66817
38.3839	7.71394	7.58588	7.66942
38.5306	7.71383	7.58792	7.67369
38.6779	7.71458	7.58535	7.67033
38.8258	7.71366	7.59093	7.67806
38.9742	7.71385	7.59	7.68009
39.1231	7.71595	7.59239	7.67946
39.2727	7.72014	7.58716	7.67416
39.4228	7.72031	7.58689	7.68005
39.5735	7.71634	7.58994	7.67778
39.7247	7.717	7.58647	7.68173
39.8766	7.71612	7.58794	7.68078
40.029	7.71532	7.58627	7.679
40.182	7.71532	7.58564	7.67705
40.3355	7.71556	7.58774	7.68151
40.4897	7.71608	7.58995	7.6796
40.6444	7.71815	7.59011	7.67808
40.7998	7.71342	7.59034	7.67444
40.9557	7.71604	7.58711	7.67528
41.1122	7.7159	7.58676	7.6729
41.2693	7.71835	7.58915	7.67433
41.427	7.71692	7.58866	7.66987
41.5853	7.71724	7.58861	7.6696
41.7443	7.71693	7.59018	7.67135
41.9038	7.71898	7.59071	7.66912
42.0639	7.71639	7.589	7.67
42.2246	7.71869	7.59476	7.67236
42.386	7.71723	7.58987	7.67402
42.548	7.71744	7.59177	7.67561
42.7105	7.71732	7.58878	7.67897
42.8737	7.71548	7.58898	7.67829
43.0376	7.71549	7.59019	7.67799
43.202	7.71513	7.59052	7.68109
43.3671	7.7157	7.58808	7.67986
43.5328	7.71401	7.59214	7.67959
43.6991	7.71206	7.5941	7.6774
43.8661	7.71388	7.58998	7.67901
44.0337	7.71628	7.59129	7.67835
44.2019	7.7181	7.59271	7.67905
44.3708	7.71993	7.58866	7.67792
44.5403	7.72079	7.59141	7.67654
44.7105	7.72036	7.59161	7.67971
44.8813	7.71981	7.59052	7.67471
45.0527	7.71902	7.58803	7.67724
45.2249	7.71795	7.59031	7.67698
45.3976	7.7203	7.58762	7.67814
45.5711	7.72164	7.59233	7.67693
45.7452	7.71716	7.58793	7.67417
45.9199	7.71458	7.59241	7.67389
46.0953	7.71931	7.58802	7.67662
46.2714	7.71811	7.58936	7.68027
46.4482	7.71812	7.58648	7.68131
46.6256	7.71671	7.58983	7.68065
46.8037	7.71667	7.58807	7.68233
46.9825	7.71882	7.58863	7.68145
47.162	7.71894	7.5902	7.68125
47.3421	7.71731	7.59075	7.67919
47.5229	7.71922	7.593	7.68026
47.7045	7.71665	7.58872	7.68114
47.8867	7.71433	7.58935	7.67915
48.0696	7.71627	7.58974	7.67847
48.2532	7.71888	7.59036	7.67723
48.4375	7.7193	7.59347	7.67905
48.6225	7.71697	7.59367	7.6768
48.8082	7.71913	7.59094	7.67744
48.9946	7.71513	7.59143	7.67489
49.1818	7.71469	7.59467	7.67829
49.3696	7.71539	7.59084	7.6784
49.5582	7.71602	7.591	7.67669
49.7474	7.7157	7.58969	7.67435
49.9374	7.71916	7.59193	7.67842
50.1281	7.71805	7.59236	7.67829
50.3196	7.71475	7.59236	7.68096
50.5117	7.71393	7.59265	7.68136
50.7047	7.71726	7.59436	7.6806
50.8983	7.71656	7.59344	7.6763
51.0927	7.71516	7.59061	7.67837
51.2878	7.71784	7.5897	7.67644
51.4837	7.7181	7.58956	7.67576
51.6802	7.71927	7.59458	7.67672
51.8776	7.7183	7.59257	7.67112
52.0757	7.71408	7.59541	7.67432
52.2746	7.71759	7.59677	7.67222
52.4742	7.71683	7.59267	7.67472
52.6746	7.71955	7.5939	7.67688
52.8757	7.7182	7.59275	7.6804
53.0776	7.71683	7.59294	7.67966
53.2803	7.71421	7.59099	7.67897
53.4837	7.71441	7.59084	7.68045
53.688	7.71486	7.5915	7.67805
53.8929	7.71733	7.58744	7.67986
54.0987	7.71878	7.59357	7.67668
54.3053	7.71979	7.59333	7.67556
54.5126	7.71903	7.59257	7.67546
54.7208	7.72011	7.59175	7.67747
54.9297	7.72259	7.59429	7.6788
55.1394	7.72105	7.59327	7.68076
55.3499	7.71764	7.59305	7.67758
55.5613	7.72244	7.59354	7.67104
55.7734	7.71867	7.59028	7.67679
55.9864	7.71984	7.59578	7.67455
56.2001	7.7201	7.59338	7.67828
56.4147	7.71882	7.59142	7.6751
56.63	7.71983	7.59032	7.67704
56.8462	7.72385	7.59099	7.67579
57.0633	7.71875	7.5893	7.6742
57.2811	7.71868	7.59182	7.67557
57.4998	7.71874	7.59356	7.68062
57.7193	7.71877	7.59453	7.68455
57.9397	7.71905	7.59089	7.68013
58.1608	7.7228	7.59402	7.6774
58.3829	7.72055	7.59065	7.67673
58.6057	7.72156	7.58969	7.67649
58.8295	7.71805	7.5927	7.67786
59.054	7.72018	7.59314	7.68042
59.2795	7.71839	7.59253	7.68022
59.5058	7.71723	7.595	7.68003
59.7329	7.71746	7.59233	7.67813
59.9609	7.71624	7.58888	7.67637
60.1898	7.71702	7.58651	7.67853
60.4196	7.71986	7.59255	7.67738
60.6502	7.71991	7.595	7.67777
60.8817	7.71694	7.59165	7.67686
61.1141	7.71878	7.59455	7.67358
61.3474	7.72202	7.59591	7.67543
61.5815	7.72209	7.59542	7.67635
61.8166	7.72019	7.59263	7.67555
62.0525	7.71924	7.59411	7.67632
62.2894	7.71678	7.59391	7.67739
62.5271	7.71661	7.59139	7.67621
62.7658	7.71826	7.59131	7.67696
63.0053	7.71982	7.59145	7.68014
63.2458	7.72012	7.59505	7.67762
63.4872	7.72021	7.59397	7.6785
63.7295	7.72064	7.59396	7.67431
63.9728	7.71532	7.59215	7.67594
64.2169	7.71518	7.59162	7.67693
64.462	7.71774	7.59287	7.67493
64.708	7.71883	7.59501	7.67345
64.955	7.71884	7.59719	7.67628
65.2029	7.71843	7.59445	7.67697
65.4517	7.72069	7.59555	7.67971
65.7015	7.7232	7.59496	7.6787
65.9523	7.72111	7.59236	7.67902
66.2039	7.72294	7.59279	7.6804
66.4566	7.7168	7.59115	7.6736
66.7102	7.71821	7.59085	7.67655
66.9648	7.71974	7.59061	7.67946
67.2204	7.71864	7.59124	7.67596
67.4769	7.718	7.58926	7.67639
67.7344	7.71853	7.59096	7.6744
67.9929	7.71938	7.59325	7.67205
68.2523	7.71869	7.59136	7.67439
68.5128	7.71618	7.59664	7.67484
68.7742	7.71835	7.59568	7.6788
69.0367	7.71714	7.59371	7.67885
69.3001	7.71989	7.59616	7.67918
69.5646	7.72119	7.59352	7.67855
69.83	7.7213	7.59026	7.67862
70.0965	7.72182	7.59242	7.6754
70.364	7.71835	7.59537	7.67525
70.6324	7.72158	7.59307	7.67553
70.902	7.71797	7.59386	7.6777
71.1725	7.71753	7.58931	7.68054
71.4441	7.7203	7.5882	7.68023
71.7167	7.71925	7.5918	7.67764
71.9903	7.72166	7.59233	7.6755
72.265	7.71871	7.59184	7.67661
72.5407	7.71931	7.58922	7.67596
72.8175	7.72211	7.59259	7.67583
73.0954	7.71762	7.59479	7.67673
73.3743	7.7213	7.59365	7.67811
73.6542	7.7221	7.59077	7.67702
73.9352	7.72431	7.589	7.6781
74.2173	7.72627	7.59213	7.67634
74.5005	7.72621	7.59769	7.67736
74.7848	7.72318	7.5935	7.67547
75.0701	7.72009	7.59427	7.67347
75.3565	7.72075	7.59435	7.67194
75.644	7.71891	7.5937	7.6741
75.9326	7.71751	7.5939	7.67611
76.2223	7.7163	7.59332	7.67684
76.5131	7.71907	7.59014	7.67673
76.805	7.71629	7.59193	7.6758
77.098	7.71706	7.59556	7.6756
77.3922	7.71916	7.59417	7.67436
77.6874	7.72082	7.59325	7.67543
77.9838	7.72151	7.59251	7.67688
78.2813	7.71951	7.59143	7.6742
78.5799	7.71744	7.59325	7.67977
78.8797	7.71935	7.59521	7.67504
79.1806	7.72131	7.59209	7.67472
79.4827	7.7179	7.59088	7.67329
79.7859	7.71894	7.59124	7.67437
80.0903	7.71789	7.5912	7.67601
80.3958	7.71797	7.59097	7.6736
80.7025	7.71934	7.59419	7.67556
81.0104	7.71988	7.59474	7.67341
81.3194	7.72029	7.59544	7.67651
81.6296	7.72371	7.59583	7.67802
81.941	7.72117	7.59435	7.67739
82.2536	7.72007	7.59398	7.67506
82.5674	7.72312	7.59378	7.67501
82.8823	7.72013	7.59425	7.67195
83.1985	7.71861	7.59304	7.67523
83.5158	7.72346	7.59432	7.67684
83.8344	7.71956	7.59444	7.67807
84.1542	7.72034	7.59242	7.67509
84.4752	7.7203	7.59019	7.67663
84.7974	7.71729	7.59086	7.67278
85.1209	7.71796	7.59275	7.675
85.4456	7.71821	7.59654	7.676
85.7715	7.71693	7.5965	7.67584
86.0986	7.71923	7.59331	7.67191
86.4271	7.72124	7.59739	7.67341
86.7567	7.72352	7.59408	7.67277
87.0876	7.72087	7.59143	7.67346
87.4198	7.71819	7.58933	7.67429
87.7533	7.71854	7.59275	7.67691
88.088	7.71938	7.59181	7.67485
88.4239	7.71891	7.59165	7.67467
88.7612	7.71933	7.59469	7.67513
89.0997	7.71889	7.59254	7.6759
89.4396	7.72063	7.59359	7.67262
89.7807	7.72058	7.59034	7.67311
90.1231	7.7229	7.59267	7.67335
90.4669	7.71994	7.59268	7.67379
90.8119	7.72222	7.59407	7.67262
91.1583	7.72001	7.59221	7.6738
91.5059	7.71895	7.59121	7.67274
91.8549	7.71902	7.59258	7.67363
92.2053	7.7213	7.59421	7.67447
92.5569	7.71873	7.59127	7.67769
92.9099	7.71845	7.59304	7.67771
93.2643	7.72012	7.59281	7.67645
93.6199	7.71885	7.59415	7.6739
93.977	7.71596	7.58912	7.67349
94.3354	7.71717	7.59008	7.67428
94.6952	7.72106	7.59121	7.674
95.0563	7.72016	7.59172	7.67087
95.4188	7.72111	7.58895	7.67033
95.7827	7.72061	7.59137	7.67226
96.148	7.72124	7.5944	7.67163
96.5147	7.71559	7.59429	7.67556
96.8827	7.71866	7.59365	7.67264
97.2522	7.72102	7.59608	7.66809
97.6231	7.7199	7.59234	7.66581
97.9954	7.71679	7.59034	7.66968
98.3691	7.71719	7.58792	7.67164
98.7442	7.71609	7.59048	7.6689
99.1208	7.71747	7.59043	7.67214
99.4988	7.71677	7.59397	7.67306
99.8782	7.71692	7.5918	7.67318
100.259	7.71718	7.59129	7.67138
100.641	7.71492	7.5942	7.67163
101.025	7.71557	7.59252	7.67077
101.41	7.71767	7.58984	7.67379
101.797	7.71753	7.59395	7.67268
102.185	7.7193	7.59018	7.67014
102.575	7.72094	7.5907	7.66981
102.966	7.7178	7.58546	7.67
103.359	7.71518	7.5909	7.67039
103.753	7.71538	7.59345	7.67264
104.148	7.71731	7.59052	7.67305
104.546	7.71839	7.59069	7.67028
104.944	7.71979	7.59236	7.67199
105.344	7.7199	7.5913	7.67279
105.746	7.72048	7.58826	7.67163
106.149	7.72032	7.58875	7.66876
106.554	7.72008	7.58973	7.67092
106.96	7.71888	7.59042	7.66944
107.368	7.71875	7.59127	7.67355
107.778	7.71826	7.59103	7.66936
108.189	7.71771	7.59087	7.6724
108.601	7.71846	7.58952	7.67009
109.015	7.72031	7.58705	7.67145
109.431	7.71747	7.58919	7.66917
109.848	7.71789	7.58742	7.66968
110.267	7.71922	7.5932	7.66867
110.687	7.71815	7.59165	7.66507
111.109	7.72364	7.5907	7.67027
111.533	7.71755	7.59099	7.66749
111.958	7.71651	7.58958	7.66921
112.385	7.71707	7.5919	7.67348
112.814	7.71671	7.5897	7.67087
113.244	7.71605	7.58887	7.66809
113.676	7.71653	7.59117	7.66921
114.109	7.72039	7.59124	7.67293
114.544	7.71679	7.59319	7.67179
114.981	7.71745	7.58876	7.67342
115.419	7.7211	7.59141	7.66898
115.859	7.71575	7.58731	7.66859
116.301	7.71844	7.58399	7.66668
116.744	7.71643	7.58545	7.66777
117.189	7.71892	7.59007	7.66694
117.636	7.71761	7.59182	7.66989
118.085	7.71703	7.59111	7.66758
118.535	7.71755	7.58988	7.66737
118.987	7.71823	7.59059	7.66674
119.44	7.71844	7.58573	7.66451
119.896	7.71912	7.58485	7.66648
120.353	7.71626	7.58746	7.66684
120.812	7.71758	7.58933	7.66417
121.272	7.71931	7.58828	7.66669
121.735	7.71701	7.58812	7.66748
122.199	7.71975	7.58722	7.66876
122.665	7.71801	7.58681	7.66922
123.132	7.71812	7.58606	7.66683
123.602	7.71554	7.58344	7.6656
124.073	7.71632	7.58772	7.66109
124.546	7.71199	7.5908	7.66431
125.021	7.71494	7.59272	7.6645
125.497	7.712	7.58988	7.66862
125.976	7.71348	7.58777	7.66972
126.456	7.71556	7.58586	7.66651
126.938	7.71739	7.5862	7.66329
127.422	7.71764	7.58738	7.66046
127.908	7.71642	7.58776	7.65886
128.395	7.71626	7.58827	7.6613
128.885	7.71502	7.59014	7.66366
129.376	7.715	7.59015	7.66569
129.869	7.71373	7.58439	7.6619
130.364	7.71593	7.58538	7.66418
130.861	7.71486	7.58695	7.66664
131.36	7.71702	7.58627	7.6617
131.861	7.71555	7.59039	7.66123
132.364	7.71652	7.58934	7.66334
132.868	7.71591	7.591	7.6645
133.375	7.7154	7.58764	7.66655
133.883	7.71455	7.58478	7.66257
134.393	7.7156	7.58201	7.66319
134.906	7.71399	7.5872	7.66012
135.42	7.71595	7.58749	7.65837
135.936	7.7164	7.58851	7.66163
136.454	7.71713	7.58852	7.66454
136.975	7.71283	7.58826	7.66207
137.497	7.71681	7.58715	7.65872
138.021	7.71225	7.58511	7.65861
138.547	7.71266	7.58289	7.66132
139.075	7.71656	7.58318	7.66022
139.605	7.71246	7.58581	7.65902
140.137	7.71265	7.58887	7.66113
140.671	7.71083	7.59195	7.66201
141.208	7.7128	7.58801	7.66494
141.746	7.71351	7.58793	7.65957
142.286	7.7117	7.58728	7.66173
142.829	7.71609	7.58835	7.65978
143.373	7.71258	7.58624	7.66129
143.919	7.71208	7.58686	7.66102
144.468	7.71275	7.58547	7.65815
145.019	7.71431	7.58541	7.6583
145.571	7.7149	7.58475	7.65993
146.126	7.71446	7.58361	7.65936
146.683	7.71581	7.58727	7.65636
147.242	7.7149	7.58658	7.66078
147.804	7.71279	7.58615	7.66221
148.367	7.71048	7.58418	7.66281
148.932	7.71227	7.58572	7.66101
149.5	7.71481	7.58396	7.65645
150.07	7.71266	7.58581	7.66107
150.642	7.71287	7.58429	7.66087
151.216	7.71251	7.58661	7.66051
151.792	7.71549	7.58701	7.65832
152.371	7.71298	7.58406	7.65554
152.952	7.7124	7.58414	7.65747
153.535	7.71121	7.58861	7.65977
154.12	7.71155	7.58646	7.66219
154.707	7.71233	7.58545	7.66342
155.297	7.71198	7.58348	7.66211
155.889	7.71334	7.58348	7.65894
156.483	7.71162	7.58692	7.65778
157.079	7.71268	7.58317	7.65705
157.678	7.7106	7.5839	7.66029
158.279	7.71057	7.58351	7.65921
158.882	7.71119	7.58609	7.65713
159.488	7.7089	7.58722	7.65789
160.096	7.71213	7.58572	7.65821
160.706	7.71238	7.5835	7.65691
161.318	7.7106	7.58472	7.65487
161.933	7.70937	7.58497	7.65681
162.55	7.71191	7.58481	7.65693
163.17	7.71037	7.5863	7.65768
163.792	7.71294	7.58205	7.65776
164.416	7.70818	7.58283	7.65797
165.043	7.70937	7.58421	7.6567
165.672	7.7101	7.58444	7.65311
166.303	7.71213	7.58302	7.65474
166.937	7.71127	7.58519	7.65673
167.573	7.70916	7.58522	7.65687
168.212	7.70894	7.58299	7.65833
168.853	7.70938	7.58274	7.65453
169.496	7.71083	7.58422	7.65462
170.142	7.7072	7.58267	7.65631
170.791	7.70859	7.5815	7.65464
171.441	7.70894	7.58305	7.65472
172.095	7.7089	7.58221	7.65439
172.751	7.70911	7.5812	7.65645
173.409	7.70844	7.58262	7.65292
174.07	7.71092	7.58156	7.65346
174.733	7.70776	7.58302	7.65316
175.399	7.70853	7.58235	7.65479
176.068	7.70576	7.58291	7.65344
176.739	7.70809	7.58193	7.65217
177.412	7.70489	7.58089	7.65219
178.088	7.70707	7.58184	7.65265
178.767	7.70674	7.58236	7.65326
179.448	7.70905	7.58007	7.651
180.132	7.7047	7.58189	7.64916
180.818	7.7034	7.58166	7.6515
181.507	7.70641	7.58089	7.6518
182.199	7.70947	7.58004	7.6505
182.893	7.70488	7.58346	7.65188
183.59	7.70328	7.58063	7.64712
184.29	7.70459	7.58157	7.65037
184.992	7.70078	7.5785	7.65252
185.697	7.70676	7.58063	7.64917
186.405	7.70624	7.57758	7.64589
187.115	7.70844	7.58046	7.64749
187.828	7.70192	7.58269	7.65194
188.544	7.7036	7.58221	7.65003
189.263	7.70317	7.57881	7.64569
189.984	7.7028	7.57952	7.64526
190.708	7.70025	7.57977	7.64663
191.435	7.7035	7.58096	7.64432
192.164	7.70668	7.58037	7.64615
192.896	7.70239	7.58044	7.65279
193.631	7.70257	7.57876	7.65174
194.369	7.70075	7.57709	7.64657
195.11	7.70132	7.57907	7.64846
195.853	7.70459	7.57919	7.64998
196.6	7.70302	7.57939	7.6448
197.349	7.70219	7.57649	7.64735
198.101	7.70256	7.57661	7.64557
198.856	7.70424	7.57925	7.64352
199.613	7.70315	7.57794	7.64344
200.374	7.70318	7.57856	7.6452
201.138	7.70085	7.57907	7.6452
201.904	7.70559	7.58018	7.64833
202.673	7.70479	7.57804	7.64516
203.446	7.70356	7.57833	7.64478
204.221	7.70014	7.57784	7.6411
204.999	7.70067	7.578	7.64699
205.78	7.70235	7.57627	7.64525
206.564	7.70097	7.57652	7.64575
207.352	7.70029	7.57688	7.64056
208.142	7.70076	7.57784	7.64265
208.935	7.70449	7.57779	7.64261
209.731	7.70241	7.57761	7.64009
210.53	7.70103	7.57444	7.64364
211.332	7.70056	7.5768	7.64372
212.137	7.70022	7.57667	7.64318
212.946	7.70073	7.57508	7.64275
213.757	7.70006	7.57235	7.64229
214.572	7.69665	7.57144	7.64101
215.389	7.69655	7.57335	7.6424
216.21	7.70111	7.57506	7.64163
217.034	7.6994	7.57879	7.64268
217.861	7.69644	7.57492	7.63848
218.691	7.69359	7.57254	7.63885
219.524	7.7007	7.57378	7.64314
220.361	7.70081	7.57425	7.64045
221.2	7.6968	7.5736	7.63936
222.043	7.69638	7.57499	7.63964
222.889	7.69524	7.57389	7.63944
223.738	7.69624	7.57481	7.63879
224.591	7.69496	7.57249	7.63863
225.447	7.69202	7.57194	7.63497
226.306	7.69704	7.5723	7.63794
227.168	7.69692	7.57254	7.6395
228.033	7.69154	7.57696	7.63905
228.902	7.69068	7.57371	7.63734
229.774	7.69642	7.57585	7.63772
230.65	7.69428	7.57248	7.63736
231.529	7.6921	7.57395	7.63722
232.411	7.69229	7.57396	7.6355
233.296	7.69373	7.57416	7.63416
234.185	7.6932	7.57223	7.6356
235.078	7.69305	7.57166	7.63501
235.973	7.68964	7.57231	7.63893
236.872	7.6969	7.57406	7.63733
237.775	7.69356	7.57339	7.6328
238.681	7.69133	7.57004	7.63463
239.59	7.68988	7.57244	7.63548
240.503	7.69094	7.57245	7.63373
241.419	7.69216	7.56977	7.63437
242.339	7.69413	7.57072	7.63304
243.263	7.69467	7.57081	7.63334
244.189	7.69332	7.57336	7.63123
245.12	7.69067	7.57007	7.62793
246.054	7.6912	7.57078	7.63216
246.991	7.69234	7.57186	7.63098
247.932	7.68791	7.57028	7.62817
248.877	7.69145	7.57164	7.631
249.825	7.69183	7.57098	7.63303
250.777	7.69433	7.56961	7.6294
251.732	7.69097	7.56854	7.62965
252.691	7.69007	7.56928	7.63283
253.654	7.69383	7.56965	7.63076
254.62	7.69447	7.56978	7.62818
255.591	7.69316	7.57036	7.62856
256.564	7.68834	7.57077	7.62984
257.542	7.69103	7.57271	7.6276
258.523	7.69034	7.56679	7.62773
259.508	7.68848	7.56762	7.62789
260.497	7.68849	7.57113	7.6271
261.489	7.69022	7.56859	7.62827
262.485	7.68809	7.56815	7.62718
263.485	7.6882	7.56927	7.62656
264.489	7.68693	7.56878	7.62585
265.497	7.68816	7.56918	7.62062
266.508	7.68663	7.56804	7.62337
267.524	7.68934	7.56748	7.62298
268.543	7.6857	7.56665	7.62335
269.566	7.68451	7.56562	7.62185
270.593	7.6882	7.56766	7.622
271.624	7.68718	7.56857	7.62047
272.659	7.68494	7.56655	7.61973
273.698	7.68519	7.56852	7.6215
274.74	7.6865	7.56662	7.61892
275.787	7.68647	7.56614	7.61978
276.838	7.68516	7.56787	7.62001
277.892	7.68634	7.56428	7.61829
278.951	7.68404	7.56535	7.61711
280.014	7.68342	7.56727	7.61816
281.081	7.68519	7.56358	7.61811
282.151	7.68353	7.56423	7.61624
283.226	7.68291	7.56402	7.61682
284.305	7.6849	7.56457	7.61783
285.388	7.68196	7.56268	7.61173
286.476	7.68197	7.56545	7.61328
287.567	7.68296	7.56257	7.61625
288.663	7.68205	7.56513	7.61255
289.762	7.67982	7.5654	7.60909
290.866	7.68032	7.56216	7.61385
291.974	7.68302	7.56279	7.61488
293.087	7.68039	7.56263	7.61263
294.203	7.68121	7.56533	7.61359
295.324	7.67932	7.5638	7.6112
296.449	7.67928	7.5621	7.61055
297.578	7.68321	7.56309	7.61297
298.712	7.678	7.56276	7.61152
300	7.67786	7.5635	7.60759