0.000575	7.77278	7.66814	7.46701
0.00115	7.6165	7.6216	7.46345
0.001725	7.5396	7.60055	7.41007
0.0023	7.41858	7.52882	7.31126
0.002875	7.42069	7.46583	7.27567
0.0034625	7.43708	7.49393	7.28946
0.00405	7.41028	7.45834	7.28553
0.004625	7.45202	7.561	7.25885
0.005225	7.40732	7.45717	7.35232
0.0058125	7.42152	7.52897	7.27206
0.0064	7.42118	7.46979	7.33035
0.007	7.44353	7.48388	7.28319
0.0076	7.42281	7.44083	7.27629
0.0082	7.41478	7.43678	7.32821
0.0088	7.4364	7.40938	7.25258
0.0094	7.36895	7.43308	7.28849
0.0100125	7.40563	7.41637	7.26785
0.010625	7.35545	7.4792	7.3142
0.0112375	7.36806	7.41906	7.25695
0.01185	7.35561	7.45289	7.2519
0.0124625	7.36965	7.41203	7.1878
0.013075	7.36862	7.43442	7.24371
0.0137	7.33246	7.41681	7.21407
0.014325	7.34838	7.4066	7.25021
0.01495	7.35146	7.39219	7.16469
0.015575	7.37515	7.37214	7.19616
0.0162125	7.343	7.32142	7.20534
0.0168375	7.31203	7.37168	7.19183
0.017475	7.30867	7.32311	7.19326
0.0181125	7.28551	7.34975	7.19168
0.01875	7.28129	7.32252	7.18205
0.0194	7.27308	7.31476	7.18502
0.0200375	7.31212	7.35024	7.14355
0.0206875	7.29137	7.26437	7.14825
0.0213375	7.20339	7.3073	7.11503
0.0219875	7.29334	7.34616	7.14085
0.02265	7.24315	7.32757	7.13121
0.0233	7.26945	7.28746	7.12946
0.0239625	7.26708	7.2572	7.04197
0.024625	7.27596	7.21071	7.11392
0.0252875	7.28572	7.31056	7.1059
0.0259625	7.2307	7.27926	7.06628
0.026625	7.21629	7.23975	7.10772
0.0273	7.20811	7.24819	7.11482
0.027975	7.20036	7.20586	7.10696
0.02865	7.22123	7.20192	7.03082
0.0293375	7.2136	7.22367	7.04669
0.0300125	7.25534	7.23598	7.09298
0.0307	7.2054	7.22338	7.01821
0.0313875	7.21361	7.19439	7.0746
0.0320875	7.18886	7.19927	7.06166
0.032775	7.22194	7.20562	6.99494
0.033475	7.19996	7.23494	6.99635
0.034175	7.21708	7.14329	7.00533
0.034875	7.19605	7.21031	6.99893
0.035575	7.18093	7.21854	7.0206
0.0362875	7.15423	7.21056	6.98085
0.0369875	7.11009	7.17761	6.97191
0.0377	7.156	7.15569	7.02654
0.0384125	7.14129	7.18037	7.04273
0.0391375	7.1934	7.18673	6.9867
0.03985	7.15913	7.16809	6.97611
0.040575	7.14859	7.1645	7.01591
0.0413	7.12807	7.19329	6.98546
0.0420375	7.14493	7.13688	7.00383
0.0427625	7.1701	7.15584	6.95358
0.0435	7.09866	7.12922	6.9844
0.0442375	7.11592	7.08422	7.00358
0.044975	7.06741	7.12135	6.96073
0.0457125	7.07744	7.18012	6.97595
0.0464625	7.12651	7.12026	6.95144
0.0472125	7.1284	7.14968	6.94554
0.0479625	7.08008	7.13549	6.96432
0.0487125	7.14575	7.0952	6.93693
0.049475	7.07503	7.06143	6.90361
0.050225	7.05992	7.14579	6.94264
0.0509875	7.13735	7.10946	6.90566
0.0517625	7.10193	7.0844	6.91735
0.052525	7.07492	7.08461	6.94607
0.0533	7.0733	7.0749	6.94041
0.054075	7.05067	7.1286	6.92744
0.05485	7.03626	7.10438	6.91245
0.055625	7.07795	7.05849	6.93092
0.0564125	7.05513	7.07131	6.90915
0.0572	7.02947	7.01901	6.8616
0.0579875	7.03427	7.05709	6.88872
0.058775	7.00314	7.08197	6.87689
0.059575	6.99544	7.07989	6.91401
0.060375	7.01333	7.07042	6.89562
0.061175	7.05038	7.02099	6.86256
0.061975	7.03281	7.04478	6.89825
0.0627875	6.97558	7.03821	6.88461
0.0636	6.999	7.04325	6.92026
0.0644125	7.01376	7.00996	6.80602
0.065225	6.99297	7.02371	6.82379
0.0660375	7.01995	7.02265	6.83748
0.0668625	6.95403	6.97362	6.87809
0.0676875	6.94474	7.03508	6.81331
0.068525	6.95752	6.95779	6.78101
0.06935	6.92779	7.00041	6.82205
0.0701875	6.9214	6.97946	6.82223
0.071025	6.9708	6.96608	6.782
0.0718625	6.95857	6.97719	6.85402
0.0727125	6.88454	7.00579	6.79158
0.0735625	6.92224	6.93846	6.81463
0.0744125	6.9009	6.95586	6.82769
0.0752625	6.92991	6.91847	6.81515
0.076125	6.88204	6.93465	6.7942
0.0769875	6.84309	6.94676	6.77857
0.07785	6.8781	6.90216	6.80478
0.0787125	6.87086	6.90705	6.7869
0.0795875	6.92112	6.89227	6.76794
0.0804625	6.90937	6.89453	6.76472
0.0813375	6.89891	6.92762	6.77402
0.082225	6.85744	6.88686	6.75373
0.0831	6.89314	6.94299	6.75069
0.0839875	6.80025	6.87909	6.73196
0.0848875	6.82532	6.87535	6.69858
0.085775	6.86072	6.86598	6.77757
0.086675	6.84901	6.85487	6.70884
0.087575	6.84858	6.85567	6.71861
0.088475	6.82032	6.87638	6.70407
0.0893875	6.82861	6.82493	6.69048
0.0903	6.82437	6.83242	6.67748
0.0912125	6.78562	6.82224	6.69075
0.0921375	6.85	6.83322	6.64378
0.09305	6.77359	6.83887	6.63762
0.0939875	6.78028	6.85385	6.70086
0.0949125	6.79855	6.81108	6.66101
0.0958375	6.80681	6.80176	6.65966
0.096775	6.7821	6.80602	6.64394
0.097725	6.78921	6.81775	6.64849
0.0986625	6.82029	6.80228	6.65779
0.0996125	6.79057	6.8066	6.66444
0.100562	6.79583	6.7724	6.64241
0.101512	6.77737	6.81217	6.61761
0.102475	6.79714	6.81085	6.65212
0.103437	6.78733	6.76736	6.631
0.1044	6.73582	6.72944	6.57535
0.105362	6.73183	6.75964	6.59968
0.106338	6.73288	6.7808	6.59862
0.107313	6.78386	6.7744	6.59753
0.1083	6.71306	6.71747	6.56417
0.109275	6.69606	6.76077	6.5668
0.110262	6.64438	6.74225	6.57313
0.11125	6.67482	6.78631	6.52682
0.11225	6.72282	6.78007	6.5112
0.11325	6.69838	6.73409	6.57808
0.11425	6.72243	6.72299	6.61541
0.115263	6.70896	6.71379	6.52982
0.116263	6.68595	6.73368	6.52923
0.117288	6.68899	6.67059	6.56088
0.1183	6.6646	6.67608	6.54745
0.119325	6.67172	6.72319	6.55846
0.12035	6.67605	6.73132	6.50455
0.121375	6.63974	6.67159	6.5203
0.122413	6.6336	6.73246	6.54228
0.12345	6.64884	6.70877	6.53144
0.124487	6.62786	6.67137	6.49839
0.125537	6.65047	6.68206	6.49684
0.126587	6.67388	6.65156	6.50055
0.127638	6.6309	6.65258	6.4779
0.128688	6.61587	6.65718	6.49288
0.12975	6.60802	6.6701	6.48296
0.130825	6.61656	6.64606	6.50731
0.131887	6.61385	6.62705	6.44871
0.132962	6.58214	6.60573	6.46145
0.134037	6.62294	6.62816	6.48374
0.135125	6.62254	6.62974	6.46468
0.1362	6.56348	6.63547	6.4412
0.1373	6.62079	6.60789	6.44811
0.138388	6.61171	6.5737	6.48435
0.139488	6.61003	6.62208	6.45135
0.140587	6.55857	6.61286	6.42575
0.1417	6.55668	6.574	6.46801
0.142813	6.54948	6.58085	6.4434
0.143925	6.56402	6.57007	6.49007
0.145038	6.53524	6.58849	6.45126
0.146162	6.55968	6.60483	6.44168
0.147288	6.51237	6.58051	6.40443
0.148425	6.5192	6.58479	6.3775
0.149562	6.54091	6.61784	6.4535
0.1507	6.54028	6.59677	6.42473
0.15185	6.52336	6.5764	6.38957
0.153	6.52156	6.56763	6.39461
0.15415	6.50485	6.55293	6.41314
0.155312	6.50727	6.54695	6.38587
0.156475	6.49038	6.5593	6.38449
0.157638	6.50477	6.53777	6.38467
0.158812	6.50579	6.55233	6.37497
0.159987	6.50381	6.52122	6.36812
0.161162	6.51916	6.55593	6.37738
0.16235	6.52382	6.52027	6.33051
0.163538	6.51427	6.52558	6.36068
0.164737	6.49681	6.4945	6.38636
0.165925	6.46333	6.52382	6.40265
0.167138	6.48239	6.53776	6.36527
0.168337	6.47789	6.51616	6.36294
0.16955	6.43735	6.50237	6.35344
0.170775	6.44983	6.4976	6.32177
0.171988	6.47608	6.45849	6.33027
0.173212	6.43044	6.47264	6.31873
0.17445	6.41932	6.49379	6.3028
0.175688	6.44351	6.51606	6.31848
0.176925	6.46769	6.46113	6.33496
0.178175	6.43262	6.47567	6.31823
0.179412	6.42185	6.48447	6.35459
0.180675	6.4331	6.48894	6.31308
0.181938	6.41565	6.47747	6.3134
0.1832	6.44148	6.48484	6.30639
0.184463	6.45425	6.46597	6.30116
0.185738	6.41595	6.47281	6.28356
0.187012	6.44066	6.48243	6.31067
0.1883	6.428	6.43737	6.27626
0.189588	6.43049	6.43081	6.2751
0.190875	6.41611	6.45155	6.28684
0.192175	6.39597	6.43382	6.25569
0.193487	6.40288	6.40342	6.25578
0.194788	6.40324	6.44928	6.24127
0.1961	6.43437	6.40272	6.27749
0.197425	6.40564	6.41149	6.26191
0.198738	6.40191	6.43083	6.26783
0.200075	6.36602	6.40297	6.26388
0.2014	6.39197	6.4435	6.26394
0.202737	6.38213	6.43354	6.24444
0.204087	6.37862	6.39913	6.23716
0.205437	6.34254	6.36679	6.25861
0.206787	6.34354	6.41023	6.22863
0.20815	6.36757	6.36927	6.21336
0.209513	6.35981	6.40134	6.24969
0.210875	6.40911	6.38075	6.25102
0.21225	6.34829	6.38603	6.23617
0.213638	6.32891	6.38405	6.20973
0.215013	6.34678	6.38642	6.24684
0.2164	6.34931	6.38241	6.23826
0.2178	6.37236	6.35919	6.21111
0.2192	6.32041	6.3736	6.21354
0.220612	6.36984	6.36033	6.21802
0.222013	6.31589	6.3677	6.20802
0.223438	6.33152	6.38979	6.15491
0.224863	6.29719	6.33217	6.21783
0.226287	6.31403	6.35777	6.21516
0.227712	6.28353	6.33333	6.19352
0.22915	6.29169	6.35626	6.16119
0.2306	6.31956	6.34077	6.16381
0.23205	6.32674	6.33828	6.13448
0.2335	6.29709	6.32921	6.19666
0.234962	6.33447	6.32877	6.20099
0.236425	6.30094	6.33265	6.17124
0.2379	6.3177	6.33508	6.19313
0.239375	6.30524	6.3643	6.15593
0.240863	6.30003	6.28775	6.17533
0.24235	6.27863	6.31806	6.18727
0.243838	6.27618	6.28102	6.1668
0.245338	6.28922	6.31945	6.18638
0.24685	6.27416	6.32859	6.15203
0.248362	6.28794	6.31496	6.17455
0.249875	6.30441	6.30672	6.16413
0.2514	6.28933	6.29707	6.15043
0.252925	6.27075	6.32491	6.14622
0.254463	6.24897	6.29185	6.1376
0.256	6.26266	6.27348	6.15067
0.25755	6.2397	6.30075	6.12798
0.2591	6.26774	6.28618	6.11268
0.26065	6.27251	6.26115	6.13369
0.262225	6.25716	6.3011	6.11421
0.263788	6.23859	6.30119	6.12701
0.265363	6.20968	6.29991	6.10916
0.26695	6.25547	6.25905	6.06566
0.268537	6.25954	6.28228	6.11222
0.270125	6.24815	6.27049	6.14511
0.271725	6.22266	6.2729	6.12224
0.273338	6.24446	6.30813	6.0913
0.27495	6.23599	6.2665	6.1093
0.276563	6.25258	6.26116	6.0854
0.278188	6.20176	6.271	6.10679
0.279813	6.22596	6.2503	6.11127
0.28145	6.20016	6.25527	6.11305
0.2831	6.20012	6.26316	6.08705
0.28475	6.19553	6.21241	6.07671
0.2864	6.21849	6.2402	6.10449
0.288063	6.19276	6.2378	6.05498
0.289725	6.21479	6.23412	6.12488
0.2914	6.21706	6.22562	6.10238
0.293088	6.21942	6.21108	6.07444
0.294775	6.19916	6.21946	6.07406
0.296463	6.21032	6.24365	6.03115
0.298162	6.17549	6.22703	6.05375
0.299875	6.18179	6.22795	6.07951
0.301587	6.21324	6.23782	6.07776
0.3033	6.19294	6.24477	6.06866
0.305037	6.21646	6.21472	6.04771
0.306762	6.19126	6.22061	6.06444
0.3085	6.16769	6.2365	6.05858
0.31025	6.20586	6.21293	6.07031
0.312	6.1773	6.20334	6.04692
0.313762	6.18332	6.19958	6.07222
0.315525	6.13562	6.1957	6.07035
0.3173	6.16556	6.1983	6.07483
0.319075	6.19405	6.21416	6.05746
0.320863	6.17467	6.21011	6.05989
0.322663	6.21299	6.19795	6.03752
0.324463	6.14307	6.16704	6.0139
0.326263	6.15843	6.17646	6.05643
0.328075	6.17336	6.17776	6.07837
0.3299	6.16746	6.19521	6.05524
0.331725	6.14533	6.20338	5.9976
0.333562	6.1584	6.18633	6.03646
0.3354	6.14102	6.18241	6.02156
0.33725	6.16182	6.1892	6.04246
0.3391	6.15238	6.17922	6.02765
0.340962	6.13618	6.17118	6.03587
0.342838	6.15464	6.22647	6.01879
0.344712	6.12261	6.19393	6.00591
0.3466	6.12234	6.18279	6.03047
0.348487	6.16634	6.15017	5.99158
0.350388	6.14297	6.15732	6.0069
0.352288	6.12588	6.16721	5.99286
0.3542	6.14904	6.18343	6.0092
0.356125	6.15394	6.17267	6.00354
0.35805	6.14943	6.18883	6.03209
0.359987	6.09564	6.14561	5.97293
0.361925	6.13683	6.16271	5.99485
0.363875	6.11706	6.17212	6.00416
0.365838	6.12936	6.1451	5.98818
0.3678	6.13509	6.15546	6.0027
0.369763	6.11055	6.17933	6.00298
0.37175	6.1032	6.12307	5.99434
0.373738	6.0985	6.15807	5.98516
0.375725	6.13253	6.13992	5.98043
0.377725	6.13718	6.157	5.97696
0.379737	6.12572	6.138	5.97781
0.381763	6.13243	6.12589	6.00473
0.383775	6.11671	6.14027	5.94987
0.385812	6.10215	6.15151	5.98976
0.38785	6.10241	6.1399	5.97894
0.3899	6.12845	6.14352	6.00159
0.391962	6.1125	6.10645	5.98032
0.394025	6.11564	6.13278	5.96948
0.396087	6.11122	6.12313	5.97876
0.398175	6.08424	6.13459	5.9708
0.400263	6.10679	6.11782	5.98611
0.40235	6.10803	6.14677	5.97287
0.404462	6.08987	6.10894	5.99356
0.406575	6.10041	6.14453	5.94487
0.408688	6.11685	6.13461	5.95079
0.410812	6.08487	6.12338	5.94874
0.41295	6.07904	6.11081	5.94087
0.4151	6.10265	6.10361	5.94875
0.41725	6.06413	6.11646	5.95797
0.4194	6.09178	6.13641	5.92278
0.421575	6.08506	6.148	5.96436
0.42375	6.07172	6.1124	5.94009
0.425938	6.08258	6.08036	5.94556
0.428125	6.07992	6.12672	5.92556
0.430325	6.08659	6.11353	5.94139
0.432537	6.07659	6.08683	5.94436
0.434763	6.06356	6.10378	5.94897
0.436987	6.06666	6.11006	5.95271
0.439225	6.07183	6.09992	5.91351
0.441462	6.06624	6.10588	5.94377
0.443713	6.06298	6.10393	5.91558
0.445975	6.09641	6.08029	5.94263
0.44825	6.06142	6.103	5.92596
0.450525	6.08062	6.08348	5.93039
0.452812	6.08607	6.09798	5.91134
0.4551	6.07476	6.07526	5.93484
0.457413	6.07324	6.08759	5.91555
0.459725	6.06721	6.08513	5.92506
0.462038	6.07328	6.07614	5.91764
0.464375	6.04075	6.07099	5.93006
0.466713	6.05265	6.09756	5.94619
0.469063	6.05684	6.10931	5.92683
0.471413	6.04445	6.08908	5.91811
0.473787	6.04196	6.06795	5.91617
0.476162	6.06467	6.07002	5.91858
0.478537	6.05624	6.08692	5.93777
0.480938	6.03382	6.10411	5.92377
0.483337	6.05205	6.0788	5.91235
0.48575	6.06631	6.08415	5.93187
0.488175	6.03714	6.06202	5.90808
0.4906	6.06114	6.07011	5.94553
0.493037	6.02304	6.07696	5.93185
0.495488	6.03834	6.05927	5.89861
0.49795	6.05361	6.08106	5.94956
0.500413	6.03944	6.07928	5.92172
0.502887	6.06562	6.08694	5.93518
0.505375	6.0018	6.04704	5.9117
0.507875	6.02434	6.07627	5.91867
0.510375	6.03277	6.06959	5.89446
0.512887	6.0285	6.07668	5.90687
0.515413	6.01533	6.04131	5.90248
0.51795	6.03267	6.05737	5.90275
0.520487	6.00747	6.0436	5.89023
0.52305	6.05101	6.07142	5.87645
0.525612	6.03401	6.05071	5.91041
0.528175	6.03317	6.05179	5.89489
0.530762	6.01169	6.04125	5.90045
0.53335	6.02497	6.02079	5.8906
0.535963	6.0114	6.06847	5.91555
0.538575	6.02282	6.07373	5.91233
0.541188	6.01827	6.05446	5.90801
0.543825	6.02044	6.04269	5.88811
0.546462	6.03168	6.05152	5.89097
0.549112	6.01253	6.05027	5.87992
0.551775	6.02562	6.05619	5.89711
0.55445	5.99833	6.07553	5.87803
0.557137	6.01419	6.04819	5.88525
0.559825	6.00551	6.04227	5.90061
0.562525	6.01913	6.05184	5.8988
0.565238	5.99825	6.05922	5.87614
0.567963	6.02084	6.06479	5.90535
0.5707	6.00926	6.0159	5.87176
0.573438	6.02327	6.05401	5.89062
0.5762	6.02297	6.0317	5.88486
0.578963	6.02099	6.02999	5.8614
0.581738	6.01327	6.06214	5.87031
0.584525	6.0156	6.01713	5.89161
0.587325	5.99801	6.04272	5.89231
0.590125	5.99467	6.01564	5.88432
0.59295	5.99254	6.04535	5.89962
0.595775	6.01327	6.03951	5.85887
0.598612	6.01095	6.04027	5.87009
0.601462	6.0135	6.04783	5.88186
0.604325	6.00409	6.02905	5.87557
0.6072	6.01163	6.04028	5.87777
0.610088	6.00866	6.04282	5.88677
0.612975	6.01839	6.00244	5.86047
0.615888	6.00477	6.04031	5.86487
0.6188	6.01133	6.02994	5.86921
0.621725	5.99498	6.00492	5.84181
0.624663	6.01185	6.01797	5.84884
0.627612	5.98967	6.02289	5.88202
0.630575	6.00581	6.04426	5.85644
0.63355	6.01794	6.05589	5.8672
0.636525	5.98908	6.05068	5.87582
0.639525	6.00364	6.01995	5.85566
0.642537	6.01283	6.01553	5.86856
0.64555	5.97606	5.99938	5.84899
0.648575	5.98078	6.02848	5.85728
0.651625	5.9832	6.01422	5.87464
0.654675	5.98672	6.02717	5.86661
0.657737	5.99906	6.02624	5.86158
0.660812	5.9698	6.03113	5.85765
0.6639	5.96825	6.00478	5.83772
0.667	5.98541	6.00407	5.86115
0.670112	6.00464	6.01573	5.84035
0.673238	5.9941	6.02107	5.83409
0.676363	5.99964	6.03533	5.85627
0.679513	5.98582	6.02133	5.81501
0.682675	5.99492	6.0075	5.85122
0.685838	5.98891	6.02404	5.85749
0.689025	5.96325	6.00112	5.8301
0.692225	5.98049	5.99747	5.84911
0.695425	6.00249	6.01425	5.85368
0.69865	5.98535	6.0187	5.85349
0.701875	5.96364	6.00369	5.84993
0.705125	5.98281	6.01035	5.85009
0.708375	5.97988	6.01827	5.85839
0.71165	5.998	6.0234	5.84225
0.714925	5.9796	6.0083	5.83955
0.718225	5.97576	6.00337	5.84923
0.721525	5.988	6.02035	5.84266
0.724837	5.99187	6.00377	5.85018
0.728175	5.9741	6.00878	5.82721
0.731512	5.98375	6.01609	5.83749
0.734875	5.98395	5.99264	5.84068
0.73825	5.98413	6.03088	5.84358
0.741625	5.97591	5.99336	5.82307
0.745025	5.95998	6.01487	5.84041
0.748425	5.96839	6.00973	5.83112
0.75185	5.97426	5.98915	5.845
0.755288	5.97863	5.99838	5.8571
0.758725	5.96349	5.99914	5.83974
0.762187	5.98324	6.00496	5.83347
0.765662	5.99165	6.02272	5.82928
0.76915	5.98136	6.00471	5.83006
0.77265	5.96929	6.01043	5.84348
0.776163	5.97729	6.00347	5.842
0.779688	5.95924	6.00218	5.86622
0.783225	5.97008	5.98744	5.82885
0.786788	5.95055	6.01046	5.85251
0.79035	5.95897	6.00167	5.8462
0.793938	5.97375	6.00381	5.82855
0.797525	5.97149	5.98497	5.84642
0.801138	5.97562	5.98676	5.83654
0.80475	5.96622	5.98148	5.83532
0.808388	5.98406	6.01873	5.8318
0.812038	5.98627	6.01719	5.82706
0.8157	5.96512	5.99821	5.83183
0.819375	5.97683	6.01585	5.83149
0.823075	5.95825	6.01017	5.83173
0.826775	5.96401	5.98818	5.83107
0.8305	5.98289	5.99212	5.82898
0.834225	5.98017	5.98754	5.84425
0.837975	5.96026	6.00324	5.81544
0.841738	5.96105	6.00293	5.82665
0.845513	5.95563	6.00307	5.82946
0.8493	5.97295	5.98422	5.82852
0.853113	5.99438	6.02785	5.83924
0.856925	5.95178	5.99555	5.80829
0.860762	5.97534	5.99218	5.81548
0.864613	5.97579	5.98152	5.84527
0.868475	5.95695	5.99649	5.85165
0.87235	5.95104	5.98905	5.83428
0.87625	5.94413	5.99842	5.81403
0.88015	5.97833	5.9883	5.83564
0.884075	5.96858	6.01616	5.82582
0.888013	5.94681	6.00363	5.812
0.891963	5.96886	5.99271	5.82075
0.895938	5.98215	6.00195	5.83119
0.899912	5.96555	5.98684	5.82014
0.903912	5.95745	6.00121	5.83053
0.907925	5.95179	5.98756	5.83114
0.91195	5.94053	6.00893	5.83217
0.916	5.96342	5.99563	5.82845
0.920062	5.95506	5.99297	5.82461
0.924137	5.97725	5.98195	5.81346
0.928225	5.92398	5.98801	5.81492
0.932325	5.96424	6.00032	5.81449
0.93645	5.95222	5.99321	5.81958
0.940588	5.96842	5.99695	5.80886
0.944737	5.95253	5.9962	5.82386
0.948913	5.9638	5.99361	5.81928
0.953088	5.97951	5.98181	5.82516
0.957287	5.91597	5.98887	5.82584
0.961513	5.96049	5.97916	5.83149
0.965738	5.95546	5.98857	5.8139
0.969988	5.93541	5.98435	5.80951
0.97425	5.94552	5.98634	5.81173
0.978537	5.97066	5.98388	5.81572
0.982837	5.95243	6.00878	5.79412
0.98715	5.95819	5.98498	5.82016
0.991475	5.96706	5.97382	5.81938
0.995825	5.94042	5.97636	5.82067
1.00019	5.95238	5.9785	5.80668
1.00456	5.97854	5.97027	5.81212
1.00896	5.95538	5.97862	5.802
1.01338	5.95234	5.98971	5.82357
1.0178	5.94637	5.9731	5.81669
1.02225	5.94014	5.99892	5.81566
1.02671	5.93288	5.96079	5.80842
1.03119	5.9499	5.9773	5.79688
1.03569	5.95903	5.99422	5.80537
1.0402	5.9455	5.96407	5.81722
1.04474	5.93922	5.99021	5.81338
1.04929	5.94409	5.97865	5.81009
1.05385	5.94398	5.9719	5.79172
1.05844	5.9489	5.97935	5.80263
1.06304	5.96715	5.96155	5.81957
1.06766	5.9346	5.98255	5.81259
1.07229	5.95105	5.98571	5.81726
1.07695	5.94581	5.97826	5.80287
1.08162	5.95163	5.97423	5.80007
1.08631	5.94378	5.96183	5.82713
1.09101	5.96886	5.97958	5.82015
1.09574	5.95569	5.95986	5.80783
1.10049	5.94503	5.98096	5.80057
1.10525	5.96521	5.98906	5.81544
1.11003	5.94303	5.98884	5.80584
1.11483	5.94042	5.97937	5.83651
1.11964	5.95394	5.98615	5.79884
1.12448	5.94959	5.96266	5.80342
1.12933	5.94846	5.97013	5.81432
1.1342	5.9255	5.9885	5.8113
1.13909	5.97488	5.99849	5.8171
1.144	5.93098	5.97745	5.79744
1.14892	5.96754	5.97931	5.79278
1.15387	5.95653	5.96632	5.801
1.15884	5.92616	5.95359	5.80597
1.16381	5.94045	5.97671	5.79678
1.16883	5.9444	5.97171	5.79716
1.17384	5.93373	5.97262	5.81708
1.17889	5.949	5.9793	5.80583
1.18394	5.94024	5.98146	5.78851
1.18903	5.92627	5.97551	5.78315
1.19413	5.93521	5.97601	5.77858
1.19924	5.93979	5.97123	5.80422
1.20438	5.95511	5.98395	5.79635
1.20954	5.94524	5.97417	5.79491
1.21471	5.95805	5.98239	5.79515
1.21991	5.94572	5.96847	5.80665
1.22512	5.95664	5.96898	5.80045
1.23036	5.96048	5.96298	5.79989
1.23561	5.94836	5.96866	5.80309
1.24089	5.95725	5.96525	5.79943
1.24619	5.94415	5.98026	5.80415
1.2515	5.97216	5.98036	5.79737
1.25684	5.95036	5.98065	5.79192
1.2622	5.92905	5.95602	5.80186
1.26758	5.94015	5.9727	5.78942
1.27297	5.93793	5.97304	5.78763
1.27839	5.94695	5.97168	5.7884
1.28383	5.97171	5.979	5.79162
1.28929	5.95036	5.97835	5.79032
1.29476	5.9514	5.97698	5.79224
1.30027	5.9466	5.97508	5.78667
1.30579	5.95015	5.9561	5.79674
1.31134	5.95668	5.98122	5.81786
1.3169	5.93632	5.97197	5.81368
1.32249	5.94271	6.00207	5.79438
1.32809	5.92919	5.98284	5.79213
1.33372	5.94943	5.97363	5.77404
1.33938	5.95571	5.96507	5.81034
1.34504	5.94186	5.95463	5.79874
1.35074	5.93511	5.9992	5.78099
1.35645	5.95265	5.98252	5.80866
1.36219	5.96076	5.97304	5.81366
1.36794	5.95296	5.97112	5.79026
1.37373	5.93469	5.97298	5.79153
1.37952	5.95468	5.98069	5.80187
1.38535	5.965	5.96486	5.79717
1.39119	5.94335	5.95404	5.7807
1.39706	5.92165	5.97544	5.79581
1.40295	5.95061	5.97814	5.79781
1.40886	5.9429	5.96819	5.79749
1.4148	5.9214	5.97158	5.79624
1.42076	5.94635	5.9735	5.79812
1.42674	5.94525	5.97863	5.8034
1.43274	5.92465	5.97321	5.78907
1.43877	5.95811	5.9763	5.80196
1.44483	5.94769	5.96419	5.80808
1.45089	5.94841	5.97082	5.78338
1.45699	5.94184	5.96175	5.78959
1.46311	5.95545	5.97535	5.79234
1.46925	5.93531	5.96007	5.78912
1.47541	5.93754	5.96449	5.79755
1.4816	5.93945	5.98334	5.78487
1.48781	5.93551	5.96097	5.7939
1.49405	5.93181	5.95867	5.78975
1.50031	5.94516	5.98536	5.80212
1.5066	5.94745	5.96105	5.78764
1.5129	5.94085	5.95896	5.79697
1.51924	5.92398	5.94771	5.78439
1.52559	5.9591	5.97488	5.8014
1.53198	5.94592	5.95977	5.78218
1.53838	5.93389	5.95251	5.77682
1.5448	5.94312	5.96313	5.78935
1.55126	5.93646	5.97591	5.79496
1.55774	5.94502	5.96108	5.79351
1.56424	5.92271	5.96356	5.77459
1.57076	5.91529	5.95842	5.80237
1.57731	5.93598	5.95998	5.80308
1.5839	5.93062	5.97689	5.78895
1.5905	5.94617	5.96105	5.80312
1.59713	5.94114	5.96848	5.79271
1.60378	5.92996	5.98105	5.78518
1.61045	5.94082	5.97521	5.797
1.61716	5.93355	5.96958	5.78976
1.62389	5.93339	5.97231	5.79152
1.63064	5.9509	5.96135	5.79354
1.63742	5.93675	5.9539	5.78624
1.64423	5.94816	5.97036	5.77986
1.65106	5.92951	5.95105	5.77681
1.65791	5.94521	5.97422	5.78974
1.6648	5.92934	5.96452	5.80517
1.67171	5.94133	5.96241	5.77536
1.67865	5.93032	5.96959	5.777
1.68561	5.95205	5.96809	5.79044
1.6926	5.94343	5.94736	5.80075
1.69961	5.9483	5.95679	5.79056
1.70666	5.9483	5.96068	5.79342
1.71372	5.95196	5.95503	5.79358
1.72082	5.92626	5.95327	5.78776
1.72795	5.94321	5.95057	5.7751
1.7351	5.92768	5.95515	5.78964
1.74227	5.94646	5.96857	5.77087
1.74949	5.93982	5.97578	5.78858
1.75671	5.93819	5.98134	5.78082
1.76398	5.93865	5.96881	5.7924
1.77126	5.94733	5.9602	5.77678
1.77857	5.92996	5.96305	5.77067
1.78593	5.92952	5.96938	5.78593
1.79329	5.92943	5.98293	5.78312
1.80069	5.93262	5.9738	5.7756
1.80813	5.94447	5.96207	5.7878
1.81558	5.93128	5.95319	5.78964
1.82306	5.93359	5.95792	5.7824
1.83057	5.93892	5.96821	5.78634
1.83811	5.93502	5.95335	5.78128
1.84569	5.93297	5.96702	5.78604
1.85329	5.9316	5.96244	5.7694
1.86091	5.93686	5.95662	5.78819
1.86856	5.94445	5.9683	5.78008
1.87625	5.92631	5.96735	5.77781
1.88398	5.95081	5.95929	5.78394
1.89171	5.95211	5.95448	5.77956
1.89949	5.94187	5.95225	5.77387
1.90729	5.9264	5.95923	5.7718
1.91513	5.93373	5.95427	5.78945
1.92299	5.93147	5.96945	5.77892
1.93089	5.94836	5.95852	5.76861
1.9388	5.92555	5.97302	5.78263
1.94676	5.93696	5.96258	5.77204
1.95474	5.92972	5.95178	5.77877
1.96276	5.93824	5.96078	5.77605
1.9708	5.93558	5.96296	5.78529
1.97888	5.93454	5.95836	5.77089
1.98699	5.93703	5.97913	5.78595
1.99513	5.92447	5.96489	5.77019
2.00329	5.93943	5.9526	5.78136
2.01149	5.92773	5.97539	5.78779
2.01971	5.93656	5.95601	5.78617
2.02798	5.94091	5.95867	5.78514
2.03627	5.92912	5.95811	5.7824
2.0446	5.94242	5.95207	5.78282
2.05295	5.92843	5.95012	5.78669
2.06134	5.93706	5.96144	5.77709
2.06976	5.92801	5.95133	5.76578
2.07821	5.93068	5.978	5.77241
2.0867	5.92051	5.96483	5.77561
2.09521	5.92335	5.96874	5.77566
2.10376	5.94353	5.94652	5.79096
2.11235	5.94789	5.96273	5.77667
2.12096	5.94852	5.96426	5.76266
2.12961	5.92503	5.95581	5.77427
2.13829	5.95798	5.96257	5.7665
2.147	5.91921	5.96074	5.77167
2.15575	5.94328	5.95355	5.78005
2.16453	5.93474	5.96778	5.78992
2.17334	5.95281	5.96865	5.76743
2.18219	5.92997	5.96365	5.7951
2.19106	5.94058	5.97079	5.79503
2.19998	5.93287	5.96622	5.77214
2.20893	5.94659	5.94978	5.7654
2.21791	5.93361	5.95622	5.78403
2.22692	5.93018	5.95947	5.75137
2.23598	5.93196	5.95448	5.77792
2.24506	5.9383	5.95906	5.78287
2.25419	5.92652	5.95684	5.78216
2.26334	5.93623	5.97377	5.78483
2.27253	5.92707	5.95333	5.77783
2.28175	5.92843	5.95384	5.7857
2.29101	5.93641	5.94926	5.77916
2.3003	5.93107	5.97098	5.77256
2.30964	5.94506	5.96082	5.77976
2.319	5.94347	5.95677	5.7697
2.3284	5.94178	5.95471	5.78275
2.33784	5.93511	5.95989	5.77741
2.34731	5.94155	5.96934	5.76318
2.35681	5.94658	5.95087	5.77831
2.36636	5.92863	5.95645	5.7814
2.37595	5.94906	5.9668	5.77734
2.38556	5.92822	5.94073	5.76421
2.39521	5.93333	5.95533	5.77025
2.40491	5.94144	5.96128	5.76881
2.41464	5.94315	5.96958	5.78176
2.4244	5.93565	5.97673	5.7721
2.4342	5.94094	5.94185	5.77026
2.44405	5.93532	5.95598	5.7697
2.45392	5.94936	5.95357	5.78588
2.46384	5.93164	5.96033	5.7657
2.47379	5.93714	5.96117	5.77135
2.48377	5.93778	5.97007	5.78833
2.49381	5.94061	5.95717	5.75904
2.50388	5.92885	5.95442	5.77825
2.51397	5.932	5.95868	5.76998
2.52413	5.94356	5.9621	5.77451
2.53431	5.93994	5.95534	5.7755
2.54452	5.93637	5.95018	5.76479
2.55479	5.93917	5.94976	5.77945
2.56509	5.93112	5.95144	5.77526
2.57542	5.93548	5.9553	5.76845
2.5858	5.93758	5.96137	5.77694
2.59623	5.94334	5.95649	5.78627
2.60667	5.94739	5.95056	5.76479
2.61718	5.93556	5.96243	5.77273
2.62771	5.93097	5.96201	5.77503
2.63829	5.939	5.94734	5.77082
2.6489	5.94557	5.94138	5.765
2.65956	5.93391	5.95873	5.76491
2.67026	5.93584	5.95995	5.77099
2.681	5.93852	5.95895	5.7579
2.69178	5.94127	5.96877	5.77027
2.7026	5.93445	5.96471	5.76385
2.71346	5.94946	5.94762	5.76966
2.72436	5.9223	5.95511	5.77316
2.73531	5.93737	5.96048	5.7673
2.74629	5.93958	5.95367	5.77252
2.75732	5.93815	5.96758	5.7693
2.76839	5.93174	5.9636	5.77255
2.7795	5.92822	5.94662	5.76798
2.79066	5.94892	5.96038	5.76813
2.80185	5.9374	5.95615	5.76628
2.8131	5.93209	5.94052	5.78116
2.82437	5.92903	5.95313	5.76872
2.8357	5.94286	5.96026	5.7723
2.84707	5.93438	5.95371	5.75777
2.85849	5.95122	5.96067	5.76751
2.86994	5.93833	5.95777	5.77078
2.88144	5.93273	5.95498	5.76636
2.89298	5.93522	5.96095	5.77345
2.90456	5.95741	5.95559	5.76179
2.9162	5.92643	5.95127	5.78177
2.92788	5.93966	5.96282	5.76686
2.93959	5.94734	5.94795	5.76311
2.95136	5.92435	5.95526	5.75392
2.96316	5.94322	5.95421	5.77916
2.97502	5.93964	5.94916	5.76421
2.98691	5.93544	5.9594	5.78337
2.99886	5.94715	5.97569	5.77053
3.01085	5.94205	5.94412	5.77126
3.02289	5.93487	5.9442	5.76141
3.03498	5.93215	5.95794	5.77111
3.0471	5.93769	5.96052	5.76305
3.05927	5.9326	5.96539	5.76911
3.07149	5.93974	5.95679	5.77505
3.08376	5.93769	5.9593	5.77148
3.09608	5.94098	5.94529	5.7689
3.10842	5.9413	5.95703	5.77588
3.12084	5.95234	5.95018	5.76797
3.13329	5.93774	5.94955	5.76751
3.14579	5.93105	5.9582	5.76099
3.15834	5.94364	5.96475	5.77326
3.17094	5.92676	5.95441	5.76982
3.18359	5.93999	5.96138	5.77059
3.19627	5.94131	5.94656	5.76732
3.20902	5.95439	5.96624	5.75546
3.22181	5.94335	5.95806	5.75883
3.23465	5.94003	5.94871	5.775
3.24754	5.94785	5.94885	5.76732
3.26047	5.94166	5.95369	5.7731
3.27346	5.93194	5.95043	5.77249
3.2865	5.93562	5.95984	5.76003
3.29958	5.93826	5.94495	5.77294
3.31271	5.94105	5.96421	5.75341
3.3259	5.9366	5.94956	5.77533
3.33914	5.94211	5.94888	5.75876
3.35243	5.94845	5.95651	5.76079
3.36575	5.94354	5.95791	5.76816
3.37914	5.93879	5.9592	5.76072
3.39258	5.93825	5.95828	5.76987
3.40608	5.93006	5.95778	5.76281
3.41961	5.94146	5.95759	5.7576
3.4332	5.94382	5.96074	5.75949
3.44685	5.94412	5.95682	5.76615
3.46054	5.93465	5.95623	5.76109
3.47429	5.93858	5.95115	5.75947
3.48809	5.93995	5.94762	5.76211
3.50194	5.9346	5.96678	5.76062
3.51585	5.93062	5.94727	5.75317
3.5298	5.94369	5.95192	5.76877
3.54381	5.94509	5.9424	5.76449
3.55789	5.93689	5.95344	5.76628
3.572	5.9334	5.95778	5.7678
3.58617	5.9262	5.95664	5.76624
3.6004	5.93962	5.95593	5.76584
3.61468	5.9401	5.96828	5.7836
3.62901	5.94107	5.95373	5.76511
3.6434	5.94373	5.95661	5.76265
3.65785	5.94342	5.96738	5.76369
3.67235	5.93689	5.96068	5.76864
3.6869	5.94256	5.9621	5.77273
3.70151	5.94854	5.96154	5.75557
3.71618	5.93706	5.95555	5.76009
3.7309	5.93551	5.95364	5.75959
3.74568	5.94222	5.95848	5.76023
3.76051	5.94521	5.94897	5.76618
3.7754	5.94145	5.96013	5.75876
3.79035	5.94184	5.9518	5.77321
3.80535	5.94205	5.95689	5.75421
3.82041	5.94322	5.9536	5.76869
3.83553	5.92964	5.96028	5.76254
3.8507	5.94242	5.95565	5.76528
3.86594	5.93933	5.9661	5.75957
3.88123	5.93757	5.95754	5.7608
3.89657	5.94211	5.96094	5.76837
3.91199	5.93558	5.95866	5.75294
3.92745	5.93801	5.95511	5.75987
3.94298	5.94414	5.95609	5.7477
3.95856	5.93755	5.95721	5.75409
3.9742	5.9372	5.97073	5.75967
3.98991	5.94271	5.9521	5.75599
4.00567	5.93656	5.9503	5.76385
4.0215	5.93682	5.96649	5.76375
4.03737	5.94351	5.96296	5.76314
4.05333	5.94032	5.96361	5.75134
4.06932	5.93588	5.95484	5.74692
4.0854	5.94353	5.95851	5.76017
4.10152	5.93323	5.95835	5.75444
4.11771	5.94646	5.95506	5.75761
4.13396	5.93812	5.9573	5.7681
4.15028	5.93087	5.94705	5.75877
4.16665	5.94089	5.95818	5.76022
4.18309	5.93186	5.95826	5.75933
4.19959	5.94239	5.95084	5.75832
4.21615	5.9375	5.95841	5.75166
4.23278	5.94272	5.94927	5.75973
4.24946	5.93628	5.95185	5.75813
4.26621	5.93903	5.96213	5.76566
4.28302	5.93378	5.96281	5.76764
4.2999	5.93823	5.95431	5.7528
4.31685	5.94074	5.96509	5.7635
4.33385	5.93383	5.97203	5.74842
4.35092	5.9407	5.95039	5.75794
4.36806	5.95375	5.9608	5.75953
4.38527	5.941	5.95382	5.75755
4.40254	5.93856	5.94918	5.75936
4.41988	5.93743	5.95666	5.7415
4.43727	5.92894	5.94823	5.75677
4.45474	5.93752	5.95766	5.7577
4.47227	5.92712	5.95035	5.75641
4.48987	5.93956	5.96022	5.75526
4.50754	5.94314	5.96533	5.75604
4.52528	5.9342	5.9486	5.75326
4.54308	5.94067	5.94977	5.75621
4.56095	5.93638	5.94888	5.74664
4.57889	5.93345	5.95559	5.75155
4.59689	5.94367	5.94955	5.75136
4.61496	5.928	5.94908	5.74387
4.63311	5.9288	5.95368	5.74946
4.65133	5.93101	5.95536	5.75278
4.6696	5.94082	5.95568	5.75271
4.68796	5.93858	5.94885	5.75985
4.70638	5.93999	5.94893	5.75317
4.72487	5.92827	5.95992	5.75559
4.74344	5.93387	5.95975	5.75098
4.76206	5.93292	5.94735	5.75537
4.78076	5.93911	5.955	5.75039
4.79954	5.93823	5.95573	5.75718
4.81839	5.93883	5.95813	5.76117
4.83731	5.93882	5.94555	5.75928
4.8563	5.9361	5.95564	5.74663
4.87536	5.94045	5.95614	5.75105
4.8945	5.93268	5.94826	5.75725
4.9137	5.92714	5.96007	5.75612
4.93299	5.93898	5.96394	5.74794
4.95234	5.9418	5.95625	5.74992
4.97176	5.94266	5.95858	5.75509
4.99126	5.93474	5.95858	5.75423
5.01085	5.92422	5.95547	5.75687
5.0305	5.93629	5.95242	5.75181
5.05022	5.9278	5.96279	5.75384
5.07002	5.93461	5.95245	5.74719
5.0899	5.93808	5.95109	5.7529
5.10985	5.93468	5.95469	5.75474
5.12988	5.93407	5.95306	5.75225
5.14997	5.92947	5.95817	5.75823
5.17016	5.94565	5.95554	5.76034
5.19042	5.93597	5.95476	5.75341
5.21075	5.92931	5.94774	5.75183
5.23116	5.94553	5.95863	5.7636
5.25165	5.93945	5.95578	5.75307
5.27222	5.93816	5.95703	5.75348
5.29287	5.93301	5.95565	5.7492
5.3136	5.94213	5.95289	5.74808
5.3344	5.93073	5.95303	5.74783
5.35528	5.94241	5.95862	5.74691
5.37624	5.9385	5.94547	5.75161
5.39729	5.93601	5.95134	5.74802
5.41841	5.94326	5.95851	5.7482
5.43961	5.93363	5.95104	5.74926
5.4609	5.92305	5.95139	5.74949
5.48226	5.94024	5.94792	5.75386
5.5037	5.9345	5.95685	5.74697
5.52524	5.93184	5.95875	5.75309
5.54684	5.93081	5.95309	5.74977
5.56854	5.93434	5.94799	5.75239
5.59031	5.93692	5.95127	5.76013
5.61216	5.93336	5.94836	5.75216
5.6341	5.93765	5.94919	5.74979
5.65613	5.94392	5.95266	5.75259
5.67824	5.93995	5.95393	5.75731
5.70043	5.94078	5.95223	5.75421
5.7227	5.9382	5.94862	5.7633
5.74506	5.93399	5.94771	5.75721
5.76751	5.93661	5.94552	5.75605
5.79005	5.92518	5.95709	5.7608
5.81266	5.94768	5.95139	5.76147
5.83536	5.93987	5.94894	5.75913
5.85816	5.93597	5.94898	5.75046
5.88104	5.94251	5.95316	5.75889
5.904	5.94704	5.95044	5.75479
5.92705	5.94563	5.94393	5.76038
5.95019	5.94376	5.94716	5.75843
5.97341	5.94762	5.94796	5.74894
5.99674	5.94606	5.94648	5.75195
6.02014	5.93985	5.94719	5.75304
6.04364	5.93506	5.95298	5.75762
6.06721	5.93529	5.95215	5.75708
6.09089	5.93167	5.95292	5.74983
6.11465	5.93355	5.96315	5.7516
6.13851	5.93839	5.95508	5.76128
6.16245	5.93528	5.95893	5.75657
6.18649	5.9403	5.9549	5.7557
6.21061	5.94701	5.954	5.76132
6.23484	5.94417	5.93896	5.75758
6.25915	5.94083	5.95516	5.75116
6.28355	5.93119	5.95345	5.75472
6.30805	5.94399	5.9502	5.7463
6.33264	5.94689	5.9465	5.75452
6.35733	5.93333	5.94652	5.74474
6.3821	5.94183	5.94419	5.74854
6.40697	5.93766	5.96068	5.76325
6.43194	5.93789	5.95248	5.7532
6.457	5.93935	5.95216	5.74824
6.48215	5.93944	5.96227	5.76726
6.50741	5.93349	5.95419	5.75558
6.53276	5.94269	5.95213	5.75888
6.5582	5.94015	5.95341	5.75567
6.58375	5.9452	5.95018	5.74698
6.60939	5.92892	5.94589	5.7557
6.63513	5.935	5.95441	5.76543
6.66096	5.94477	5.95387	5.74418
6.6869	5.93792	5.95691	5.7548
6.71292	5.941	5.95922	5.75714
6.73906	5.94256	5.9522	5.75118
6.76529	5.94081	5.95795	5.7491
6.79163	5.93759	5.94768	5.75393
6.81805	5.9436	5.95178	5.75446
6.84459	5.94505	5.95723	5.75733
6.87121	5.94729	5.95715	5.75574
6.89795	5.93017	5.95212	5.75908
6.92479	5.93593	5.95047	5.75183
6.95173	5.93661	5.95916	5.7563
6.97876	5.93193	5.95518	5.75562
7.00591	5.93954	5.95649	5.7578
7.03316	5.93716	5.96317	5.74733
7.06051	5.94169	5.95431	5.75206
7.08796	5.94169	5.95957	5.74781
7.11552	5.93735	5.95188	5.75353
7.14319	5.94348	5.95779	5.75626
7.17096	5.9352	5.95305	5.74893
7.19884	5.93454	5.95517	5.75835
7.22683	5.94438	5.96207	5.7483
7.25491	5.93298	5.95519	5.75529
7.2831	5.94487	5.95195	5.7507
7.3114	5.93954	5.95578	5.76121
7.33981	5.93469	5.95127	5.75551
7.36834	5.93678	5.95374	5.75491
7.39696	5.93866	5.94791	5.74943
7.4257	5.94077	5.95799	5.75777
7.45455	5.93861	5.95049	5.74553
7.4835	5.94049	5.95044	5.75188
7.51256	5.93155	5.95687	5.75116
7.54174	5.93966	5.95323	5.74506
7.57104	5.93244	5.95749	5.76022
7.60042	5.93665	5.95573	5.75935
7.62994	5.94488	5.95048	5.74947
7.65956	5.93497	5.95664	5.75444
7.6893	5.93767	5.94694	5.75763
7.71915	5.94315	5.95012	5.7545
7.74911	5.9421	5.95136	5.75176
7.77919	5.93926	5.95013	5.75114
7.80939	5.93555	5.94942	5.75581
7.83969	5.9355	5.95328	5.75732
7.87011	5.94331	5.95245	5.75156
7.90065	5.9422	5.959	5.75719
7.9313	5.93738	5.95222	5.75796
7.96208	5.9398	5.95332	5.74782
7.99296	5.93928	5.95676	5.75429
8.02398	5.93722	5.95639	5.75694
8.0551	5.94138	5.95348	5.74945
8.08634	5.94189	5.95711	5.75449
8.1177	5.94495	5.95248	5.75013
8.14917	5.94684	5.9581	5.75543
8.18077	5.94096	5.95107	5.74792
8.2125	5.93681	5.94879	5.74624
8.24434	5.93818	5.95512	5.75845
8.2763	5.94121	5.95129	5.74974
8.30839	5.9426	5.96024	5.75452
8.3406	5.93838	5.94516	5.75468
8.37292	5.93939	5.95341	5.75844
8.40537	5.93866	5.95229	5.75313
8.43795	5.94508	5.95928	5.75056
8.47065	5.9359	5.95121	5.74747
8.50348	5.94016	5.96278	5.74775
8.53642	5.9394	5.95413	5.75443
8.5695	5.93686	5.96153	5.74859
8.6027	5.93783	5.94663	5.75493
8.63604	5.94224	5.94413	5.74918
8.66949	5.94417	5.95219	5.75277
8.70308	5.93557	5.96245	5.75098
8.73678	5.94396	5.95685	5.75681
8.77061	5.93412	5.95764	5.75089
8.80459	5.9408	5.96095	5.76104
8.83867	5.93709	5.95449	5.7569
8.8729	5.94324	5.95966	5.75817
8.90726	5.94103	5.95776	5.75265
8.94175	5.93756	5.96177	5.75117
8.97636	5.93621	5.95524	5.74986
9.01111	5.94254	5.95783	5.7527
9.046	5.93553	5.95922	5.75981
9.08101	5.94578	5.95183	5.75176
9.11616	5.9402	5.958	5.75384
9.15145	5.93798	5.94646	5.7508
9.18686	5.94544	5.95645	5.75715
9.22241	5.93882	5.95163	5.75244
9.2581	5.94083	5.95607	5.74911
9.29393	5.94103	5.94892	5.74913
9.32989	5.9398	5.95334	5.75608
9.36599	5.94009	5.9507	5.74836
9.40221	5.94159	5.95285	5.75104
9.43859	5.94205	5.95403	5.75294
9.4751	5.94034	5.95232	5.75571
9.51175	5.93962	5.95583	5.75391
9.54854	5.94675	5.95863	5.75786
9.58546	5.94102	5.95402	5.75173
9.62254	5.94514	5.94896	5.74575
9.65975	5.93995	5.95445	5.75167
9.6971	5.94418	5.95259	5.75856
9.73459	5.94332	5.95316	5.75452
9.77223	5.94622	5.95416	5.76112
9.81001	5.94626	5.95353	5.75698
9.84794	5.94218	5.94816	5.75499
9.886	5.93766	5.94982	5.75342
9.92421	5.94599	5.95967	5.75686
9.96257	5.93644	5.94897	5.75549
10.0011	5.94377	5.94452	5.76012
10.0397	5.94656	5.95642	5.75593
10.0785	5.93879	5.95044	5.75585
10.1175	5.94649	5.95309	5.75017
10.1566	5.94152	5.95104	5.75455
10.1958	5.94611	5.954	5.75837
10.2352	5.94514	5.94758	5.74813
10.2748	5.94433	5.95493	5.75983
10.3145	5.9408	5.95445	5.75443
10.3543	5.94708	5.95349	5.7569
10.3943	5.94634	5.94909	5.76066
10.4345	5.94308	5.95113	5.75389
10.4747	5.94726	5.94989	5.76311
10.5152	5.9424	5.95862	5.74769
10.5558	5.94946	5.95572	5.75446
10.5966	5.93945	5.95886	5.75436
10.6375	5.94363	5.95138	5.75772
10.6786	5.94398	5.95742	5.75494
10.7198	5.94071	5.95408	5.74978
10.7612	5.94505	5.95118	5.75073
10.8027	5.94421	5.95617	5.75671
10.8444	5.94015	5.95194	5.75035
10.8863	5.946	5.9541	5.75874
10.9283	5.93886	5.94997	5.75507
10.9705	5.94141	5.95162	5.75391
11.0128	5.94079	5.95711	5.75553
11.0554	5.94361	5.95554	5.75489
11.098	5.94261	5.95579	5.74989
11.1409	5.94478	5.95026	5.75376
11.1839	5.93596	5.95546	5.75461
11.227	5.94329	5.95343	5.74867
11.2703	5.94415	5.96153	5.75846
11.3138	5.94454	5.95758	5.75159
11.3575	5.94475	5.95337	5.75404
11.4013	5.94261	5.94949	5.75444
11.4453	5.93842	5.95454	5.75422
11.4894	5.94008	5.95524	5.7565
11.5337	5.93914	5.96297	5.75564
11.5782	5.94028	5.95807	5.75572
11.6229	5.93994	5.94964	5.75367
11.6677	5.93599	5.95439	5.75349
11.7127	5.94269	5.95883	5.75227
11.7579	5.93899	5.95955	5.75962
11.8032	5.94359	5.95353	5.75384
11.8487	5.95033	5.96144	5.75524
11.8944	5.94675	5.96147	5.75603
11.9403	5.94407	5.95909	5.75485
11.9863	5.94282	5.95106	5.75458
12.0325	5.94004	5.95279	5.75954
12.0789	5.94863	5.95443	5.76048
12.1255	5.9457	5.95433	5.7503
12.1722	5.94761	5.95744	5.75179
12.2191	5.93827	5.95496	5.75725
12.2662	5.94643	5.95283	5.75609
12.3135	5.94367	5.95855	5.75557
12.361	5.94787	5.9623	5.75554
12.4086	5.94844	5.94846	5.75535
12.4564	5.94501	5.95609	5.75502
12.5044	5.93957	5.9578	5.75599
12.5526	5.93958	5.94951	5.75352
12.601	5.94018	5.95784	5.76123
12.6495	5.94656	5.95388	5.75055
12.6983	5.94372	5.95894	5.75783
12.7472	5.94224	5.95616	5.75928
12.7963	5.94044	5.95423	5.7556
12.8456	5.9495	5.95225	5.75759
12.8951	5.94718	5.95889	5.75803
12.9447	5.94532	5.95234	5.75875
12.9946	5.93561	5.94891	5.75826
13.0447	5.94415	5.96131	5.75895
13.0949	5.93623	5.95445	5.75981
13.1453	5.94383	5.95645	5.75838
13.1959	5.9445	5.95064	5.75991
13.2468	5.94468	5.95414	5.76375
13.2978	5.94553	5.951	5.75433
13.349	5.94322	5.95444	5.75695
13.4004	5.94043	5.95126	5.75921
13.452	5.94075	5.95702	5.75255
13.5038	5.9429	5.95558	5.75471
13.5558	5.94187	5.95362	5.75424
13.608	5.94655	5.958	5.75441
13.6603	5.942	5.95838	5.75331
13.7129	5.94238	5.95803	5.75582
13.7657	5.94501	5.95382	5.75294
13.8187	5.94132	5.95632	5.75189
13.8719	5.93974	5.95635	5.75927
13.9253	5.94943	5.95419	5.75781
13.9789	5.94673	5.9587	5.7535
14.0327	5.94696	5.95386	5.75375
14.0867	5.94606	5.96018	5.75477
14.1409	5.9441	5.96073	5.75553
14.1953	5.93786	5.95899	5.76083
14.2499	5.94423	5.94976	5.74933
14.3047	5.941	5.95589	5.74912
14.3598	5.94548	5.95961	5.75088
14.415	5.9456	5.9577	5.74932
14.4705	5.94693	5.96137	5.75146
14.5262	5.94666	5.9583	5.75811
14.582	5.94842	5.95254	5.75888
14.6381	5.94773	5.95958	5.75475
14.6944	5.94547	5.95391	5.75549
14.751	5.94558	5.95741	5.75834
14.8077	5.94228	5.95495	5.76009
14.8647	5.94586	5.95896	5.75847
14.9218	5.94548	5.95934	5.75536
14.9792	5.94573	5.95604	5.75666
15.0368	5.94321	5.95768	5.75592
15.0947	5.94353	5.95486	5.75309
15.1527	5.94845	5.95585	5.75412
15.211	5.94408	5.96138	5.75309
15.2695	5.94368	5.95355	5.75469
15.3282	5.94546	5.95386	5.76074
15.3871	5.94238	5.95654	5.75628
15.4463	5.94392	5.96225	5.75511
15.5056	5.93827	5.95908	5.75137
15.5653	5.94742	5.95575	5.75806
15.6251	5.93924	5.96286	5.75533
15.6852	5.93859	5.95776	5.75721
15.7455	5.94016	5.95716	5.75356
15.806	5.94392	5.96179	5.75397
15.8667	5.93928	5.95816	5.7533
15.9277	5.94341	5.9633	5.75414
15.9889	5.94001	5.96243	5.75711
16.0504	5.93828	5.95578	5.75326
16.1121	5.94682	5.95901	5.75343
16.174	5.9435	5.95866	5.75644
16.2362	5.94467	5.95696	5.75879
16.2986	5.94406	5.95856	5.75391
16.3612	5.93815	5.95567	5.75373
16.4241	5.93979	5.96082	5.75471
16.4872	5.94335	5.9606	5.75509
16.5505	5.9439	5.95665	5.75423
16.6141	5.93929	5.9542	5.74948
16.6779	5.94499	5.95396	5.75419
16.742	5.94237	5.95598	5.75782
16.8063	5.94556	5.95832	5.75411
16.8709	5.94648	5.95612	5.75616
16.9357	5.94509	5.95927	5.75787
17.0008	5.9446	5.95364	5.75461
17.0661	5.94374	5.95569	5.75496
17.1316	5.94329	5.95712	5.75336
17.1974	5.95147	5.96445	5.7578
17.2635	5.95246	5.95319	5.75689
17.3298	5.94589	5.95207	5.75548
17.3963	5.94583	5.9549	5.75783
17.4632	5.94543	5.95907	5.75912
17.5302	5.95265	5.9579	5.75679
17.5975	5.94799	5.95498	5.75969
17.6651	5.94697	5.95895	5.75883
17.733	5.9455	5.95122	5.75774
17.801	5.94662	5.95389	5.76281
17.8694	5.94547	5.95826	5.75976
17.938	5.94005	5.95291	5.76131
18.0069	5.94879	5.95835	5.76151
18.076	5.94557	5.96147	5.75738
18.1454	5.94718	5.95519	5.76074
18.2151	5.94168	5.95621	5.76001
18.285	5.95008	5.95831	5.75413
18.3552	5.94317	5.95468	5.75923
18.4257	5.9423	5.95704	5.76042
18.4964	5.94868	5.95891	5.75485
18.5674	5.94667	5.9543	5.75258
18.6387	5.95028	5.95581	5.76082
18.7102	5.94748	5.95697	5.759
18.782	5.9444	5.95429	5.756
18.8541	5.94987	5.95984	5.75862
18.9265	5.94484	5.95782	5.75761
18.9991	5.94203	5.96273	5.75781
19.072	5.94637	5.96211	5.76109
19.1452	5.94157	5.95968	5.75777
19.2187	5.94114	5.95729	5.75696
19.2924	5.94525	5.95735	5.75605
19.3665	5.94672	5.96001	5.75784
19.4408	5.94588	5.95105	5.75561
19.5154	5.94164	5.95995	5.75837
19.5903	5.94329	5.96055	5.75438
19.6654	5.94803	5.95957	5.75909
19.7409	5.94508	5.95819	5.76335
19.8166	5.949	5.95342	5.76029
19.8926	5.94396	5.961	5.75411
19.9689	5.94483	5.9586	5.75867
20.0455	5.95203	5.95396	5.75571
20.1224	5.94061	5.95782	5.75385
20.1996	5.94661	5.95695	5.75912
20.2771	5.94823	5.9574	5.75793
20.3549	5.94365	5.96077	5.75639
20.433	5.94947	5.95494	5.75765
20.5114	5.94983	5.95193	5.75905
20.59	5.94689	5.95813	5.75178
20.669	5.9431	5.95753	5.7558
20.7483	5.94427	5.96041	5.75456
20.8278	5.94253	5.95709	5.75694
20.9077	5.9457	5.95858	5.75846
20.9879	5.93956	5.95274	5.75733
21.0684	5.94342	5.95677	5.75329
21.1492	5.94489	5.95909	5.75754
21.2303	5.94483	5.95376	5.75714
21.3117	5.94576	5.95837	5.75154
21.3934	5.94169	5.95491	5.75101
21.4754	5.9459	5.95543	5.75106
21.5578	5.94139	5.95653	5.75462
21.6404	5.94494	5.95685	5.75912
21.7234	5.9442	5.95551	5.75216
21.8067	5.95419	5.95906	5.75623
21.8903	5.94299	5.9548	5.75731
21.9742	5.94589	5.95566	5.75255
22.0585	5.94754	5.9569	5.75176
22.143	5.94702	5.95731	5.75382
22.2279	5.94373	5.95984	5.75792
22.3131	5.94553	5.96436	5.75416
22.3986	5.94499	5.9596	5.75368
22.4845	5.94935	5.95869	5.76157
22.5707	5.94354	5.95873	5.7561
22.6572	5.94626	5.95718	5.75791
22.744	5.94821	5.95457	5.75555
22.8312	5.95051	5.95494	5.76082
22.9187	5.94531	5.95413	5.75755
23.0066	5.94368	5.95762	5.75741
23.0947	5.94748	5.95591	5.75826
23.1833	5.94807	5.95651	5.75727
23.2721	5.94886	5.95838	5.75848
23.3613	5.94356	5.95703	5.75719
23.4508	5.94846	5.95763	5.7567
23.5407	5.94634	5.95658	5.75279
23.6309	5.94216	5.95301	5.75361
23.7214	5.94729	5.9571	5.75663
23.8123	5.94529	5.95128	5.7621
23.9036	5.94174	5.95746	5.75537
23.9951	5.94048	5.95712	5.75794
24.0871	5.94621	5.9629	5.75705
24.1794	5.94668	5.95705	5.75441
24.272	5.94668	5.95689	5.75854
24.365	5.94952	5.96253	5.75483
24.4583	5.9473	5.95888	5.76017
24.552	5.94652	5.96288	5.75524
24.6461	5.94359	5.95815	5.75426
24.7405	5.94704	5.95482	5.75758
24.8353	5.94419	5.95784	5.75482
24.9304	5.94836	5.95504	5.75079
25.0259	5.95068	5.9554	5.7492
25.1218	5.95179	5.96027	5.75476
25.218	5.94853	5.95796	5.7491
25.3146	5.95132	5.95634	5.75198
25.4116	5.9448	5.95952	5.74767
25.5089	5.94759	5.95656	5.75719
25.6066	5.94908	5.95964	5.75444
25.7047	5.94912	5.95996	5.75593
25.8031	5.94752	5.95948	5.75923
25.9019	5.94577	5.95956	5.76081
26.0011	5.94688	5.9568	5.75287
26.1007	5.94971	5.95994	5.75771
26.2007	5.94867	5.95835	5.75311
26.301	5.94643	5.9598	5.75743
26.4017	5.95117	5.96013	5.75767
26.5028	5.94681	5.95845	5.75859
26.6043	5.94558	5.95703	5.76239
26.7062	5.947	5.9625	5.75826
26.8084	5.94484	5.96065	5.75704
26.9111	5.94365	5.95691	5.76164
27.0141	5.94256	5.95194	5.75722
27.1176	5.94864	5.95939	5.75961
27.2214	5.94952	5.95525	5.75761
27.3256	5.94943	5.95531	5.75792
27.4302	5.9469	5.96085	5.75555
27.5352	5.94843	5.95773	5.75424
27.6407	5.95098	5.9576	5.75928
27.7465	5.94687	5.95807	5.75744
27.8527	5.94814	5.95725	5.76033
27.9593	5.94566	5.95656	5.7562
28.0664	5.94723	5.95813	5.75174
28.1738	5.94952	5.9558	5.7499
28.2816	5.94586	5.95488	5.75508
28.3899	5.94816	5.95694	5.75251
28.4986	5.9478	5.95789	5.75446
28.6077	5.94975	5.95646	5.75107
28.7172	5.94762	5.95568	5.75244
28.8271	5.9533	5.9522	5.75709
28.9374	5.94957	5.95521	5.75581
29.0482	5.95422	5.95575	5.7557
29.1593	5.95029	5.95687	5.75379
29.2709	5.94998	5.95759	5.75774
29.383	5.95363	5.96037	5.75419
29.4954	5.9456	5.95945	5.75553
29.6083	5.9486	5.9575	5.75544
29.7216	5.95142	5.96068	5.7596
29.8354	5.95078	5.95718	5.75902
29.9495	5.94875	5.95586	5.75795
30.0641	5.94974	5.9561	5.75923
30.1792	5.95274	5.95769	5.75571
30.2947	5.95188	5.95959	5.75823
30.4106	5.94893	5.95716	5.75926
30.527	5.95171	5.96104	5.75841
30.6438	5.9445	5.95615	5.75791
30.761	5.94015	5.95935	5.75551
30.8787	5.94851	5.95615	5.7573
30.9969	5.9474	5.96041	5.76118
31.1155	5.94846	5.95814	5.75747
31.2345	5.94514	5.96232	5.75393
31.354	5.95163	5.96457	5.75711
31.474	5.94902	5.96443	5.75204
31.5944	5.94581	5.95748	5.75228
31.7153	5.94949	5.95717	5.75456
31.8366	5.95072	5.95368	5.75528
31.9584	5.95027	5.9594	5.75409
32.0806	5.95104	5.95463	5.75749
32.2034	5.94925	5.95526	5.75302
32.3266	5.95211	5.95837	5.75873
32.4502	5.95133	5.95837	5.75546
32.5743	5.95017	5.95673	5.75776
32.699	5.94995	5.95607	5.76083
32.824	5.95464	5.95423	5.75949
32.9496	5.9539	5.95693	5.7565
33.0756	5.95077	5.96166	5.75482
33.2021	5.95331	5.95718	5.75772
33.3291	5.95497	5.95565	5.75799
33.4566	5.95235	5.95613	5.75832
33.5846	5.95295	5.95819	5.76146
33.713	5.95269	5.95915	5.75577
33.842	5.94962	5.95903	5.75971
33.9714	5.94956	5.96011	5.76027
34.1013	5.95007	5.95817	5.76006
34.2317	5.94881	5.96059	5.7589
34.3626	5.9461	5.95912	5.75758
34.4941	5.94718	5.95814	5.75567
34.626	5.94664	5.96	5.75656
34.7584	5.94489	5.96034	5.75311
34.8913	5.94888	5.95757	5.75784
35.0247	5.94364	5.96051	5.75843
35.1587	5.94796	5.9577	5.75529
35.2931	5.94556	5.95828	5.75526
35.4281	5.94852	5.96122	5.75485
35.5635	5.94819	5.95666	5.75709
35.6995	5.94961	5.95914	5.75366
35.836	5.95268	5.95738	5.7566
35.973	5.9504	5.95689	5.7543
36.1106	5.9552	5.96098	5.75572
36.2487	5.95277	5.95507	5.75848
36.3873	5.95178	5.95777	5.75343
36.5264	5.94955	5.95656	5.75434
36.666	5.95128	5.95539	5.75756
36.8062	5.95012	5.95651	5.75699
36.9469	5.94592	5.95892	5.75741
37.0882	5.94802	5.9579	5.7568
37.23	5.94888	5.96207	5.75882
37.3723	5.94908	5.95793	5.75711
37.5152	5.95106	5.95768	5.75936
37.6586	5.94802	5.95716	5.75922
37.8026	5.95249	5.9585	5.76045
37.9471	5.94982	5.95962	5.75824
38.0921	5.94759	5.95615	5.76148
38.2378	5.9488	5.9602	5.76049
38.3839	5.94562	5.95879	5.75981
38.5306	5.94638	5.95936	5.75841
38.6779	5.94647	5.95761	5.75913
38.8258	5.95217	5.95605	5.75818
38.9742	5.95146	5.95465	5.75539
39.1231	5.95109	5.95835	5.75712
39.2727	5.94968	5.95444	5.75483
39.4228	5.95255	5.95966	5.75609
39.5735	5.94962	5.95697	5.75514
39.7247	5.95597	5.95823	5.75513
39.8766	5.95484	5.9556	5.75625
40.029	5.95234	5.95898	5.7596
40.182	5.95027	5.95739	5.75859
40.3355	5.9469	5.95623	5.75931
40.4897	5.95274	5.96017	5.75808
40.6444	5.95322	5.9613	5.75631
40.7998	5.95317	5.96005	5.75766
40.9557	5.95454	5.96097	5.75636
41.1122	5.94797	5.95756	5.75792
41.2693	5.95064	5.96202	5.75467
41.427	5.94819	5.95447	5.75766
41.5853	5.94786	5.95487	5.75594
41.7443	5.95246	5.95669	5.75636
41.9038	5.94874	5.95939	5.75709
42.0639	5.95235	5.95923	5.75348
42.2246	5.95031	5.95734	5.75317
42.386	5.95201	5.9572	5.75285
42.548	5.9498	5.9577	5.75638
42.7105	5.94691	5.95787	5.75344
42.8737	5.95152	5.95566	5.75725
43.0376	5.9495	5.95462	5.75573
43.202	5.95371	5.95916	5.75751
43.3671	5.95052	5.95826	5.75969
43.5328	5.94973	5.95429	5.75686
43.6991	5.94992	5.96016	5.7595
43.8661	5.94831	5.95944	5.76312
44.0337	5.95246	5.95671	5.75996
44.2019	5.95087	5.95971	5.75799
44.3708	5.94539	5.95878	5.75835
44.5403	5.95091	5.95834	5.7584
44.7105	5.95101	5.95728	5.75554
44.8813	5.95186	5.95732	5.7581
45.0527	5.95153	5.95567	5.75144
45.2249	5.95046	5.9614	5.75721
45.3976	5.94938	5.96012	5.7534
45.5711	5.94938	5.95894	5.75357
45.7452	5.95061	5.96028	5.75614
45.9199	5.95115	5.96095	5.75807
46.0953	5.95075	5.95655	5.75659
46.2714	5.95556	5.9558	5.75587
46.4482	5.95149	5.95945	5.75723
46.6256	5.95249	5.95798	5.75843
46.8037	5.95033	5.95641	5.75964
46.9825	5.94826	5.95472	5.75792
47.162	5.95078	5.955	5.75921
47.3421	5.95053	5.95924	5.7591
47.5229	5.95045	5.95767	5.75754
47.7045	5.95134	5.95879	5.75138
47.8867	5.9513	5.95799	5.75694
48.0696	5.95009	5.96062	5.75615
48.2532	5.95076	5.95744	5.75288
48.4375	5.94871	5.96043	5.75257
48.6225	5.94737	5.95739	5.75635
48.8082	5.95137	5.95731	5.75554
48.9946	5.94765	5.95518	5.75563
49.1818	5.94829	5.95477	5.75695
49.3696	5.9472	5.95176	5.75675
49.5582	5.94814	5.95826	5.75931
49.7474	5.9491	5.9551	5.75713
49.9374	5.94948	5.9543	5.75847
50.1281	5.95421	5.95248	5.75868
50.3196	5.94884	5.95715	5.75892
50.5117	5.95034	5.95494	5.76006
50.7047	5.95657	5.95344	5.76149
50.8983	5.95412	5.95834	5.76005
51.0927	5.95248	5.96093	5.76091
51.2878	5.95174	5.95841	5.76016
51.4837	5.95289	5.9588	5.75799
51.6802	5.95123	5.95848	5.7582
51.8776	5.95353	5.96081	5.7545
52.0757	5.95152	5.95711	5.75693
52.2746	5.94912	5.95672	5.75791
52.4742	5.95159	5.95786	5.75978
52.6746	5.94889	5.95439	5.75443
52.8757	5.95004	5.95378	5.76057
53.0776	5.94987	5.95429	5.75691
53.2803	5.95177	5.95497	5.75911
53.4837	5.95163	5.95503	5.75887
53.688	5.95554	5.95614	5.75897
53.8929	5.95519	5.95502	5.75893
54.0987	5.9512	5.95849	5.75465
54.3053	5.9539	5.95555	5.75623
54.5126	5.95461	5.95606	5.75864
54.7208	5.95223	5.95631	5.75881
54.9297	5.95221	5.95442	5.75662
55.1394	5.95245	5.95469	5.75624
55.3499	5.95281	5.95445	5.75465
55.5613	5.952	5.95726	5.75562
55.7734	5.95076	5.95636	5.75911
55.9864	5.95151	5.95788	5.75729
56.2001	5.95113	5.95626	5.76018
56.4147	5.95161	5.95286	5.75785
56.63	5.95258	5.95668	5.75819
56.8462	5.95092	5.95597	5.75724
57.0633	5.95056	5.95481	5.75913
57.2811	5.95187	5.95467	5.75851
57.4998	5.95553	5.95738	5.75956
57.7193	5.95093	5.95551	5.75826
57.9397	5.95086	5.95452	5.75874
58.1608	5.95138	5.95444	5.7571
58.3829	5.95338	5.95431	5.75482
58.6057	5.95435	5.95562	5.75808
58.8295	5.95241	5.95561	5.75718
59.054	5.95055	5.95573	5.75594
59.2795	5.95517	5.95648	5.75558
59.5058	5.95391	5.95478	5.75534
59.7329	5.95269	5.9553	5.75579
59.9609	5.95282	5.95485	5.75723
60.1898	5.95383	5.95403	5.75813
60.4196	5.9527	5.95727	5.75559
60.6502	5.95481	5.95448	5.75767
60.8817	5.95375	5.95586	5.75843
61.1141	5.95355	5.95795	5.75878
61.3474	5.95256	5.95399	5.75766
61.5815	5.95183	5.95902	5.7601
61.8166	5.95133	5.95872	5.75811
62.0525	5.95492	5.9541	5.75607
62.2894	5.95385	5.95574	5.7593
62.5271	5.95005	5.95659	5.75654
62.7658	5.95165	5.95197	5.75866
63.0053	5.95142	5.95709	5.75592
63.2458	5.95285	5.95498	5.75602
63.4872	5.95121	5.95665	5.75417
63.7295	5.94933	5.95652	5.75548
63.9728	5.95371	5.95245	5.75573
64.2169	5.95344	5.9571	5.75543
64.462	5.95546	5.95857	5.76049
64.708	5.95139	5.95827	5.76041
64.955	5.95348	5.95704	5.75925
65.2029	5.9563	5.95286	5.75798
65.4517	5.95398	5.9543	5.75709
65.7015	5.95131	5.95232	5.75791
65.9523	5.95336	5.95551	5.75908
66.2039	5.95374	5.95367	5.75704
66.4566	5.95299	5.95365	5.75644
66.7102	5.95264	5.95468	5.7539
66.9648	5.95264	5.95198	5.75589
67.2204	5.95177	5.95577	5.75774
67.4769	5.95267	5.95573	5.75829
67.7344	5.95218	5.95609	5.7584
67.9929	5.95168	5.9543	5.75938
68.2523	5.95527	5.95392	5.7572
68.5128	5.95346	5.95445	5.76027
68.7742	5.95528	5.95538	5.75688
69.0367	5.95583	5.95642	5.75782
69.3001	5.95257	5.95645	5.75464
69.5646	5.95078	5.95467	5.75611
69.83	5.94992	5.95365	5.75521
70.0965	5.95092	5.95594	5.75311
70.364	5.95464	5.95392	5.75607
70.6324	5.95233	5.95415	5.75432
70.902	5.95361	5.95517	5.7545
71.1725	5.95399	5.95484	5.75563
71.4441	5.95439	5.95483	5.75941
71.7167	5.95303	5.95559	5.75888
71.9903	5.95479	5.95604	5.75904
72.265	5.9531	5.95711	5.7587
72.5407	5.95403	5.95411	5.75294
72.8175	5.95306	5.95128	5.7558
73.0954	5.95067	5.95404	5.75763
73.3743	5.95249	5.9507	5.75765
73.6542	5.95099	5.9536	5.75738
73.9352	5.95211	5.95221	5.75812
74.2173	5.95235	5.9528	5.75704
74.5005	5.95087	5.95451	5.7567
74.7848	5.94964	5.95588	5.7543
75.0701	5.95404	5.95519	5.75701
75.3565	5.95268	5.95442	5.75918
75.644	5.95358	5.951	5.75616
75.9326	5.95327	5.95423	5.75664
76.2223	5.95204	5.95262	5.75523
76.5131	5.95034	5.95377	5.75605
76.805	5.94892	5.9523	5.75878
77.098	5.95051	5.95188	5.75605
77.3922	5.95103	5.95292	5.75368
77.6874	5.95309	5.95187	5.7551
77.9838	5.95212	5.9546	5.75753
78.2813	5.95409	5.95353	5.75687
78.5799	5.95538	5.95206	5.75677
78.8797	5.95001	5.95174	5.75544
79.1806	5.95092	5.95344	5.75588
79.4827	5.95068	5.95547	5.75156
79.7859	5.95176	5.95145	5.75397
80.0903	5.95053	5.95029	5.75317
80.3958	5.94637	5.94703	5.75798
80.7025	5.95232	5.9495	5.75741
81.0104	5.95125	5.94906	5.75711
81.3194	5.95403	5.95063	5.75815
81.6296	5.95468	5.95282	5.75878
81.941	5.95478	5.95332	5.75669
82.2536	5.95287	5.95234	5.75538
82.5674	5.95255	5.95001	5.75345
82.8823	5.95105	5.95087	5.75517
83.1985	5.94997	5.9537	5.75495
83.5158	5.95177	5.95371	5.75312
83.8344	5.95568	5.95273	5.75631
84.1542	5.95101	5.94962	5.754
84.4752	5.95164	5.95081	5.75484
84.7974	5.9519	5.95192	5.75609
85.1209	5.95331	5.95236	5.75452
85.4456	5.95386	5.95263	5.75557
85.7715	5.95362	5.95295	5.7518
86.0986	5.94913	5.94904	5.75276
86.4271	5.95146	5.9499	5.75364
86.7567	5.95021	5.95081	5.75704
87.0876	5.94819	5.95293	5.75726
87.4198	5.95097	5.94892	5.75322
87.7533	5.95563	5.94871	5.75492
88.088	5.9551	5.94868	5.75527
88.4239	5.95309	5.94903	5.75576
88.7612	5.95332	5.95027	5.75382
89.0997	5.94914	5.9508	5.75766
89.4396	5.95141	5.94863	5.75787
89.7807	5.95178	5.95037	5.75419
90.1231	5.94909	5.95045	5.75292
90.4669	5.95043	5.9528	5.75239
90.8119	5.95213	5.95548	5.75312
91.1583	5.95506	5.95039	5.75472
91.5059	5.95236	5.94659	5.75727
91.8549	5.95467	5.94783	5.75869
92.2053	5.95469	5.94557	5.75754
92.5569	5.95466	5.94954	5.75562
92.9099	5.95143	5.94876	5.75074
93.2643	5.95259	5.94959	5.75323
93.6199	5.94993	5.94993	5.75123
93.977	5.9482	5.94715	5.75328
94.3354	5.95325	5.9475	5.75498
94.6952	5.95391	5.94831	5.75288
95.0563	5.95457	5.94579	5.75298
95.4188	5.95413	5.94839	5.75453
95.7827	5.95202	5.95028	5.75244
96.148	5.95206	5.95191	5.75359
96.5147	5.95305	5.9493	5.75335
96.8827	5.95103	5.95207	5.75676
97.2522	5.94616	5.94657	5.75625
97.6231	5.95384	5.94945	5.75324
97.9954	5.9501	5.94811	5.7514
98.3691	5.95342	5.94674	5.75104
98.7442	5.95186	5.94714	5.75584
99.1208	5.95376	5.94665	5.75672
99.4988	5.9505	5.95005	5.75387
99.8782	5.94751	5.9503	5.75385
100.259	5.94893	5.95112	5.75317
100.641	5.94634	5.94769	5.75494
101.025	5.95012	5.94987	5.75593
101.41	5.94908	5.94729	5.75039
101.797	5.95585	5.9493	5.75475
102.185	5.95681	5.95014	5.75194
102.575	5.95453	5.94993	5.75357
102.966	5.94941	5.94883	5.75579
103.359	5.94902	5.94909	5.75373
103.753	5.94753	5.94822	5.75474
104.148	5.94912	5.94542	5.7547
104.546	5.94936	5.94517	5.75354
104.944	5.95063	5.94828	5.75306
105.344	5.95254	5.9486	5.75325
105.746	5.95273	5.94955	5.75385
106.149	5.95212	5.95043	5.75439
106.554	5.95263	5.94869	5.75241
106.96	5.95187	5.94564	5.75261
107.368	5.95337	5.94736	5.75361
107.778	5.95138	5.94718	5.75464
108.189	5.95019	5.94788	5.75726
108.601	5.95188	5.94866	5.75161
109.015	5.94995	5.94822	5.75061
109.431	5.94912	5.9503	5.75547
109.848	5.9501	5.94879	5.75375
110.267	5.94981	5.94888	5.75491
110.687	5.95077	5.94828	5.75335
111.109	5.95095	5.94765	5.75399
111.533	5.94977	5.94403	5.75157
111.958	5.95033	5.94671	5.75345
112.385	5.95198	5.95009	5.75448
112.814	5.95149	5.94903	5.75482
113.244	5.95129	5.94774	5.75244
113.676	5.94723	5.94831	5.75111
114.109	5.94836	5.94822	5.75151
114.544	5.95135	5.94508	5.7541
114.981	5.95003	5.94508	5.75402
115.419	5.94987	5.94441	5.75467
115.859	5.95006	5.94487	5.75316
116.301	5.94915	5.94663	5.75305
116.744	5.95044	5.94674	5.75464
117.189	5.94688	5.94723	5.75135
117.636	5.94884	5.94638	5.75183
118.085	5.94618	5.9441	5.75363
118.535	5.94568	5.94482	5.75278
118.987	5.94792	5.94313	5.74983
119.44	5.95066	5.94682	5.75022
119.896	5.94944	5.94804	5.74995
120.353	5.95096	5.94568	5.75154
120.812	5.94859	5.94608	5.75013
121.272	5.94736	5.94412	5.75006
121.735	5.94932	5.94294	5.75228
122.199	5.94743	5.94117	5.75247
122.665	5.94882	5.94313	5.75281
123.132	5.94995	5.9463	5.75537
123.602	5.95113	5.94834	5.74989
124.073	5.94929	5.9473	5.74973
124.546	5.95178	5.94537	5.75139
125.021	5.94754	5.94319	5.75053
125.497	5.94946	5.94424	5.75294
125.976	5.94933	5.94368	5.75107
126.456	5.95051	5.94484	5.75065
126.938	5.95026	5.94552	5.75117
127.422	5.94946	5.94833	5.75025
127.908	5.95148	5.94581	5.75256
128.395	5.9472	5.94443	5.75176
128.885	5.94602	5.94454	5.75008
129.376	5.94743	5.9406	5.75297
129.869	5.94852	5.94498	5.75254
130.364	5.9507	5.94609	5.75119
130.861	5.95131	5.94621	5.75003
131.36	5.94769	5.94558	5.74989
131.861	5.94747	5.94143	5.74919
132.364	5.94759	5.94	5.75011
132.868	5.94824	5.93898	5.75086
133.375	5.94684	5.94285	5.74885
133.883	5.94774	5.94325	5.75035
134.393	5.94712	5.94396	5.75171
134.906	5.94168	5.94387	5.74994
135.42	5.94735	5.94223	5.75036
135.936	5.95123	5.94305	5.75045
136.454	5.95102	5.94029	5.75144
136.975	5.95058	5.9419	5.74976
137.497	5.94855	5.94426	5.75191
138.021	5.94794	5.94312	5.7511
138.547	5.94638	5.94325	5.74845
139.075	5.94673	5.94059	5.75124
139.605	5.94725	5.93856	5.75143
140.137	5.9451	5.94055	5.74997
140.671	5.94986	5.93938	5.74938
141.208	5.94706	5.94416	5.74777
141.746	5.94518	5.94496	5.74879
142.286	5.94601	5.94308	5.74874
142.829	5.94751	5.94139	5.75086
143.373	5.95074	5.94227	5.75022
143.919	5.94681	5.93971	5.74965
144.468	5.94869	5.94144	5.75004
145.019	5.94797	5.94177	5.7511
145.571	5.94939	5.94157	5.74633
146.126	5.94419	5.94051	5.74898
146.683	5.94534	5.93955	5.74904
147.242	5.94835	5.93914	5.74896
147.804	5.94673	5.94251	5.74742
148.367	5.95136	5.94004	5.74663
148.932	5.94738	5.93835	5.7477
149.5	5.94457	5.93794	5.75055
150.07	5.94452	5.93948	5.74754
150.642	5.94582	5.9388	5.74821
151.216	5.9488	5.94373	5.74945
151.792	5.94928	5.94099	5.74563
152.371	5.95075	5.94022	5.7473
152.952	5.94624	5.94112	5.74583
153.535	5.94392	5.9401	5.7457
154.12	5.94871	5.93873	5.74865
154.707	5.94955	5.94102	5.74527
155.297	5.94804	5.94037	5.74697
155.889	5.94592	5.93972	5.74677
156.483	5.94497	5.9394	5.7481
157.079	5.9451	5.94018	5.74679
157.678	5.94727	5.93783	5.74571
158.279	5.94985	5.9379	5.7467
158.882	5.94725	5.93907	5.74593
159.488	5.94644	5.9395	5.74641
160.096	5.94708	5.94155	5.74556
160.706	5.95209	5.93926	5.74646
161.318	5.9494	5.93627	5.74376
161.933	5.95045	5.93629	5.74852
162.55	5.94848	5.93662	5.74524
163.17	5.9457	5.93861	5.74587
163.792	5.94515	5.93743	5.7436
164.416	5.94387	5.93789	5.74709
165.043	5.94306	5.93705	5.74591
165.672	5.94444	5.93856	5.74476
166.303	5.94394	5.93809	5.74687
166.937	5.94457	5.93756	5.74654
167.573	5.94232	5.93782	5.74834
168.212	5.94369	5.93692	5.74564
168.853	5.94576	5.93817	5.74046
169.496	5.94558	5.93885	5.74338
170.142	5.94473	5.93727	5.74705
170.791	5.94265	5.93645	5.74754
171.441	5.94117	5.93445	5.74404
172.095	5.94036	5.93711	5.74272
172.751	5.94285	5.93549	5.74233
173.409	5.9442	5.93733	5.74684
174.07	5.94442	5.93629	5.74572
174.733	5.94426	5.93587	5.7446
175.399	5.94084	5.93459	5.74302
176.068	5.94373	5.93497	5.74177
176.739	5.94239	5.93476	5.74305
177.412	5.94346	5.93642	5.74458
178.088	5.94004	5.94006	5.74324
178.767	5.94155	5.93878	5.74267
179.448	5.94233	5.93675	5.74197
180.132	5.94031	5.93474	5.74147
180.818	5.93956	5.93475	5.74379
181.507	5.94042	5.93511	5.74447
182.199	5.94159	5.93532	5.74224
182.893	5.94114	5.93129	5.74097
183.59	5.94049	5.93454	5.74038
184.29	5.94165	5.93435	5.74163
184.992	5.94054	5.93472	5.74183
185.697	5.93805	5.93329	5.74047
186.405	5.94055	5.93223	5.74144
187.115	5.94263	5.93447	5.74215
187.828	5.93649	5.93119	5.74469
188.544	5.93783	5.93387	5.74303
189.263	5.93967	5.93354	5.74067
189.984	5.93942	5.9318	5.73989
190.708	5.93675	5.93197	5.74097
191.435	5.93907	5.93347	5.74241
192.164	5.93934	5.9349	5.74056
192.896	5.93968	5.93304	5.74052
193.631	5.93928	5.93055	5.74062
194.369	5.93909	5.92931	5.74063
195.11	5.93987	5.92826	5.73935
195.853	5.93982	5.93373	5.74089
196.6	5.94025	5.93133	5.74099
197.349	5.94035	5.93307	5.74206
198.101	5.93769	5.9287	5.7402
198.856	5.9414	5.9319	5.73925
199.613	5.93882	5.93265	5.74147
200.374	5.94214	5.92895	5.74148
201.138	5.93995	5.92983	5.74046
201.904	5.9353	5.93059	5.73866
202.673	5.93837	5.93168	5.73893
203.446	5.93793	5.92948	5.73976
204.221	5.93825	5.92468	5.73749
204.999	5.93756	5.92961	5.73969
205.78	5.93867	5.92689	5.73994
206.564	5.93748	5.92953	5.74079
207.352	5.93799	5.9312	5.7367
208.142	5.93782	5.93018	5.73469
208.935	5.93819	5.92921	5.73732
209.731	5.93913	5.92846	5.73606
210.53	5.93632	5.92527	5.73629
211.332	5.93447	5.92433	5.73782
212.137	5.93691	5.92779	5.73868
212.946	5.93829	5.92856	5.73666
213.757	5.93567	5.9256	5.73693
214.572	5.93357	5.92624	5.73731
215.389	5.93681	5.92687	5.73696
216.21	5.93845	5.92628	5.73709
217.034	5.93639	5.92212	5.73654
217.861	5.93631	5.92235	5.73665
218.691	5.93485	5.92711	5.73625
219.524	5.93642	5.9263	5.73717
220.361	5.93584	5.92615	5.73703
221.2	5.93557	5.92516	5.7383
222.043	5.93431	5.92476	5.73618
222.889	5.93639	5.92756	5.73619
223.738	5.93649	5.92683	5.73465
224.591	5.9336	5.92606	5.7343
225.447	5.93337	5.92629	5.7373
226.306	5.93629	5.92399	5.73577
227.168	5.9332	5.92387	5.73536
228.033	5.93261	5.92693	5.73397
228.902	5.93325	5.92461	5.7342
229.774	5.93504	5.92419	5.73526
230.65	5.93296	5.92169	5.73557
231.529	5.93385	5.92619	5.73404
232.411	5.93405	5.92795	5.73418
233.296	5.93438	5.92437	5.73517
234.185	5.93478	5.92296	5.73445
235.078	5.9335	5.92316	5.73273
235.973	5.93544	5.92466	5.73446
236.872	5.93546	5.92211	5.73541
237.775	5.93209	5.92337	5.73332
238.681	5.93316	5.92126	5.73114
239.59	5.93148	5.92175	5.7333
240.503	5.93431	5.92296	5.73473
241.419	5.93108	5.92246	5.73419
242.339	5.93224	5.92186	5.73103
243.263	5.93299	5.92019	5.73385
244.189	5.93154	5.92304	5.73326
245.12	5.92991	5.92248	5.73441
246.054	5.93186	5.92294	5.73149
246.991	5.93156	5.92139	5.73231
247.932	5.93004	5.92201	5.73252
248.877	5.93059	5.92131	5.73241
249.825	5.93309	5.92199	5.73248
250.777	5.93181	5.91987	5.73139
251.732	5.93008	5.92	5.73035
252.691	5.93235	5.92005	5.73199
253.654	5.93146	5.92261	5.7334
254.62	5.92836	5.91992	5.73168
255.591	5.92932	5.92071	5.7297
256.564	5.92822	5.92089	5.7315
257.542	5.93075	5.91854	5.73257
258.523	5.93138	5.91834	5.73073
259.508	5.92787	5.92013	5.73034
260.497	5.92713	5.92013	5.73092
261.489	5.92876	5.92037	5.73146
262.485	5.92793	5.919	5.73107
263.485	5.92548	5.91961	5.73114
264.489	5.92761	5.92132	5.72838
265.497	5.92754	5.91972	5.7309
266.508	5.92553	5.91996	5.72867
267.524	5.92738	5.91849	5.72874
268.543	5.92902	5.91741	5.73079
269.566	5.92535	5.91526	5.72943
270.593	5.92773	5.91753	5.72886
271.624	5.92863	5.91773	5.72974
272.659	5.92662	5.9173	5.72996
273.698	5.92569	5.91579	5.72834
274.74	5.92752	5.91598	5.72714
275.787	5.92569	5.91628	5.72753
276.838	5.92395	5.91582	5.72963
277.892	5.92695	5.91856	5.72826
278.951	5.92555	5.91587	5.72903
280.014	5.92488	5.91432	5.72821
281.081	5.9275	5.91244	5.72649
282.151	5.927	5.91431	5.72478
283.226	5.92492	5.91462	5.72644
284.305	5.92278	5.91511	5.72686
285.388	5.92416	5.91518	5.7242
286.476	5.9232	5.91503	5.72553
287.567	5.92211	5.91424	5.72474
288.663	5.92344	5.91437	5.724
289.762	5.92278	5.91556	5.72532
290.866	5.92229	5.91343	5.72536
291.974	5.92181	5.91344	5.72486
293.087	5.92211	5.91673	5.72856
294.203	5.92308	5.91332	5.72293
295.324	5.92102	5.9128	5.72426
296.449	5.92416	5.9134	5.72341
297.578	5.92135	5.91256	5.7217
298.712	5.92185	5.91135	5.72115
300	5.92325	5.91428	5.72047