5.75E-4	7.61393	7.76707	7.6369	7.33093
0.00115	7.92905	7.82619	7.63545	7.37579
0.001725	8.07292	7.90341	7.72449	7.55868
0.0023	8.07716	7.8673	7.6753	7.54278
0.002875	7.99254	7.77704	7.6153	7.5115
0.0034625	8.04796	7.80411	7.65731	7.54191
0.00405	8.02825	7.82633	7.60407	7.45522
0.004625	7.95719	7.80168	7.65008	7.44218
0.005225	8.01916	7.89063	7.55469	7.41911
0.0058125	8.00426	7.82153	7.56077	7.34328
0.0064	7.90961	7.83707	7.60549	7.44082
0.007	7.94516	7.78939	7.64432	7.44048
0.0076	7.92526	7.823	7.58753	7.42713
0.0082	7.93751	7.81082	7.59742	7.39705
0.0088	7.86361	7.76715	7.62616	7.45815
0.0094	7.95907	7.76051	7.56481	7.41593
0.0100125	7.93292	7.80667	7.59925	7.38834
0.010625	7.94945	7.82194	7.59206	7.41546
0.0112375	7.90424	7.78205	7.55086	7.40827
0.01185	7.90508	7.728	7.57013	7.29005
0.0124625	7.88758	7.71652	7.58165	7.33559
0.013075	7.87978	7.7664	7.6204	7.3886
0.0137	7.93693	7.78461	7.58987	7.33321
0.014325	7.85394	7.72177	7.602	7.39689
0.01495	7.87864	7.74223	7.56404	7.40704
0.015575	7.8543	7.73168	7.56212	7.38436
0.0162125	7.87032	7.76135	7.5234	7.40266
0.0168375	7.92619	7.72439	7.58162	7.35677
0.017475	7.85491	7.75212	7.49658	7.3518
0.0181125	7.81631	7.70462	7.53932	7.32933
0.01875	7.83524	7.73197	7.53404	7.34488
0.0194	7.85177	7.65365	7.55709	7.3276
0.0200375	7.80932	7.74098	7.49426	7.29156
0.0206875	7.80531	7.70278	7.49508	7.35007
0.0213375	7.78394	7.71838	7.44611	7.36597
0.0219875	7.78389	7.65553	7.53917	7.32099
0.02265	7.85116	7.72226	7.50143	7.3544
0.0233	7.82047	7.65562	7.51037	7.31806
0.0239625	7.78227	7.69895	7.48516	7.3201
0.024625	7.78302	7.67383	7.54882	7.2936
0.0252875	7.84606	7.65783	7.51065	7.33528
0.0259625	7.80632	7.63633	7.52738	7.24177
0.026625	7.81373	7.69033	7.51375	7.30753
0.0273	7.83391	7.63499	7.46317	7.27517
0.027975	7.78183	7.65452	7.46448	7.24753
0.02865	7.81077	7.68107	7.50267	7.25362
0.0293375	7.76991	7.65497	7.43951	7.3355
0.0300125	7.78059	7.61364	7.47526	7.32185
0.0307	7.82821	7.69624	7.41673	7.30931
0.0313875	7.7497	7.66775	7.46523	7.32782
0.0320875	7.78233	7.62238	7.52034	7.27844
0.032775	7.74381	7.67006	7.47098	7.23872
0.033475	7.79674	7.63971	7.48821	7.24977
0.034175	7.79407	7.67584	7.47933	7.28155
0.034875	7.78014	7.67336	7.44765	7.23039
0.035575	7.80716	7.6768	7.48855	7.23234
0.0362875	7.74106	7.62546	7.4457	7.19782
0.0369875	7.73607	7.63298	7.42808	7.22111
0.0377	7.79201	7.62865	7.47043	7.30011
0.0384125	7.69064	7.59998	7.42407	7.22925
0.0391375	7.73214	7.63968	7.42583	7.23776
0.03985	7.77253	7.5869	7.3907	7.26281
0.040575	7.73758	7.6225	7.42645	7.17554
0.0413	7.6956	7.64653	7.38024	7.19697
0.0420375	7.77474	7.6416	7.39935	7.20329
0.0427625	7.71041	7.65284	7.40821	7.123
0.0435	7.73092	7.61016	7.34695	7.23236
0.0442375	7.68461	7.57086	7.436	7.16972
0.044975	7.65878	7.56649	7.40104	7.15008
0.0457125	7.69326	7.58476	7.35443	7.16612
0.0464625	7.71529	7.57891	7.41353	7.18988
0.0472125	7.68431	7.58667	7.3781	7.18542
0.0479625	7.66274	7.55726	7.42852	7.15695
0.0487125	7.64161	7.61259	7.38987	7.1537
0.049475	7.60375	7.54269	7.36074	7.14982
0.050225	7.60929	7.65906	7.38837	7.13722
0.0509875	7.683	7.57633	7.37652	7.12029
0.0517625	7.68247	7.58	7.34858	7.16011
0.052525	7.64321	7.55002	7.32233	7.08528
0.0533	7.63943	7.56142	7.30989	7.08676
0.054075	7.61442	7.55141	7.35058	7.06441
0.05485	7.63862	7.5656	7.28988	7.1239
0.055625	7.59151	7.53237	7.37741	7.09459
0.0564125	7.56459	7.5128	7.32945	7.11248
0.0572	7.59743	7.50427	7.30756	7.07294
0.0579875	7.54749	7.57894	7.33397	7.11008
0.058775	7.58453	7.53266	7.3141	7.1019
0.059575	7.57515	7.55337	7.30137	7.09067
0.060375	7.58355	7.58032	7.33542	7.10557
0.061175	7.57275	7.56906	7.27612	7.13609
0.061975	7.61753	7.50201	7.36287	7.09386
0.0627875	7.60089	7.53406	7.30164	7.13419
0.0636	7.57435	7.50579	7.30807	7.02162
0.0644125	7.58578	7.52694	7.26722	7.0791
0.065225	7.53993	7.52368	7.27631	7.05155
0.0660375	7.60995	7.53305	7.28841	7.06382
0.0668625	7.57085	7.48623	7.29201	6.99613
0.0676875	7.60454	7.57817	7.35897	7.08648
0.068525	7.54	7.50391	7.28479	7.08537
0.06935	7.5478	7.51007	7.30407	7.0645
0.0701875	7.54743	7.49614	7.27632	7.02696
0.071025	7.59836	7.52376	7.28233	7.04482
0.0718625	7.59078	7.45991	7.27667	7.05785
0.0727125	7.53349	7.48086	7.24026	7.04155
0.0735625	7.52943	7.50733	7.28188	7.0305
0.0744125	7.54085	7.45121	7.25167	7.05468
0.0752625	7.54776	7.4226	7.26845	7.005
0.076125	7.51887	7.47098	7.23179	6.99069
0.0769875	7.51255	7.44487	7.24061	7.00095
0.07785	7.53211	7.48015	7.23236	7.00519
0.0787125	7.4738	7.47963	7.28253	7.01652
0.0795875	7.50211	7.41683	7.27028	6.99381
0.0804625	7.50853	7.43926	7.24153	6.99296
0.0813375	7.50252	7.44356	7.23679	6.9813
0.082225	7.47563	7.44734	7.22098	7.04752
0.0831	7.48639	7.46808	7.24466	6.99356
0.0839875	7.50915	7.45459	7.23138	7.02429
0.0848875	7.49549	7.39705	7.23685	6.96529
0.085775	7.50111	7.41094	7.21436	7.0447
0.086675	7.47505	7.44228	7.20232	6.98352
0.087575	7.46958	7.42202	7.21726	7.00402
0.088475	7.49457	7.37328	7.1807	6.99201
0.0893875	7.48573	7.42781	7.21004	7.03939
0.0903	7.48741	7.4316	7.22569	7.002
0.0912125	7.47925	7.38693	7.21019	6.98844
0.0921375	7.45267	7.35376	7.18771	6.91328
0.09305	7.43421	7.44097	7.22752	6.93942
0.0939875	7.43845	7.42476	7.137	6.98874
0.0949125	7.44026	7.36497	7.2027	6.95416
0.0958375	7.46494	7.3901	7.23091	6.94606
0.096775	7.4405	7.42836	7.20671	6.95344
0.097725	7.45319	7.39035	7.20381	6.97715
0.0986625	7.47609	7.3673	7.1756	6.96968
0.0996125	7.42493	7.43916	7.18144	6.96309
0.100562	7.41631	7.39798	7.1545	6.95274
0.101512	7.40771	7.37377	7.20386	6.96232
0.102475	7.42351	7.37553	7.15687	6.96116
0.103437	7.44593	7.31143	7.14231	6.95427
0.1044	7.4226	7.34734	7.13708	6.85202
0.105362	7.41165	7.38191	7.11447	6.9084
0.106338	7.41012	7.35542	7.14468	6.94978
0.107313	7.39815	7.32429	7.16257	6.96004
0.1083	7.45446	7.35414	7.13787	6.91359
0.109275	7.43183	7.33384	7.176	6.92851
0.110262	7.42037	7.41671	7.16652	6.95429
0.11125	7.42439	7.37493	7.11353	6.96308
0.11225	7.34453	7.30668	7.17021	6.95141
0.11325	7.35615	7.3565	7.17437	6.90424
0.11425	7.43442	7.32696	7.12605	6.91585
0.115263	7.42006	7.33058	7.13321	6.92408
0.116263	7.35023	7.3488	7.1314	6.89548
0.117288	7.40901	7.34544	7.11861	6.89806
0.1183	7.35885	7.33322	7.10512	6.96477
0.119325	7.38909	7.29573	7.09621	6.89126
0.12035	7.33232	7.32306	7.1218	6.88977
0.121375	7.37323	7.31771	7.08684	6.86965
0.122413	7.38012	7.31878	7.11262	6.91879
0.12345	7.34027	7.32521	7.12151	6.91587
0.124487	7.37221	7.35427	7.08082	6.89282
0.125537	7.37454	7.33677	7.08446	6.92237
0.126587	7.37852	7.30508	7.0749	6.89474
0.127638	7.35998	7.32213	7.14264	6.91036
0.128688	7.40779	7.33412	7.09432	6.88168
0.12975	7.36308	7.31001	7.12174	6.89757
0.130825	7.39159	7.28789	7.11104	6.89267
0.131887	7.35965	7.31524	7.10066	6.85115
0.132962	7.34568	7.30439	7.08433	6.85932
0.134037	7.35153	7.29177	7.06785	6.8655
0.135125	7.39783	7.32822	7.08513	6.84796
0.1362	7.3604	7.27818	7.06323	6.86072
0.1373	7.33343	7.27148	7.08466	6.87064
0.138388	7.36078	7.28719	7.05129	6.86774
0.139488	7.35604	7.31815	7.04587	6.86888
0.140587	7.3143	7.29407	7.03149	6.88298
0.1417	7.34517	7.26176	7.0773	6.8515
0.142813	7.39585	7.25379	7.10505	6.87128
0.143925	7.38899	7.28389	7.08987	6.85379
0.145038	7.28812	7.30103	7.05908	6.84679
0.146162	7.33515	7.29697	7.06115	6.83708
0.147288	7.31968	7.2586	7.04079	6.83633
0.148425	7.35088	7.26776	7.05772	6.81204
0.149562	7.31203	7.28556	7.06896	6.87939
0.1507	7.34242	7.27127	7.04886	6.83559
0.15185	7.28538	7.2829	7.05377	6.83873
0.153	7.28148	7.26915	7.06595	6.83302
0.15415	7.32138	7.25662	7.00274	6.80639
0.155312	7.33406	7.24563	7.0592	6.84079
0.156475	7.24832	7.24674	6.9893	6.83457
0.157638	7.29359	7.25113	7.03125	6.84217
0.158812	7.29593	7.24625	7.01535	6.84478
0.159987	7.31728	7.24962	7.04842	6.86847
0.161162	7.27762	7.25171	7.08312	6.79949
0.16235	7.27534	7.26451	7.0405	6.83404
0.163538	7.30882	7.20391	7.0345	6.82312
0.164737	7.30434	7.19939	7.04364	6.81867
0.165925	7.31214	7.25584	7.06472	6.83516
0.167138	7.30951	7.26588	7.05294	6.81455
0.168337	7.29539	7.25556	7.01798	6.78018
0.16955	7.30179	7.24437	7.01566	6.8151
0.170775	7.32094	7.23055	7.0228	6.82201
0.171988	7.3168	7.21029	7.02056	6.82753
0.173212	7.27057	7.2373	7.02753	6.81625
0.17445	7.28994	7.21749	7.03828	6.81122
0.175688	7.246	7.21505	7.05519	6.80698
0.176925	7.26198	7.21582	6.96486	6.76388
0.178175	7.29874	7.22341	6.9706	6.79679
0.179412	7.26226	7.23767	7.02187	6.8123
0.180675	7.2607	7.20689	6.97406	6.80499
0.181938	7.26703	7.19581	7.06031	6.81462
0.1832	7.27017	7.20594	7.02594	6.81358
0.184463	7.22457	7.21232	6.98342	6.81239
0.185738	7.24531	7.19752	6.97977	6.80417
0.187012	7.26539	7.23372	6.99738	6.80695
0.1883	7.2546	7.22157	6.97391	6.79938
0.189588	7.23891	7.21658	6.99141	6.78221
0.190875	7.27274	7.21989	6.98475	6.77183
0.192175	7.24223	7.23394	6.9827	6.76638
0.193487	7.2283	7.21405	7.00274	6.79693
0.194788	7.25213	7.23868	6.97694	6.75475
0.1961	7.26217	7.19409	6.92785	6.78137
0.197425	7.25576	7.1816	6.97167	6.74906
0.198738	7.25749	7.19936	6.96849	6.76142
0.200075	7.24086	7.21415	6.98901	6.77415
0.2014	7.20585	7.17073	6.98465	6.78844
0.202737	7.25858	7.20476	6.99213	6.79291
0.204087	7.2315	7.19591	6.98063	6.75999
0.205437	7.19716	7.19877	6.96996	6.75508
0.206787	7.23382	7.20231	6.95442	6.78789
0.20815	7.2425	7.18878	7.00868	6.72527
0.209513	7.24705	7.19244	6.96641	6.76944
0.210875	7.2325	7.14364	6.9663	6.74824
0.21225	7.25212	7.15834	6.99308	6.76121
0.213638	7.22078	7.14899	6.94755	6.77807
0.215013	7.24383	7.1526	6.95275	6.75965
0.2164	7.22255	7.12733	6.93458	6.74283
0.2178	7.22335	7.16843	6.97353	6.78464
0.2192	7.19271	7.16126	6.96032	6.73383
0.220612	7.20583	7.14617	6.91342	6.73693
0.222013	7.246	7.15574	6.96939	6.7706
0.223438	7.21318	7.15785	6.91686	6.70521
0.224863	7.2352	7.1518	6.93618	6.73965
0.226287	7.20359	7.16561	6.95229	6.76641
0.227712	7.1975	7.16156	6.93744	6.73707
0.22915	7.18377	7.1703	6.91404	6.71601
0.2306	7.2281	7.13607	6.93941	6.71066
0.23205	7.20299	7.16417	6.94902	6.70793
0.2335	7.19955	7.14697	6.93768	6.73344
0.234962	7.18535	7.19305	6.93395	6.7178
0.236425	7.21421	7.14979	6.90589	6.71655
0.2379	7.22799	7.13196	6.92886	6.74785
0.239375	7.22749	7.14006	6.92614	6.7246
0.240863	7.18657	7.13904	6.90009	6.72049
0.24235	7.20901	7.18248	6.93979	6.72377
0.243838	7.21235	7.14647	6.92644	6.74271
0.245338	7.21941	7.13992	6.92344	6.70547
0.24685	7.18454	7.12064	6.90828	6.72984
0.248362	7.17365	7.10553	6.95442	6.71184
0.249875	7.19943	7.14865	6.91131	6.71573
0.2514	7.19211	7.15335	6.93327	6.72669
0.252925	7.16082	7.14516	6.90916	6.73864
0.254463	7.20654	7.1291	6.92304	6.76171
0.256	7.18579	7.13542	6.88417	6.71052
0.25755	7.18083	7.10793	6.90226	6.69109
0.2591	7.19287	7.12098	6.90502	6.68556
0.26065	7.18391	7.11701	6.89637	6.69011
0.262225	7.18504	7.11917	6.90202	6.71672
0.263788	7.16731	7.12707	6.93413	6.70266
0.265363	7.17204	7.13611	6.90621	6.73584
0.26695	7.19319	7.11671	6.9423	6.7026
0.268537	7.15385	7.09151	6.90771	6.71373
0.270125	7.12959	7.1223	6.89187	6.66281
0.271725	7.15693	7.1226	6.89654	6.72875
0.273338	7.17234	7.10351	6.90732	6.70475
0.27495	7.14644	7.09068	6.90188	6.68797
0.276563	7.13348	7.09445	6.93983	6.67983
0.278188	7.16277	7.10714	6.90661	6.68676
0.279813	7.14166	7.10242	6.88627	6.67831
0.28145	7.15197	7.10684	6.86876	6.67293
0.2831	7.14482	7.10183	6.89294	6.71074
0.28475	7.15383	7.09587	6.89011	6.66358
0.2864	7.14739	7.09192	6.88348	6.68412
0.288063	7.15106	7.09717	6.90266	6.6625
0.289725	7.16844	7.10653	6.90535	6.6963
0.2914	7.13636	7.12556	6.87536	6.66464
0.293088	7.14338	7.0694	6.89573	6.67869
0.294775	7.18504	7.11094	6.85316	6.68148
0.296463	7.13735	7.07752	6.85538	6.64957
0.298162	7.14897	7.0769	6.8684	6.68069
0.299875	7.16345	7.10551	6.87468	6.66719
0.301587	7.14092	7.09351	6.88802	6.63609
0.3033	7.12948	7.05419	6.87919	6.6742
0.305037	7.13439	7.08071	6.87426	6.65481
0.306762	7.13561	7.08402	6.86576	6.66356
0.3085	7.14144	7.07666	6.88121	6.6354
0.31025	7.14652	7.10878	6.88791	6.6658
0.312	7.09947	7.07401	6.87892	6.66864
0.313762	7.13112	7.07071	6.8612	6.67328
0.315525	7.14257	7.08771	6.89232	6.69166
0.3173	7.1327	7.04866	6.85573	6.66711
0.319075	7.12296	7.0762	6.88674	6.65059
0.320863	7.13449	7.05885	6.84063	6.64223
0.322663	7.15002	7.08353	6.83433	6.66692
0.324463	7.13415	7.07096	6.83202	6.64217
0.326263	7.13367	7.07444	6.85726	6.64771
0.328075	7.11998	7.09043	6.8634	6.6499
0.3299	7.11524	7.07844	6.8516	6.63493
0.331725	7.13032	7.07762	6.85996	6.62707
0.333562	7.09165	7.03151	6.8367	6.65294
0.3354	7.12482	7.08155	6.85884	6.66418
0.33725	7.10988	7.05374	6.83867	6.59418
0.3391	7.12576	7.04791	6.83616	6.6387
0.340962	7.11625	7.05104	6.85146	6.66638
0.342838	7.10681	7.07753	6.83948	6.61758
0.344712	7.12227	7.05903	6.86228	6.63075
0.3466	7.10839	7.06069	6.86102	6.63461
0.348487	7.10783	7.05418	6.8717	6.60466
0.350388	7.09109	7.03997	6.82156	6.62019
0.352288	7.12944	7.06993	6.85842	6.61353
0.3542	7.09338	7.03157	6.83381	6.62551
0.356125	7.08699	7.0626	6.83649	6.60274
0.35805	7.0984	7.06941	6.82793	6.61782
0.359987	7.10329	7.05913	6.85211	6.61112
0.361925	7.11288	7.04314	6.84391	6.59888
0.363875	7.10636	7.04853	6.83391	6.63655
0.365838	7.07754	7.04284	6.8385	6.64163
0.3678	7.08522	7.04666	6.84424	6.58827
0.369763	7.0959	7.04403	6.8201	6.60041
0.37175	7.09265	7.05496	6.8292	6.61637
0.373738	7.08404	7.04757	6.81443	6.62496
0.375725	7.08589	7.01605	6.87491	6.60011
0.377725	7.10059	7.03071	6.83189	6.63839
0.379737	7.08288	7.04442	6.81734	6.62655
0.381763	7.09745	7.03649	6.81816	6.62111
0.383775	7.09304	7.03289	6.79857	6.62123
0.385812	7.06751	7.05713	6.80569	6.61471
0.38785	7.09003	7.05957	6.83717	6.63425
0.3899	7.06247	7.03465	6.80524	6.62716
0.391962	7.07701	6.99979	6.7997	6.63456
0.394025	7.0773	7.01828	6.77642	6.61635
0.396087	7.06311	7.04301	6.84065	6.62317
0.398175	7.07553	7.05649	6.80545	6.62889
0.400263	7.07634	7.0101	6.83622	6.60386
0.40235	7.04436	7.02755	6.80168	6.59664
0.404462	7.08443	7.042	6.78849	6.59155
0.406575	7.08807	7.02158	6.82405	6.576
0.408688	7.05186	7.03631	6.80153	6.60112
0.410812	7.06276	7.03606	6.81662	6.6033
0.41295	7.0536	7.0316	6.80942	6.61521
0.4151	7.07655	7.02311	6.81194	6.5894
0.41725	7.06801	6.98919	6.80074	6.5972
0.4194	7.04963	7.00619	6.80528	6.59912
0.421575	7.07647	7.00967	6.8292	6.61446
0.42375	7.09743	6.99948	6.8021	6.61369
0.425938	7.08118	7.01849	6.78569	6.61042
0.428125	7.04348	7.00347	6.79766	6.59581
0.430325	7.07822	7.03232	6.80919	6.58684
0.432537	7.08854	7.01728	6.78927	6.58764
0.434763	7.0602	7.02951	6.81493	6.59094
0.436987	7.05525	7.03581	6.83631	6.61383
0.439225	7.07644	7.0272	6.82268	6.60101
0.441462	7.0368	7.0098	6.82696	6.60326
0.443713	7.06208	6.99267	6.80802	6.54966
0.445975	7.03178	7.00602	6.81585	6.58587
0.44825	7.04885	6.9868	6.80655	6.60508
0.450525	7.0646	6.98316	6.78518	6.60679
0.452812	7.09177	7.01163	6.79293	6.60643
0.4551	7.05377	7.00384	6.82614	6.59025
0.457413	7.0665	6.99723	6.78019	6.5949
0.459725	7.03461	6.98824	6.80413	6.58662
0.462038	7.06264	7.01486	6.7825	6.58417
0.464375	7.04318	6.95525	6.78644	6.56474
0.466713	7.07615	6.99566	6.81565	6.56847
0.469063	7.07267	7.02147	6.79789	6.56986
0.471413	7.06358	6.99738	6.80037	6.59028
0.473787	7.05014	7.00155	6.7578	6.58671
0.476162	7.05496	6.99041	6.77978	6.58927
0.478537	7.03413	6.99834	6.75925	6.57847
0.480938	7.04293	6.97591	6.78923	6.5558
0.483337	7.0538	6.99297	6.79323	6.58264
0.48575	7.04479	6.9877	6.79374	6.58137
0.488175	7.06435	6.9891	6.77146	6.57187
0.4906	7.03784	6.99269	6.76568	6.5678
0.493037	7.04724	6.98401	6.75203	6.57867
0.495488	7.05042	6.9811	6.76915	6.58914
0.49795	7.06197	6.9811	6.7951	6.5726
0.500413	7.03143	6.99992	6.7691	6.57415
0.502887	7.04982	6.99572	6.77066	6.56958
0.505375	7.05008	6.98799	6.78522	6.59101
0.507875	7.051	6.95831	6.78556	6.55825
0.510375	7.03817	6.97116	6.80084	6.57072
0.512887	7.06963	7.00406	6.76682	6.56563
0.515413	7.04568	6.98709	6.75921	6.57518
0.51795	7.05898	6.98104	6.76212	6.57465
0.520487	7.02961	6.99101	6.79022	6.56778
0.52305	7.03267	6.97429	6.77159	6.58035
0.525612	7.01633	7.00882	6.7656	6.54364
0.528175	7.03655	6.98696	6.80537	6.57867
0.530762	7.02061	6.99789	6.77993	6.53918
0.53335	7.05564	6.97603	6.7596	6.59675
0.535963	7.01011	6.99411	6.76558	6.56141
0.538575	7.02376	6.9783	6.76845	6.57833
0.541188	7.03522	6.99025	6.75993	6.57521
0.543825	7.02485	6.95065	6.75752	6.54523
0.546462	7.0334	6.98157	6.7791	6.55517
0.549112	7.04045	6.98252	6.77765	6.57334
0.551775	7.04911	6.98771	6.7736	6.56429
0.55445	7.01942	6.98702	6.77768	6.56747
0.557137	7.02563	6.96455	6.75881	6.56128
0.559825	7.05384	6.98364	6.75572	6.54658
0.562525	7.01608	6.97922	6.7701	6.56869
0.565238	7.01113	7.00204	6.75953	6.5573
0.567963	7.04362	6.98356	6.76212	6.5629
0.5707	7.01549	6.99417	6.74684	6.56069
0.573438	7.03075	6.96829	6.73967	6.54359
0.5762	7.02749	6.95322	6.75541	6.5534
0.578963	7.00986	6.96938	6.76295	6.55286
0.581738	7.05404	6.97365	6.76327	6.55634
0.584525	7.02765	6.99234	6.76716	6.5471
0.587325	7.04141	6.99092	6.77383	6.51992
0.590125	7.01175	6.97923	6.74503	6.51178
0.59295	7.03671	6.9729	6.75631	6.55332
0.595775	7.0239	6.93909	6.76936	6.55606
0.598612	7.03413	6.94373	6.75843	6.54775
0.601462	7.02179	6.96577	6.75454	6.53137
0.604325	7.0223	6.97661	6.76248	6.5449
0.6072	7.01503	6.96463	6.73223	6.58087
0.610088	7.02558	6.95856	6.76512	6.55087
0.612975	7.01498	6.97031	6.75521	6.55727
0.615888	7.03917	6.98017	6.75907	6.55822
0.6188	7.01531	6.93283	6.74786	6.56861
0.621725	7.01309	6.98719	6.77055	6.5316
0.624663	7.01764	6.97311	6.74122	6.54708
0.627612	7.01079	6.98721	6.74474	6.54976
0.630575	6.98856	6.97897	6.75525	6.53587
0.63355	7.01564	6.97237	6.75254	6.5547
0.636525	7.01162	6.92356	6.75961	6.5542
0.639525	7.02556	6.95927	6.76017	6.54436
0.642537	7.05591	6.9704	6.74617	6.54677
0.64555	7.01186	6.96286	6.72894	6.54474
0.648575	7.02204	6.93784	6.73278	6.53129
0.651625	7.00267	6.95781	6.76017	6.52757
0.654675	7.00321	6.9561	6.7538	6.53626
0.657737	6.99994	6.97126	6.76033	6.5234
0.660812	6.99239	6.96567	6.74658	6.53747
0.6639	6.99898	6.93509	6.7491	6.53606
0.667	7.01948	6.95818	6.73576	6.55561
0.670112	7.0158	6.96122	6.74698	6.55027
0.673238	6.97207	6.94521	6.75623	6.52843
0.676363	6.98747	6.96489	6.74137	6.54714
0.679513	7.00134	6.94625	6.71253	6.53359
0.682675	7.0046	6.95162	6.74186	6.55428
0.685838	6.98757	6.97323	6.72587	6.52582
0.689025	6.99741	6.96854	6.74252	6.55071
0.692225	7.02074	6.95515	6.75777	6.55354
0.695425	6.99974	6.94798	6.74085	6.53332
0.69865	6.97577	6.96093	6.7482	6.56091
0.701875	6.99975	6.94052	6.74513	6.54422
0.705125	7.01675	6.93311	6.72548	6.55334
0.708375	6.98254	6.97499	6.75173	6.54515
0.71165	7.007	6.95327	6.7316	6.52962
0.714925	7.00162	6.9547	6.75639	6.5116
0.718225	6.99998	6.96924	6.73666	6.52909
0.721525	7.00409	6.94205	6.73231	6.52812
0.724837	7.01636	6.94881	6.72481	6.53471
0.728175	7.02433	6.93209	6.74671	6.51308
0.731512	7.00618	6.93441	6.7227	6.52638
0.734875	7.01714	6.95464	6.75113	6.52793
0.73825	7.00275	6.94507	6.7326	6.55193
0.741625	6.99927	6.91985	6.71885	6.5281
0.745025	7.00715	6.93831	6.73826	6.52705
0.748425	7.00721	6.93022	6.74863	6.51811
0.75185	6.99716	6.94594	6.73673	6.53879
0.755288	6.98624	6.93518	6.72857	6.52642
0.758725	7.00213	6.93847	6.73637	6.53911
0.762187	6.98329	6.95279	6.73257	6.53617
0.765662	6.99914	6.93992	6.77105	6.53502
0.76915	6.99573	6.95604	6.7376	6.52534
0.77265	7.00502	6.94235	6.73545	6.5328
0.776163	6.99577	6.92858	6.74055	6.52951
0.779688	6.99761	6.92607	6.7332	6.52055
0.783225	6.99714	6.93811	6.74533	6.51334
0.786788	6.98432	6.94705	6.73006	6.52749
0.79035	6.99274	6.91114	6.72091	6.53018
0.793938	6.99557	6.93446	6.73848	6.55027
0.797525	6.97922	6.92899	6.73777	6.5362
0.801138	6.98935	6.94622	6.73414	6.53458
0.80475	6.98632	6.91863	6.73654	6.52948
0.808388	7.00474	6.95328	6.73025	6.55184
0.812038	7.00881	6.92778	6.73457	6.53087
0.8157	6.98273	6.95231	6.73754	6.51446
0.819375	6.98661	6.94271	6.71253	6.53843
0.823075	6.9821	6.93612	6.72975	6.51433
0.826775	6.99188	6.94805	6.71535	6.53659
0.8305	6.98092	6.94012	6.72771	6.51443
0.834225	6.98273	6.9355	6.73306	6.53883
0.837975	6.99186	6.91777	6.74365	6.51663
0.841738	6.98185	6.94235	6.71959	6.55333
0.845513	6.9836	6.95411	6.7272	6.50023
0.8493	7.00858	6.91996	6.70987	6.50242
0.853113	6.99822	6.94024	6.7219	6.53415
0.856925	6.98952	6.95617	6.72193	6.52203
0.860762	6.98942	6.95182	6.73211	6.52481
0.864613	6.98934	6.92684	6.71968	6.51378
0.868475	6.98605	6.95808	6.71255	6.51947
0.87235	6.98012	6.907	6.72381	6.52621
0.87625	6.98051	6.9278	6.72192	6.51096
0.88015	6.98833	6.96319	6.7213	6.51781
0.884075	6.98336	6.94958	6.69672	6.49761
0.888013	6.98231	6.93249	6.72877	6.51292
0.891963	6.9797	6.93467	6.73548	6.52512
0.895938	6.98996	6.92176	6.72487	6.54792
0.899912	6.96412	6.94192	6.73443	6.49656
0.903912	6.97791	6.93262	6.72006	6.49679
0.907925	6.98395	6.92185	6.74349	6.51865
0.91195	6.9911	6.91414	6.71315	6.51428
0.916	7.00336	6.92241	6.71443	6.50518
0.920062	6.96718	6.93736	6.71436	6.54089
0.924137	6.99158	6.93632	6.71376	6.50643
0.928225	6.98338	6.92334	6.73312	6.51769
0.932325	6.97683	6.92571	6.7298	6.50958
0.93645	6.98822	6.93313	6.71283	6.51299
0.940588	6.98063	6.93656	6.71785	6.51293
0.944737	7.0024	6.9505	6.71396	6.52968
0.948913	6.97182	6.93576	6.71765	6.52363
0.953088	7.00144	6.92368	6.70232	6.49677
0.957287	6.99371	6.93696	6.71115	6.5106
0.961513	6.98952	6.91431	6.72995	6.53365
0.965738	6.98153	6.91579	6.71216	6.49832
0.969988	6.99826	6.92762	6.7374	6.52929
0.97425	6.98976	6.94353	6.70956	6.50727
0.978537	6.99789	6.94736	6.72336	6.51246
0.982837	6.96524	6.93521	6.71763	6.51387
0.98715	6.97034	6.92588	6.73141	6.5139
0.991475	6.99071	6.92824	6.7035	6.50554
0.995825	7.00473	6.9413	6.72099	6.51118
1.00019	6.98335	6.93447	6.71413	6.52769
1.00456	6.98024	6.92968	6.7149	6.52686
1.00896	6.96778	6.93668	6.72001	6.49852
1.01338	6.96921	6.91696	6.72215	6.52278
1.0178	6.97576	6.94979	6.71878	6.51038
1.02225	6.95127	6.92911	6.70447	6.5105
1.02671	6.98208	6.93208	6.74105	6.51776
1.03119	6.96053	6.95007	6.71837	6.52682
1.03569	6.97753	6.93553	6.71916	6.51648
1.0402	6.96714	6.92604	6.71768	6.50662
1.04474	6.9838	6.91479	6.71243	6.50791
1.04929	6.99783	6.92762	6.70512	6.50939
1.05385	6.99195	6.92943	6.71561	6.51493
1.05844	6.97503	6.92891	6.71188	6.51874
1.06304	6.97858	6.94438	6.70622	6.52236
1.06766	6.99416	6.9242	6.70364	6.49702
1.07229	6.98212	6.92606	6.73014	6.50261
1.07695	6.97785	6.91005	6.72523	6.49985
1.08162	6.9736	6.94681	6.71843	6.49887
1.08631	6.98276	6.92414	6.72815	6.50659
1.09101	6.9744	6.93437	6.71891	6.51704
1.09574	6.96848	6.91884	6.70717	6.50418
1.10049	6.9668	6.93613	6.69947	6.52737
1.10525	6.96517	6.9375	6.71629	6.51422
1.11003	6.97769	6.92432	6.72487	6.51884
1.11483	6.98258	6.93524	6.71291	6.51867
1.11964	6.96951	6.92671	6.7054	6.52365
1.12448	6.96915	6.93152	6.71526	6.49916
1.12933	6.98379	6.94456	6.69841	6.49432
1.1342	6.99042	6.92728	6.73983	6.51143
1.13909	6.97676	6.91986	6.72492	6.50965
1.144	6.96847	6.93945	6.70745	6.51976
1.14892	6.97438	6.94039	6.70997	6.51218
1.15387	6.98674	6.91154	6.70606	6.50551
1.15884	6.97924	6.93103	6.70997	6.48694
1.16381	6.9907	6.91673	6.70081	6.52342
1.16883	6.96641	6.92145	6.72178	6.51287
1.17384	6.97074	6.93281	6.71444	6.50419
1.17889	6.9784	6.91603	6.71464	6.50979
1.18394	6.97833	6.91612	6.68582	6.51073
1.18903	6.97969	6.92025	6.69689	6.49571
1.19413	6.95804	6.92722	6.72537	6.50755
1.19924	6.97722	6.9056	6.71345	6.51487
1.20438	6.9792	6.93202	6.71415	6.52327
1.20954	6.96856	6.93425	6.71442	6.51059
1.21471	6.95761	6.9409	6.71265	6.50439
1.21991	6.97321	6.92299	6.72531	6.5187
1.22512	6.97786	6.91629	6.71456	6.49658
1.23036	6.97227	6.92729	6.71791	6.52198
1.23561	6.98886	6.93475	6.7119	6.50893
1.24089	6.95036	6.94152	6.70706	6.49943
1.24619	6.96674	6.9224	6.71202	6.5177
1.2515	6.98128	6.93364	6.71928	6.50993
1.25684	6.97173	6.93576	6.73055	6.49807
1.2622	6.97931	6.92602	6.71902	6.49622
1.26758	6.97012	6.91899	6.71169	6.51986
1.27297	6.97371	6.92298	6.71384	6.5043
1.27839	6.97477	6.93125	6.70941	6.51089
1.28383	6.97194	6.91655	6.69345	6.51321
1.28929	6.95838	6.92578	6.70495	6.50625
1.29476	6.98449	6.9524	6.70695	6.50808
1.30027	6.96653	6.92657	6.70381	6.52172
1.30579	6.97906	6.92392	6.70469	6.49712
1.31134	6.96732	6.91214	6.71066	6.50541
1.3169	6.98324	6.92842	6.71294	6.51992
1.32249	6.98934	6.91672	6.71786	6.50816
1.32809	6.97465	6.91524	6.71191	6.50132
1.33372	6.96996	6.92511	6.7167	6.50356
1.33938	6.97349	6.92474	6.7047	6.52477
1.34504	6.97303	6.93718	6.71523	6.49699
1.35074	6.98978	6.91448	6.69696	6.51333
1.35645	6.97494	6.91753	6.71204	6.4981
1.36219	6.96484	6.92722	6.71771	6.52602
1.36794	6.9794	6.92813	6.71579	6.51063
1.37373	6.98055	6.9202	6.73213	6.49878
1.37952	6.97766	6.92276	6.71846	6.49753
1.38535	6.97401	6.92827	6.69749	6.49336
1.39119	6.98877	6.91751	6.70514	6.51787
1.39706	6.96577	6.93047	6.71435	6.49835
1.40295	6.96925	6.923	6.69196	6.49754
1.40886	6.97777	6.91927	6.7182	6.48518
1.4148	6.95633	6.92412	6.71198	6.48991
1.42076	6.98845	6.91534	6.70604	6.51487
1.42674	6.98687	6.91177	6.69871	6.49323
1.43274	6.97189	6.92106	6.71348	6.50552
1.43877	6.9607	6.93126	6.71353	6.49906
1.44483	6.96147	6.9242	6.71844	6.51498
1.45089	6.96969	6.92929	6.71838	6.49589
1.45699	6.96597	6.9265	6.70832	6.5031
1.46311	6.97969	6.90418	6.7213	6.48947
1.46925	6.98369	6.91446	6.69421	6.5133
1.47541	6.96706	6.92369	6.69965	6.50886
1.4816	6.97916	6.92331	6.70929	6.49953
1.48781	6.97516	6.9136	6.69713	6.49491
1.49405	6.98408	6.92327	6.71048	6.50443
1.50031	6.99028	6.92088	6.70866	6.5037
1.5066	6.97812	6.92076	6.70651	6.52611
1.5129	6.99069	6.93883	6.71261	6.49577
1.51924	6.96725	6.9261	6.72093	6.50118
1.52559	6.98532	6.91749	6.70852	6.5085
1.53198	6.96675	6.92267	6.71048	6.51398
1.53838	6.97003	6.92459	6.72266	6.49394
1.5448	6.96523	6.92264	6.70923	6.50314
1.55126	6.97311	6.92204	6.71196	6.49842
1.55774	6.9723	6.92139	6.6957	6.50369
1.56424	6.96269	6.93229	6.70737	6.49623
1.57076	6.97367	6.91947	6.70121	6.50968
1.57731	6.96902	6.90067	6.70886	6.51486
1.5839	6.97716	6.9016	6.71204	6.50736
1.5905	6.96147	6.93291	6.72935	6.51984
1.59713	6.97535	6.92024	6.70735	6.50764
1.60378	6.9782	6.93602	6.71246	6.49477
1.61045	6.97306	6.91946	6.71759	6.49971
1.61716	6.95958	6.90439	6.70146	6.50675
1.62389	6.96966	6.92813	6.70017	6.50448
1.63064	6.97291	6.91967	6.6989	6.49512
1.63742	6.97003	6.9357	6.70957	6.49136
1.64423	6.98939	6.91165	6.72626	6.50878
1.65106	6.98005	6.9302	6.7166	6.50116
1.65791	6.96811	6.92194	6.70366	6.51298
1.6648	6.95295	6.92463	6.70981	6.51404
1.67171	6.94317	6.93009	6.7067	6.51102
1.67865	6.97857	6.93354	6.70404	6.50245
1.68561	6.9825	6.92332	6.70906	6.50539
1.6926	6.96898	6.92206	6.70941	6.51201
1.69961	6.97705	6.90103	6.70086	6.50315
1.70666	6.96889	6.91868	6.71068	6.49993
1.71372	6.95393	6.92809	6.71076	6.50459
1.72082	6.96531	6.92197	6.70084	6.51188
1.72795	6.98107	6.91893	6.7156	6.49671
1.7351	6.97931	6.91453	6.71857	6.5125
1.74227	6.9742	6.93025	6.71128	6.50735
1.74949	6.96549	6.92958	6.70387	6.50795
1.75671	6.97449	6.91994	6.71594	6.49001
1.76398	6.98279	6.92986	6.71288	6.52394
1.77126	6.97716	6.91268	6.71076	6.48687
1.77857	6.95269	6.92103	6.72094	6.49456
1.78593	6.96098	6.92434	6.70334	6.50492
1.79329	6.95928	6.92046	6.69797	6.5099
1.80069	6.97944	6.92127	6.70804	6.49905
1.80813	6.97611	6.91012	6.72437	6.5009
1.81558	6.97474	6.92411	6.70254	6.49969
1.82306	6.95899	6.91307	6.69694	6.49643
1.83057	6.97614	6.91086	6.70211	6.50239
1.83811	6.96728	6.91277	6.69712	6.50279
1.84569	6.9524	6.92477	6.69993	6.51606
1.85329	6.97402	6.91591	6.71745	6.50905
1.86091	6.96467	6.92993	6.70097	6.48638
1.86856	6.9675	6.92253	6.70404	6.49427
1.87625	6.97381	6.90978	6.70988	6.49848
1.88398	6.97494	6.92476	6.71714	6.50411
1.89171	6.96093	6.9146	6.7195	6.49659
1.89949	6.97748	6.91494	6.71198	6.48706
1.90729	6.98043	6.92753	6.715	6.50856
1.91513	6.97075	6.90305	6.71128	6.50073
1.92299	6.96482	6.91759	6.71677	6.49439
1.93089	6.97446	6.91845	6.70491	6.51334
1.9388	6.97351	6.90243	6.71597	6.51108
1.94676	6.97057	6.90219	6.70979	6.48788
1.95474	6.96489	6.92107	6.70372	6.50446
1.96276	6.96057	6.93493	6.70069	6.51187
1.9708	6.97776	6.91704	6.68783	6.49999
1.97888	6.98005	6.92014	6.69645	6.50223
1.98699	6.96233	6.91763	6.71218	6.50955
1.99513	6.96751	6.924	6.70097	6.50929
2.00329	6.95944	6.90821	6.7081	6.50314
2.01149	6.96806	6.91496	6.70285	6.49639
2.01971	6.97263	6.92595	6.71652	6.48853
2.02798	6.98262	6.89857	6.70034	6.49634
2.03627	6.98124	6.91694	6.70166	6.5038
2.0446	6.96881	6.91979	6.71549	6.48711
2.05295	6.97805	6.91599	6.71278	6.51258
2.06134	6.97509	6.92389	6.70515	6.50302
2.06976	6.98801	6.90928	6.712	6.49691
2.07821	6.96711	6.90751	6.70738	6.49096
2.0867	6.96315	6.9154	6.7043	6.50317
2.09521	6.96454	6.92019	6.7133	6.49588
2.10376	6.96082	6.92107	6.69343	6.49801
2.11235	6.96679	6.92295	6.71747	6.49099
2.12096	6.97655	6.91563	6.7022	6.49627
2.12961	6.98559	6.90795	6.70907	6.48997
2.13829	6.97344	6.91344	6.70112	6.50206
2.147	6.96215	6.90793	6.70756	6.50538
2.15575	6.97933	6.92682	6.70439	6.49035
2.16453	6.97718	6.9233	6.70476	6.49041
2.17334	6.97183	6.9206	6.71576	6.49034
2.18219	6.97553	6.91183	6.70221	6.49923
2.19106	6.96543	6.91557	6.69745	6.50108
2.19998	6.96767	6.91277	6.69936	6.48496
2.20893	6.97368	6.92199	6.70976	6.50778
2.21791	6.96931	6.92232	6.70916	6.4885
2.22692	6.963	6.91607	6.70308	6.51117
2.23598	6.9728	6.91463	6.70346	6.50589
2.24506	6.96154	6.9131	6.71364	6.49169
2.25419	6.97243	6.91535	6.70344	6.48489
2.26334	6.96589	6.92953	6.70492	6.48994
2.27253	6.96969	6.92034	6.70837	6.49367
2.28175	6.97179	6.91792	6.71035	6.50555
2.29101	6.9582	6.92793	6.70573	6.50509
2.3003	6.97497	6.91371	6.70059	6.50535
2.30964	6.9899	6.91887	6.70948	6.50074
2.319	6.9602	6.9192	6.70453	6.4971
2.3284	6.97198	6.92434	6.70736	6.4862
2.33784	6.97538	6.9317	6.69883	6.49425
2.34731	6.97448	6.9172	6.70008	6.49365
2.35681	6.97631	6.92384	6.7124	6.50323
2.36636	6.981	6.92124	6.70673	6.50715
2.37595	6.96573	6.92262	6.70613	6.50866
2.38556	6.97238	6.91164	6.70782	6.48943
2.39521	6.95116	6.92247	6.71438	6.49829
2.40491	6.97383	6.89896	6.7102	6.48378
2.41464	6.97101	6.91816	6.7072	6.49855
2.4244	6.96996	6.92346	6.70827	6.50678
2.4342	6.94899	6.91563	6.71727	6.50337
2.44405	6.96334	6.91907	6.71021	6.49434
2.45392	6.98188	6.91399	6.70765	6.49983
2.46384	6.97574	6.91978	6.70916	6.50288
2.47379	6.95737	6.92266	6.71455	6.49792
2.48377	6.97093	6.91026	6.71451	6.50515
2.49381	6.98369	6.91609	6.70745	6.495
2.50388	6.97195	6.90339	6.71786	6.48939
2.51397	6.96971	6.92118	6.72431	6.49446
2.52413	6.9681	6.90576	6.70908	6.49841
2.53431	6.95237	6.91008	6.71153	6.50353
2.54452	6.97358	6.9039	6.70001	6.51382
2.55479	6.97751	6.9089	6.70883	6.50058
2.56509	6.96443	6.91389	6.7046	6.50242
2.57542	6.97336	6.90923	6.70004	6.49931
2.5858	6.97485	6.92058	6.71606	6.49232
2.59623	6.96925	6.92644	6.71276	6.50089
2.60667	6.9583	6.91135	6.70945	6.4837
2.61718	6.96077	6.90568	6.70213	6.49847
2.62771	6.96704	6.91211	6.71215	6.48427
2.63829	6.96712	6.90152	6.70673	6.49733
2.6489	6.9747	6.90964	6.70689	6.51255
2.65956	6.95813	6.90499	6.7138	6.50701
2.67026	6.96482	6.91249	6.71149	6.50465
2.681	6.96444	6.9035	6.71236	6.50762
2.69178	6.96967	6.91969	6.71005	6.50799
2.7026	6.96684	6.91729	6.70572	6.49482
2.71346	6.98201	6.918	6.70741	6.50699
2.72436	6.97325	6.91304	6.70094	6.50323
2.73531	6.96517	6.91833	6.70704	6.50837
2.74629	6.97206	6.922	6.72258	6.49949
2.75732	6.97675	6.90746	6.70879	6.49299
2.76839	6.95559	6.92452	6.71913	6.51466
2.7795	6.96383	6.91619	6.6976	6.50634
2.79066	6.9626	6.92104	6.70813	6.49943
2.80185	6.97253	6.92096	6.71966	6.50347
2.8131	6.96578	6.9164	6.70224	6.50659
2.82437	6.97311	6.91263	6.7028	6.49976
2.8357	6.96415	6.91616	6.69652	6.51008
2.84707	6.96524	6.90799	6.7067	6.50421
2.85849	6.96444	6.9131	6.71101	6.5096
2.86994	6.97144	6.9311	6.71332	6.51023
2.88144	6.97691	6.92286	6.70694	6.51004
2.89298	6.96299	6.91909	6.71461	6.50979
2.90456	6.9765	6.92191	6.70866	6.49856
2.9162	6.97971	6.91123	6.71411	6.4925
2.92788	6.95992	6.92416	6.71101	6.49741
2.93959	6.97081	6.91906	6.70536	6.51481
2.95136	6.95985	6.92107	6.70718	6.50244
2.96316	6.97663	6.91222	6.70443	6.50596
2.97502	6.95988	6.91869	6.699	6.50078
2.98691	6.96963	6.90955	6.70185	6.50482
2.99886	6.96482	6.91049	6.70889	6.50812
3.01085	6.96308	6.9177	6.71504	6.49944
3.02289	6.96916	6.91723	6.71458	6.51063
3.03498	6.97114	6.91275	6.72056	6.49837
3.0471	6.97924	6.91849	6.70788	6.50038
3.05927	6.95381	6.91642	6.70242	6.48794
3.07149	6.96923	6.90304	6.71111	6.51971
3.08376	6.97282	6.92061	6.7036	6.51817
3.09608	6.96716	6.92187	6.70944	6.49673
3.10842	6.97974	6.9209	6.69831	6.51343
3.12084	6.96733	6.91807	6.70169	6.50429
3.13329	6.97765	6.92557	6.71116	6.51071
3.14579	6.96258	6.91814	6.71006	6.49997
3.15834	6.96111	6.91562	6.70424	6.50543
3.17094	6.96827	6.91272	6.71338	6.4938
3.18359	6.96017	6.91136	6.70942	6.49297
3.19627	6.95634	6.92095	6.71194	6.50562
3.20902	6.96933	6.91637	6.71824	6.49446
3.22181	6.9693	6.92138	6.71374	6.51386
3.23465	6.95986	6.9104	6.69914	6.50544
3.24754	6.96773	6.91588	6.71152	6.5051
3.26047	6.96391	6.92687	6.70151	6.49494
3.27346	6.96391	6.91323	6.70837	6.50027
3.2865	6.969	6.92371	6.71686	6.51268
3.29958	6.97523	6.91245	6.71358	6.4971
3.31271	6.97881	6.91713	6.69984	6.51157
3.3259	6.97388	6.90747	6.71214	6.49462
3.33914	6.96509	6.92345	6.70455	6.51858
3.35243	6.96798	6.91472	6.70105	6.50035
3.36575	6.96208	6.92041	6.70544	6.508
3.37914	6.96026	6.92403	6.70165	6.51287
3.39258	6.97086	6.90644	6.71058	6.50765
3.40608	6.96583	6.92454	6.70941	6.49754
3.41961	6.96336	6.90926	6.70495	6.49615
3.4332	6.96877	6.91779	6.71777	6.51112
3.44685	6.95182	6.91138	6.7104	6.49546
3.46054	6.96282	6.9234	6.70271	6.49408
3.47429	6.97253	6.9102	6.71909	6.50704
3.48809	6.96894	6.92389	6.69922	6.5049
3.50194	6.97932	6.91665	6.71346	6.49624
3.51585	6.96737	6.92091	6.70911	6.50336
3.5298	6.96908	6.92166	6.70573	6.50664
3.54381	6.97852	6.92438	6.71272	6.5016
3.55789	6.97047	6.93025	6.70613	6.50287
3.572	6.97025	6.91351	6.70627	6.49992
3.58617	6.95867	6.91623	6.70605	6.48902
3.6004	6.96257	6.9254	6.70899	6.50026
3.61468	6.96288	6.91703	6.71308	6.50611
3.62901	6.96326	6.91426	6.71892	6.50642
3.6434	6.96491	6.91461	6.70471	6.50685
3.65785	6.97284	6.91993	6.70753	6.50215
3.67235	6.96191	6.9223	6.70854	6.50072
3.6869	6.96062	6.91609	6.70656	6.50652
3.70151	6.96947	6.91286	6.70177	6.49991
3.71618	6.96944	6.91443	6.70377	6.50486
3.7309	6.97493	6.90951	6.72247	6.50202
3.74568	6.94862	6.91018	6.71375	6.48924
3.76051	6.96638	6.92187	6.71185	6.5016
3.7754	6.96231	6.9239	6.70849	6.48749
3.79035	6.96435	6.91649	6.70104	6.49931
3.80535	6.9757	6.9154	6.71973	6.51071
3.82041	6.96358	6.91994	6.71301	6.49732
3.83553	6.9617	6.9169	6.70164	6.49463
3.8507	6.95844	6.922	6.69713	6.49176
3.86594	6.96539	6.92705	6.69429	6.49735
3.88123	6.95277	6.9245	6.7077	6.49777
3.89657	6.97083	6.91557	6.71261	6.50231
3.91199	6.95808	6.924	6.71815	6.50154
3.92745	6.96389	6.92561	6.70984	6.50839
3.94298	6.96304	6.91856	6.7146	6.5057
3.95856	6.96642	6.92168	6.70951	6.499
3.9742	6.97104	6.92547	6.71067	6.50047
3.98991	6.97476	6.93086	6.70072	6.48557
4.00567	6.97259	6.91712	6.70263	6.50384
4.0215	6.96731	6.91759	6.71055	6.501
4.03737	6.96978	6.91508	6.70269	6.49513
4.05333	6.96299	6.91701	6.71762	6.49432
4.06932	6.96939	6.92872	6.72	6.50378
4.0854	6.96473	6.92111	6.70228	6.50917
4.10152	6.95956	6.91918	6.71289	6.5014
4.11771	6.96735	6.9266	6.70354	6.50211
4.13396	6.96921	6.91548	6.71645	6.50491
4.15028	6.97418	6.91708	6.71362	6.50005
4.16665	6.96929	6.91407	6.70302	6.50792
4.18309	6.96746	6.92075	6.70432	6.48807
4.19959	6.96989	6.91872	6.71492	6.49218
4.21615	6.96751	6.91077	6.70815	6.49441
4.23278	6.95556	6.92416	6.70948	6.49959
4.24946	6.96239	6.92926	6.71175	6.50577
4.26621	6.96121	6.92633	6.70432	6.49775
4.28302	6.96115	6.92274	6.7126	6.50537
4.2999	6.96291	6.91586	6.7033	6.50723
4.31685	6.96679	6.91836	6.69812	6.51363
4.33385	6.96873	6.91779	6.7046	6.50031
4.35092	6.96212	6.91954	6.70042	6.49716
4.36806	6.96298	6.91976	6.70724	6.50235
4.38527	6.96814	6.92203	6.71405	6.49369
4.40254	6.96453	6.92526	6.70164	6.50022
4.41988	6.96691	6.91745	6.70255	6.49984
4.43727	6.95687	6.91859	6.71054	6.49463
4.45474	6.9627	6.92085	6.71433	6.50686
4.47227	6.95965	6.92759	6.71181	6.50524
4.48987	6.95852	6.91301	6.71693	6.50953
4.50754	6.96791	6.9273	6.69895	6.50078
4.52528	6.96629	6.92341	6.70693	6.49557
4.54308	6.96445	6.91199	6.70641	6.49966
4.56095	6.96691	6.91869	6.71278	6.49964
4.57889	6.96395	6.91222	6.70874	6.49761
4.59689	6.96474	6.90876	6.70547	6.50864
4.61496	6.96818	6.91381	6.7047	6.49632
4.63311	6.96745	6.91938	6.71058	6.49895
4.65133	6.9712	6.91654	6.7012	6.49986
4.6696	6.96467	6.92512	6.71649	6.49804
4.68796	6.96275	6.91791	6.71041	6.50723
4.70638	6.96078	6.91812	6.70889	6.49515
4.72487	6.96443	6.91136	6.70841	6.50317
4.74344	6.97052	6.92052	6.70209	6.4948
4.76206	6.96718	6.91481	6.70253	6.49941
4.78076	6.95966	6.91823	6.7044	6.50107
4.79954	6.96273	6.92481	6.7097	6.49596
4.81839	6.9677	6.91918	6.70244	6.5073
4.83731	6.96447	6.92238	6.71164	6.50513
4.8563	6.96602	6.92493	6.7131	6.49561
4.87536	6.97053	6.91928	6.71179	6.49921
4.8945	6.96714	6.9296	6.71038	6.5001
4.9137	6.96135	6.92123	6.7081	6.50054
4.93299	6.96988	6.91361	6.71468	6.49885
4.95234	6.96458	6.92074	6.70571	6.50546
4.97176	6.96422	6.90992	6.71384	6.50225
4.99126	6.97404	6.91583	6.69787	6.50316
5.01085	6.969	6.9225	6.70148	6.49719
5.0305	6.96963	6.92647	6.71094	6.50716
5.05022	6.96306	6.92127	6.70976	6.49406
5.07002	6.96674	6.91044	6.70296	6.51386
5.0899	6.96782	6.91932	6.71142	6.51187
5.10985	6.96504	6.9206	6.70493	6.49713
5.12988	6.96671	6.92392	6.70723	6.50679
5.14997	6.96553	6.92339	6.71056	6.50227
5.17016	6.96921	6.91832	6.71216	6.50333
5.19042	6.96403	6.92579	6.7078	6.49956
5.21075	6.97337	6.91946	6.70143	6.49503
5.23116	6.98378	6.92375	6.70574	6.50258
5.25165	6.95773	6.91883	6.70696	6.50053
5.27222	6.97557	6.92003	6.70526	6.51467
5.29287	6.97401	6.91816	6.72138	6.50864
5.3136	6.96512	6.92074	6.70024	6.50178
5.3344	6.97844	6.92336	6.71069	6.48959
5.35528	6.98287	6.91873	6.71547	6.49627
5.37624	6.96907	6.90946	6.71111	6.50451
5.39729	6.98016	6.92152	6.71585	6.49745
5.41841	6.97067	6.91817	6.70491	6.49678
5.43961	6.97543	6.91525	6.71847	6.50646
5.4609	6.96328	6.9159	6.70237	6.49427
5.48226	6.9723	6.91036	6.70391	6.49768
5.5037	6.96896	6.92238	6.71187	6.49239
5.52524	6.97322	6.92222	6.7162	6.49717
5.54684	6.97287	6.92063	6.71074	6.49329
5.56854	6.97354	6.91627	6.71252	6.50512
5.59031	6.96439	6.92077	6.70894	6.49619
5.61216	6.97684	6.91883	6.71659	6.49708
5.6341	6.9745	6.92549	6.70839	6.49857
5.65613	6.96722	6.91417	6.71422	6.49777
5.67824	6.96493	6.91414	6.71467	6.49735
5.70043	6.96659	6.91676	6.70568	6.4996
5.7227	6.97062	6.92206	6.70752	6.49758
5.74506	6.96785	6.91793	6.70543	6.50037
5.76751	6.97375	6.92668	6.71598	6.49561
5.79005	6.97339	6.91566	6.70378	6.49197
5.81266	6.97263	6.91679	6.70513	6.50049
5.83536	6.96058	6.92304	6.71792	6.50336
5.85816	6.9706	6.92019	6.70778	6.49869
5.88104	6.97104	6.9216	6.69881	6.50048
5.904	6.97332	6.91636	6.70648	6.50221
5.92705	6.97163	6.91591	6.70665	6.50181
5.95019	6.97012	6.93134	6.70718	6.50482
5.97341	6.96957	6.92028	6.70943	6.49949
5.99674	6.96158	6.91661	6.70301	6.48606
6.02014	6.97437	6.91668	6.70675	6.50407
6.04364	6.97279	6.92639	6.70607	6.50587
6.06721	6.96338	6.92094	6.70601	6.50268
6.09089	6.96258	6.91591	6.71437	6.50246
6.11465	6.97688	6.9242	6.70844	6.50635
6.13851	6.97389	6.91848	6.70936	6.51
6.16245	6.97896	6.91397	6.70761	6.50905
6.18649	6.97292	6.91978	6.70655	6.50241
6.21061	6.97105	6.91052	6.70034	6.5023
6.23484	6.97586	6.92174	6.71388	6.50709
6.25915	6.95965	6.9108	6.70932	6.50121
6.28355	6.95997	6.93193	6.69997	6.50293
6.30805	6.97091	6.92347	6.70951	6.50424
6.33264	6.97181	6.92225	6.70714	6.50837
6.35733	6.97377	6.92664	6.71	6.50064
6.3821	6.96494	6.92228	6.70982	6.50714
6.40697	6.9704	6.92443	6.70393	6.50702
6.43194	6.96092	6.93247	6.70546	6.50862
6.457	6.97417	6.91971	6.70479	6.50451
6.48215	6.97364	6.92577	6.71732	6.51386
6.50741	6.96895	6.91652	6.71484	6.50897
6.53276	6.97144	6.92077	6.71116	6.50642
6.5582	6.96585	6.92601	6.70599	6.51287
6.58375	6.97724	6.91907	6.7072	6.49781
6.60939	6.96729	6.91761	6.70719	6.51262
6.63513	6.97368	6.91952	6.71757	6.51629
6.66096	6.97904	6.91476	6.70985	6.5033
6.6869	6.97314	6.92495	6.71744	6.50521
6.71292	6.96886	6.91954	6.71381	6.50673
6.73906	6.97275	6.93152	6.71062	6.50527
6.76529	6.97783	6.92893	6.7115	6.50455
6.79163	6.98594	6.92082	6.71183	6.51528
6.81805	6.97121	6.92791	6.717	6.50765
6.84459	6.96465	6.91872	6.71259	6.51504
6.87121	6.96315	6.92497	6.70988	6.50431
6.89795	6.97292	6.91273	6.71764	6.50263
6.92479	6.9728	6.91837	6.70309	6.51414
6.95173	6.97574	6.9187	6.71078	6.50666
6.97876	6.97068	6.92278	6.71508	6.50422
7.00591	6.96904	6.92056	6.70999	6.50111
7.03316	6.9753	6.92375	6.71359	6.50655
7.06051	6.96962	6.93051	6.70627	6.50684
7.08796	6.96588	6.92784	6.70701	6.51297
7.11552	6.96228	6.92343	6.71173	6.50627
7.14319	6.9705	6.92059	6.71862	6.51442
7.17096	6.96476	6.9196	6.71596	6.50274
7.19884	6.97001	6.92114	6.71272	6.49843
7.22683	6.97268	6.91981	6.71494	6.50128
7.25491	6.97016	6.92222	6.71521	6.50586
7.2831	6.96087	6.92477	6.71095	6.49594
7.3114	6.97047	6.92592	6.71412	6.50754
7.33981	6.96477	6.92409	6.70704	6.50649
7.36834	6.97137	6.926	6.71252	6.50557
7.39696	6.97233	6.92043	6.7168	6.49981
7.4257	6.98059	6.91587	6.71319	6.50657
7.45455	6.9755	6.92524	6.70977	6.50314
7.4835	6.97063	6.92206	6.71255	6.49915
7.51256	6.96582	6.92448	6.70998	6.50059
7.54174	6.97181	6.92268	6.70713	6.51188
7.57104	6.96596	6.92028	6.71131	6.50627
7.60042	6.96985	6.92255	6.71493	6.50691
7.62994	6.95911	6.93036	6.71101	6.49738
7.65956	6.96758	6.92376	6.7086	6.51486
7.6893	6.9746	6.92236	6.70689	6.49785
7.71915	6.96882	6.92923	6.71029	6.49787
7.74911	6.9722	6.92368	6.70678	6.5027
7.77919	6.96732	6.92261	6.70708	6.50515
7.80939	6.96283	6.92686	6.71025	6.50745
7.83969	6.96334	6.92107	6.71558	6.49968
7.87011	6.96947	6.92441	6.70989	6.50063
7.90065	6.96629	6.92863	6.71137	6.50401
7.9313	6.97582	6.92759	6.70917	6.50942
7.96208	6.96857	6.92403	6.71591	6.51447
7.99296	6.96602	6.92531	6.70721	6.50453
8.02398	6.9629	6.92569	6.71292	6.5083
8.0551	6.96471	6.92406	6.70463	6.50513
8.08634	6.97574	6.93066	6.70991	6.49189
8.1177	6.96283	6.92208	6.69768	6.50042
8.14917	6.96239	6.92341	6.71415	6.51241
8.18077	6.9697	6.9197	6.71101	6.5101
8.2125	6.96646	6.91438	6.7037	6.50651
8.24434	6.96606	6.91019	6.71168	6.50533
8.2763	6.96678	6.91702	6.70911	6.50498
8.30839	6.96988	6.91309	6.7135	6.50819
8.3406	6.96584	6.92511	6.70847	6.51475
8.37292	6.96493	6.91697	6.71315	6.50911
8.40537	6.97432	6.91835	6.70455	6.51151
8.43795	6.96555	6.92778	6.70995	6.507
8.47065	6.96558	6.92072	6.71257	6.51235
8.50348	6.96232	6.9238	6.70499	6.50885
8.53642	6.97065	6.92619	6.70608	6.51079
8.5695	6.97314	6.91416	6.70835	6.51493
8.6027	6.97807	6.92376	6.71259	6.50931
8.63604	6.96968	6.91996	6.71428	6.50649
8.66949	6.96334	6.91912	6.7155	6.50734
8.70308	6.97486	6.9213	6.71058	6.50883
8.73678	6.96632	6.91444	6.70555	6.50715
8.77061	6.97135	6.92301	6.71013	6.50949
8.80459	6.97385	6.91961	6.70995	6.50902
8.83867	6.97384	6.92229	6.70697	6.50846
8.8729	6.97257	6.91681	6.70997	6.51158
8.90726	6.97631	6.91513	6.70368	6.50845
8.94175	6.97133	6.91583	6.70564	6.50919
8.97636	6.97143	6.91977	6.71207	6.50754
9.01111	6.96817	6.91667	6.70612	6.50253
9.046	6.97435	6.92127	6.71048	6.51098
9.08101	6.98295	6.9165	6.71237	6.50847
9.11616	6.97737	6.92429	6.70709	6.50734
9.15145	6.97333	6.9189	6.7132	6.50908
9.18686	6.97823	6.9235	6.70692	6.50254
9.22241	6.98362	6.92123	6.70674	6.50815
9.2581	6.98075	6.9195	6.70583	6.50814
9.29393	6.97252	6.92116	6.70848	6.5012
9.32989	6.97235	6.92305	6.70991	6.50952
9.36599	6.97565	6.92865	6.70249	6.50615
9.40221	6.97503	6.91842	6.70806	6.50899
9.43859	6.97079	6.91992	6.71228	6.50465
9.4751	6.97184	6.91746	6.70885	6.50152
9.51175	6.973	6.92059	6.70977	6.50157
9.54854	6.97783	6.92253	6.71353	6.50519
9.58546	6.97587	6.92301	6.70615	6.50952
9.62254	6.97136	6.9229	6.69997	6.50071
9.65975	6.9755	6.92423	6.70868	6.50826
9.6971	6.97877	6.92793	6.7036	6.50742
9.73459	6.97088	6.92552	6.71297	6.51364
9.77223	6.97252	6.91773	6.70717	6.51127
9.81001	6.98042	6.92148	6.70776	6.49604
9.84794	6.97857	6.91933	6.71227	6.50501
9.886	6.98329	6.92478	6.71137	6.51339
9.92421	6.9752	6.92053	6.71998	6.50491
9.96257	6.97179	6.92206	6.71319	6.50899
10.0011	6.97322	6.92485	6.70987	6.5064
10.0397	6.97028	6.92932	6.71383	6.51424
10.0785	6.96904	6.9213	6.71003	6.50993
10.1175	6.97009	6.9191	6.71249	6.50972
10.1566	6.9765	6.92877	6.70581	6.51496
10.1958	6.96966	6.91822	6.71392	6.51435
10.2352	6.97719	6.92058	6.70587	6.50901
10.2748	6.97356	6.91788	6.71807	6.51023
10.3145	6.97374	6.92166	6.71438	6.51218
10.3543	6.97414	6.92522	6.71116	6.50527
10.3943	6.97257	6.9286	6.71204	6.50984
10.4345	6.97067	6.91823	6.71137	6.51516
10.4747	6.975	6.92312	6.71033	6.517
10.5152	6.97144	6.91937	6.71721	6.51268
10.5558	6.97656	6.92346	6.71235	6.51124
10.5966	6.96806	6.93172	6.71406	6.50673
10.6375	6.96909	6.92592	6.713	6.50305
10.6786	6.96919	6.92098	6.7099	6.50844
10.7198	6.97255	6.93103	6.70814	6.50957
10.7612	6.96916	6.92818	6.71653	6.51629
10.8027	6.97507	6.93149	6.71752	6.50754
10.8444	6.97417	6.92668	6.71012	6.50414
10.8863	6.97394	6.92682	6.71062	6.5165
10.9283	6.97338	6.92283	6.71095	6.50597
10.9705	6.96931	6.92986	6.71502	6.51815
11.0128	6.96659	6.92495	6.70855	6.50788
11.0554	6.97751	6.92205	6.71406	6.50655
11.098	6.97383	6.92459	6.70513	6.51186
11.1409	6.97659	6.92533	6.71787	6.51077
11.1839	6.97384	6.92523	6.71034	6.50783
11.227	6.97671	6.92216	6.71837	6.51023
11.2703	6.96859	6.91698	6.70844	6.51272
11.3138	6.97251	6.93087	6.7075	6.50739
11.3575	6.97651	6.92787	6.7159	6.51099
11.4013	6.97128	6.92364	6.71387	6.5105
11.4453	6.98248	6.92713	6.71278	6.51354
11.4894	6.97552	6.91929	6.71672	6.5089
11.5337	6.98184	6.91725	6.71474	6.51289
11.5782	6.97017	6.92765	6.70376	6.51121
11.6229	6.97364	6.91883	6.71685	6.51289
11.6677	6.96929	6.92473	6.71216	6.51275
11.7127	6.97821	6.93115	6.71353	6.5174
11.7579	6.97733	6.92126	6.70954	6.50747
11.8032	6.97697	6.92215	6.71002	6.50676
11.8487	6.97578	6.92449	6.7126	6.51087
11.8944	6.97172	6.92409	6.7099	6.50844
11.9403	6.9759	6.91949	6.70961	6.50721
11.9863	6.96956	6.92454	6.70838	6.50855
12.0325	6.97216	6.92067	6.71495	6.50869
12.0789	6.97479	6.92282	6.71413	6.50649
12.1255	6.9778	6.92916	6.71086	6.50681
12.1722	6.9775	6.91931	6.70696	6.51079
12.2191	6.97577	6.91931	6.71403	6.51347
12.2662	6.97984	6.92729	6.71383	6.5088
12.3135	6.98074	6.92218	6.71117	6.51294
12.361	6.98078	6.92699	6.70779	6.51551
12.4086	6.97525	6.92358	6.71327	6.51503
12.4564	6.98012	6.92402	6.71458	6.513
12.5044	6.97865	6.91934	6.70944	6.51006
12.5526	6.97603	6.92213	6.71302	6.51038
12.601	6.97317	6.92207	6.70844	6.51116
12.6495	6.97913	6.92589	6.71507	6.5106
12.6983	6.97901	6.9214	6.71125	6.50822
12.7472	6.9771	6.92265	6.71122	6.51283
12.7963	6.97852	6.9197	6.70923	6.51027
12.8456	6.97652	6.91999	6.70932	6.50841
12.8951	6.97764	6.92225	6.71121	6.51074
12.9447	6.97875	6.91877	6.70923	6.51412
12.9946	6.97842	6.91892	6.70607	6.51246
13.0447	6.97952	6.9215	6.70787	6.51064
13.0949	6.97946	6.92248	6.7066	6.51662
13.1453	6.98117	6.91625	6.70697	6.51246
13.1959	6.97849	6.92095	6.71148	6.51191
13.2468	6.97532	6.92361	6.7099	6.5149
13.2978	6.97227	6.92848	6.7093	6.50931
13.349	6.97214	6.92988	6.70428	6.51196
13.4004	6.97355	6.91989	6.70454	6.51527
13.452	6.97324	6.92605	6.70861	6.51456
13.5038	6.97827	6.91909	6.71133	6.51731
13.5558	6.9782	6.92274	6.71658	6.51095
13.608	6.97665	6.92287	6.71416	6.51474
13.6603	6.97482	6.91993	6.71644	6.51392
13.7129	6.97835	6.92347	6.71341	6.5142
13.7657	6.97421	6.92061	6.71727	6.51299
13.8187	6.97429	6.92657	6.71169	6.51205
13.8719	6.97606	6.92015	6.71116	6.51412
13.9253	6.97362	6.92095	6.71172	6.51323
13.9789	6.9691	6.92167	6.7123	6.5151
14.0327	6.97266	6.92618	6.72077	6.5175
14.0867	6.97372	6.92235	6.70944	6.51772
14.1409	6.97283	6.92595	6.71545	6.51362
14.1953	6.97223	6.92199	6.71708	6.51053
14.2499	6.97106	6.92506	6.71297	6.51565
14.3047	6.97297	6.92495	6.71574	6.51224
14.3598	6.97982	6.92938	6.7166	6.51325
14.415	6.97354	6.9207	6.71833	6.51093
14.4705	6.97586	6.93123	6.71001	6.51805
14.5262	6.97838	6.93161	6.70908	6.51489
14.582	6.97643	6.92115	6.71463	6.5099
14.6381	6.97404	6.92975	6.71895	6.51343
14.6944	6.97196	6.92332	6.7137	6.51452
14.751	6.97378	6.9323	6.70935	6.51681
14.8077	6.97301	6.92447	6.71749	6.51049
14.8647	6.97274	6.92891	6.7126	6.51582
14.9218	6.97557	6.9256	6.71201	6.51587
14.9792	6.97155	6.92666	6.71241	6.51595
15.0368	6.97768	6.92478	6.71406	6.51113
15.0947	6.97561	6.93004	6.70983	6.50812
15.1527	6.97105	6.93051	6.71191	6.50971
15.211	6.97434	6.92371	6.71252	6.51252
15.2695	6.96878	6.92799	6.7161	6.50446
15.3282	6.97267	6.9281	6.71353	6.5151
15.3871	6.97213	6.92471	6.71551	6.51419
15.4463	6.97451	6.92432	6.71432	6.5121
15.5056	6.97909	6.92884	6.71106	6.51525
15.5653	6.9802	6.92763	6.71517	6.51758
15.6251	6.97958	6.92314	6.71719	6.5126
15.6852	6.97697	6.92713	6.7114	6.51772
15.7455	6.97473	6.92519	6.71257	6.51456
15.806	6.98098	6.92799	6.71405	6.51243
15.8667	6.97846	6.9252	6.70801	6.51727
15.9277	6.97728	6.92874	6.70945	6.5111
15.9889	6.97779	6.92476	6.71373	6.51628
16.0504	6.98426	6.92702	6.71625	6.52017
16.1121	6.97822	6.92505	6.70969	6.5161
16.174	6.98006	6.92381	6.71801	6.5176
16.2362	6.97964	6.92795	6.70968	6.51416
16.2986	6.9794	6.92052	6.71543	6.51535
16.3612	6.97906	6.92553	6.71569	6.51653
16.4241	6.97701	6.92149	6.7128	6.51284
16.4872	6.97881	6.92319	6.71429	6.51616
16.5505	6.98219	6.92776	6.70932	6.51527
16.6141	6.97904	6.92413	6.70659	6.51492
16.6779	6.97499	6.92463	6.70781	6.51684
16.742	6.97404	6.92199	6.70967	6.51411
16.8063	6.97858	6.92938	6.7119	6.51157
16.8709	6.97636	6.92854	6.71255	6.51824
16.9357	6.97939	6.92923	6.7118	6.51661
17.0008	6.97231	6.93128	6.71722	6.51627
17.0661	6.97997	6.92265	6.71319	6.51501
17.1316	6.97559	6.92216	6.71191	6.51741
17.1974	6.97433	6.92705	6.71441	6.51945
17.2635	6.97555	6.92772	6.71911	6.51768
17.3298	6.97207	6.92499	6.7143	6.51546
17.3963	6.98193	6.92267	6.71855	6.51601
17.4632	6.97713	6.92402	6.715	6.52322
17.5302	6.97654	6.92387	6.71341	6.51628
17.5975	6.97713	6.9249	6.71713	6.51757
17.6651	6.97423	6.92533	6.71509	6.51378
17.733	6.97611	6.91975	6.71595	6.51673
17.801	6.96978	6.92845	6.71943	6.52042
17.8694	6.97723	6.9251	6.71516	6.51827
17.938	6.98012	6.92543	6.72154	6.51827
18.0069	6.97518	6.92878	6.71725	6.51697
18.076	6.9787	6.92837	6.7168	6.51518
18.1454	6.9788	6.92779	6.71935	6.51629
18.2151	6.98066	6.92861	6.71794	6.52024
18.285	6.97543	6.92878	6.71801	6.51789
18.3552	6.97992	6.92907	6.72237	6.51679
18.4257	6.97873	6.92787	6.71549	6.51928
18.4964	6.98335	6.92774	6.72218	6.51511
18.5674	6.97915	6.92757	6.71776	6.51762
18.6387	6.98119	6.92432	6.71593	6.52149
18.7102	6.97595	6.92544	6.71709	6.51634
18.782	6.97851	6.93313	6.71722	6.52042
18.8541	6.97942	6.92592	6.71214	6.51936
18.9265	6.97952	6.92994	6.72154	6.51609
18.9991	6.97918	6.9276	6.71947	6.52169
19.072	6.97727	6.92591	6.71819	6.51942
19.1452	6.98122	6.92688	6.70989	6.52198
19.2187	6.98375	6.92792	6.71326	6.51704
19.2924	6.97524	6.92689	6.71598	6.52042
19.3665	6.97795	6.92738	6.71512	6.51482
19.4408	6.97944	6.92789	6.71353	6.51429
19.5154	6.97828	6.92963	6.71683	6.51608
19.5903	6.98423	6.93201	6.71111	6.51777
19.6654	6.97407	6.92595	6.7153	6.5219
19.7409	6.982	6.92851	6.71865	6.51477
19.8166	6.98384	6.93134	6.72008	6.51959
19.8926	6.98142	6.92625	6.72114	6.51948
19.9689	6.98503	6.92735	6.72074	6.5185
20.0455	6.98035	6.9307	6.71599	6.52226
20.1224	6.98052	6.93207	6.71585	6.52106
20.1996	6.97578	6.931	6.71597	6.52687
20.2771	6.97433	6.9287	6.72119	6.51926
20.3549	6.97392	6.92372	6.71926	6.52288
20.433	6.97715	6.92795	6.71765	6.52376
20.5114	6.97664	6.92221	6.71513	6.52162
20.59	6.97821	6.92602	6.71984	6.52254
20.669	6.97778	6.93535	6.71859	6.52175
20.7483	6.98136	6.92935	6.72177	6.52048
20.8278	6.98274	6.93127	6.71292	6.52156
20.9077	6.98107	6.92894	6.71564	6.52579
20.9879	6.98058	6.92788	6.7162	6.52168
21.0684	6.9842	6.93116	6.71623	6.52252
21.1492	6.97719	6.93409	6.71973	6.52194
21.2303	6.9811	6.92588	6.719	6.51861
21.3117	6.97913	6.92756	6.72376	6.51941
21.3934	6.98251	6.92679	6.72117	6.51743
21.4754	6.97846	6.92973	6.71902	6.52228
21.5578	6.98347	6.93178	6.7172	6.52334
21.6404	6.98339	6.93431	6.71659	6.5227
21.7234	6.98405	6.92679	6.71919	6.52366
21.8067	6.98692	6.93108	6.71936	6.51993
21.8903	6.98171	6.93304	6.71798	6.51968
21.9742	6.97816	6.9308	6.71985	6.51861
22.0585	6.98036	6.92945	6.71615	6.51998
22.143	6.98169	6.9263	6.71474	6.52278
22.2279	6.98482	6.93223	6.71784	6.52164
22.3131	6.97829	6.93005	6.71522	6.52222
22.3986	6.98223	6.93361	6.71919	6.52752
22.4845	6.98035	6.92675	6.71874	6.5209
22.5707	6.98399	6.92601	6.71315	6.52592
22.6572	6.97987	6.92347	6.71711	6.52308
22.744	6.97865	6.92926	6.7153	6.52182
22.8312	6.98185	6.93203	6.71987	6.51605
22.9187	6.97725	6.92625	6.71574	6.51938
23.0066	6.98333	6.93008	6.71613	6.51661
23.0947	6.98707	6.92902	6.71988	6.52276
23.1833	6.98253	6.92812	6.71578	6.51839
23.2721	6.98119	6.93288	6.71846	6.52259
23.3613	6.97935	6.933	6.71629	6.5225
23.4508	6.98495	6.92875	6.71422	6.52128
23.5407	6.98206	6.93171	6.7142	6.52034
23.6309	6.98598	6.92838	6.71608	6.51936
23.7214	6.97851	6.92987	6.72025	6.52273
23.8123	6.97953	6.92929	6.71345	6.5225
23.9036	6.9794	6.93355	6.71883	6.52658
23.9951	6.98034	6.9246	6.72149	6.52244
24.0871	6.98246	6.928	6.71606	6.52206
24.1794	6.98626	6.92941	6.71685	6.52274
24.272	6.9775	6.9281	6.71661	6.51814
24.365	6.98299	6.93085	6.71982	6.52956
24.4583	6.9791	6.92964	6.71765	6.52461
24.552	6.97621	6.93123	6.722	6.52548
24.6461	6.97889	6.93441	6.72041	6.52466
24.7405	6.98387	6.92708	6.7207	6.52556
24.8353	6.97958	6.9355	6.72197	6.52538
24.9304	6.98181	6.93267	6.72285	6.52133
25.0259	6.98349	6.92785	6.71578	6.52844
25.1218	6.98035	6.92769	6.71618	6.5301
25.218	6.97621	6.93169	6.71926	6.52493
25.3146	6.98187	6.93211	6.7207	6.52055
25.4116	6.97854	6.9311	6.71482	6.53054
25.5089	6.97946	6.9319	6.71879	6.52104
25.6066	6.97769	6.93007	6.71851	6.52282
25.7047	6.9775	6.93214	6.71898	6.51987
25.8031	6.97962	6.93301	6.71729	6.52144
25.9019	6.98284	6.92875	6.71636	6.52385
26.0011	6.98138	6.92912	6.71608	6.5199
26.1007	6.9864	6.93023	6.71564	6.516
26.2007	6.9809	6.92679	6.71955	6.51894
26.301	6.98024	6.9277	6.717	6.51894
26.4017	6.98738	6.92713	6.71963	6.52084
26.5028	6.98197	6.9338	6.7164	6.51857
26.6043	6.9836	6.92724	6.71707	6.51813
26.7062	6.98464	6.92701	6.71706	6.52118
26.8084	6.98856	6.92992	6.71685	6.5194
26.9111	6.9893	6.932	6.71638	6.5156
27.0141	6.98663	6.92948	6.71627	6.52254
27.1176	6.98381	6.92686	6.71649	6.52299
27.2214	6.97821	6.9346	6.71552	6.52547
27.3256	6.98139	6.92992	6.71544	6.52571
27.4302	6.98047	6.93155	6.71824	6.52101
27.5352	6.98269	6.92954	6.71686	6.5292
27.6407	6.98574	6.92951	6.71609	6.53031
27.7465	6.9853	6.93476	6.71774	6.53063
27.8527	6.98112	6.93147	6.71548	6.53217
27.9593	6.98035	6.93121	6.71684	6.52919
28.0664	6.9815	6.92906	6.71619	6.52475
28.1738	6.97814	6.93266	6.7194	6.52957
28.2816	6.98549	6.93173	6.71762	6.52943
28.3899	6.98184	6.93126	6.71836	6.52515
28.4986	6.98676	6.93149	6.72023	6.52625
28.6077	6.98159	6.93454	6.71744	6.53073
28.7172	6.98216	6.93278	6.71808	6.52779
28.8271	6.98652	6.93323	6.71706	6.52931
28.9374	6.98457	6.92998	6.72218	6.52333
29.0482	6.98766	6.93201	6.71776	6.52713
29.1593	6.98393	6.92947	6.7185	6.52667
29.2709	6.98332	6.93184	6.7216	6.52671
29.383	6.98803	6.92861	6.71756	6.52515
29.4954	6.98652	6.93245	6.71282	6.52613
29.6083	6.98724	6.92676	6.71776	6.5228
29.7216	6.98987	6.92969	6.71792	6.52621
29.8354	6.98584	6.93498	6.71363	6.52559
29.9495	6.98544	6.92827	6.71441	6.52597
30.0641	6.98667	6.93194	6.71404	6.53021
30.1792	6.98526	6.93308	6.71609	6.52285
30.2947	6.99067	6.92857	6.71704	6.52596
30.4106	6.98766	6.93574	6.72096	6.52425
30.527	6.98862	6.92974	6.71756	6.52881
30.6438	6.9872	6.93857	6.72073	6.52908
30.761	6.98211	6.92955	6.71787	6.52772
30.8787	6.97666	6.93023	6.71726	6.5294
30.9969	6.98528	6.92605	6.71921	6.52874
31.1155	6.98518	6.92869	6.72369	6.5299
31.2345	6.98178	6.92921	6.72057	6.53457
31.354	6.97785	6.93042	6.71964	6.53099
31.474	6.98084	6.9339	6.71967	6.53365
31.5944	6.98417	6.93273	6.72348	6.53188
31.7153	6.98408	6.93324	6.72474	6.53124
31.8366	6.98586	6.93749	6.71883	6.53303
31.9584	6.98576	6.93642	6.71901	6.53256
32.0806	6.98611	6.93372	6.72195	6.53136
32.2034	6.98753	6.93231	6.71977	6.53177
32.3266	6.99079	6.93506	6.71663	6.53038
32.4502	6.98529	6.93327	6.72083	6.52863
32.5743	6.9859	6.93405	6.71685	6.52828
32.699	6.98849	6.9339	6.72022	6.5255
32.824	6.98499	6.93332	6.71915	6.53125
32.9496	6.9905	6.93132	6.72156	6.53114
33.0756	6.98642	6.92971	6.72124	6.53171
33.2021	6.98951	6.93084	6.71925	6.5273
33.3291	6.9885	6.93496	6.72215	6.52711
33.4566	6.98455	6.93609	6.71838	6.52821
33.5846	6.98536	6.93026	6.72372	6.52378
33.713	6.98476	6.93027	6.72239	6.52742
33.842	6.98853	6.931	6.72193	6.52466
33.9714	6.98813	6.92906	6.71779	6.52838
34.1013	6.98869	6.93653	6.7182	6.53342
34.2317	6.98512	6.93394	6.71941	6.52986
34.3626	6.98488	6.9355	6.71644	6.52588
34.4941	6.98403	6.93393	6.71734	6.52853
34.626	6.98357	6.92917	6.71861	6.52793
34.7584	6.9845	6.93032	6.7212	6.5264
34.8913	6.98534	6.93051	6.71936	6.5264
35.0247	6.98421	6.93301	6.7231	6.53068
35.1587	6.98315	6.93378	6.71881	6.53477
35.2931	6.98188	6.93879	6.72272	6.53266
35.4281	6.98425	6.93647	6.72386	6.53142
35.5635	6.98335	6.93661	6.72205	6.53501
35.6995	6.98546	6.93313	6.72593	6.53167
35.836	6.98474	6.93578	6.72285	6.5324
35.973	6.9813	6.93378	6.7211	6.53235
36.1106	6.98443	6.93326	6.71649	6.53148
36.2487	6.98498	6.93475	6.72102	6.5382
36.3873	6.98785	6.93179	6.72109	6.53384
36.5264	6.9893	6.93002	6.72331	6.52857
36.666	6.98928	6.93589	6.72117	6.5342
36.8062	6.99082	6.93188	6.7217	6.52752
36.9469	6.9871	6.92948	6.72018	6.53474
37.0882	6.98438	6.93361	6.72287	6.5315
37.23	6.98704	6.93372	6.71752	6.5326
37.3723	6.9859	6.93179	6.71735	6.53148
37.5152	6.9899	6.93365	6.71389	6.53258
37.6586	6.98542	6.93383	6.71782	6.52969
37.8026	6.99115	6.93425	6.71741	6.52984
37.9471	6.98661	6.93195	6.72294	6.53301
38.0921	6.98674	6.93366	6.72276	6.5303
38.2378	6.984	6.93823	6.71944	6.53522
38.3839	6.97901	6.93266	6.72496	6.53228
38.5306	6.98445	6.93303	6.72274	6.53156
38.6779	6.98369	6.93304	6.71922	6.53612
38.8258	6.98319	6.93675	6.72426	6.53458
38.9742	6.98518	6.93285	6.72253	6.53118
39.1231	6.98234	6.93846	6.72378	6.53217
39.2727	6.98476	6.93848	6.7236	6.53283
39.4228	6.98273	6.93618	6.72511	6.53282
39.5735	6.98146	6.93536	6.72181	6.53514
39.7247	6.98347	6.93246	6.71837	6.53439
39.8766	6.98464	6.9388	6.72187	6.53563
40.029	6.98562	6.93135	6.71557	6.53211
40.182	6.98708	6.93344	6.71369	6.53201
40.3355	6.98832	6.93487	6.71684	6.53058
40.4897	6.98621	6.93217	6.71583	6.52912
40.6444	6.98835	6.93118	6.71779	6.53035
40.7998	6.99332	6.93082	6.72197	6.53088
40.9557	6.98947	6.93558	6.72259	6.52992
41.1122	6.98813	6.93662	6.72103	6.53645
41.2693	6.98844	6.93466	6.72041	6.53303
41.427	6.9917	6.93247	6.72026	6.53296
41.5853	6.98909	6.93349	6.71969	6.53265
41.7443	6.98672	6.93107	6.71756	6.53464
41.9038	6.99007	6.93366	6.72429	6.53267
42.0639	6.98803	6.9322	6.72531	6.53483
42.2246	6.98613	6.93552	6.72405	6.53532
42.386	6.98947	6.93585	6.71603	6.53373
42.548	6.99024	6.93765	6.71801	6.5359
42.7105	6.99001	6.93773	6.72119	6.53421
42.8737	6.98875	6.93468	6.72229	6.53479
43.0376	6.98821	6.93484	6.7189	6.53005
43.202	6.98767	6.93477	6.7161	6.52751
43.3671	6.99034	6.93468	6.71945	6.53197
43.5328	6.98798	6.93466	6.71677	6.53617
43.6991	6.9868	6.9353	6.71944	6.53124
43.8661	6.98682	6.93293	6.72123	6.53727
44.0337	6.98935	6.9356	6.72266	6.53781
44.2019	6.98901	6.9327	6.72053	6.53685
44.3708	6.98952	6.93101	6.71976	6.53219
44.5403	6.99085	6.93117	6.71588	6.53262
44.7105	6.98752	6.93482	6.71529	6.53708
44.8813	6.99041	6.92934	6.71938	6.53661
45.0527	6.98978	6.93557	6.72233	6.53904
45.2249	6.98972	6.93681	6.71592	6.53534
45.3976	6.98734	6.93474	6.72288	6.53423
45.5711	6.985	6.93378	6.72242	6.53717
45.7452	6.98693	6.9332	6.72242	6.53539
45.9199	6.9883	6.93323	6.71972	6.53687
46.0953	6.98565	6.93177	6.72236	6.5345
46.2714	6.98484	6.93536	6.72297	6.53534
46.4482	6.98533	6.93368	6.7255	6.53492
46.6256	6.98437	6.93245	6.72256	6.53199
46.8037	6.9858	6.93133	6.72282	6.53365
46.9825	6.98722	6.93242	6.72412	6.53668
47.162	6.99329	6.9301	6.72051	6.53316
47.3421	6.98821	6.93161	6.72075	6.53321
47.5229	6.98581	6.93574	6.71611	6.5297
47.7045	6.98715	6.93481	6.7171	6.53318
47.8867	6.9898	6.9338	6.71733	6.53642
48.0696	6.98794	6.92909	6.72009	6.53629
48.2532	6.98541	6.92656	6.71726	6.5368
48.4375	6.98429	6.93063	6.71745	6.53804
48.6225	6.98307	6.93235	6.71749	6.53733
48.8082	6.98386	6.93319	6.71972	6.53617
48.9946	6.98554	6.93718	6.72618	6.53635
49.1818	6.98466	6.93282	6.72418	6.53626
49.3696	6.98656	6.93688	6.722	6.53798
49.5582	6.98957	6.93597	6.72051	6.5353
49.7474	6.98798	6.93782	6.72409	6.53521
49.9374	6.99072	6.9348	6.72094	6.53914
50.1281	6.99137	6.93042	6.71901	6.53598
50.3196	6.98939	6.93427	6.71857	6.53379
50.5117	6.9864	6.93371	6.72334	6.53409
50.7047	6.98977	6.935	6.72014	6.53629
50.8983	6.99017	6.93391	6.71999	6.53685
51.0927	6.98882	6.93622	6.7178	6.53756
51.2878	6.98634	6.93576	6.72048	6.53385
51.4837	6.98877	6.93139	6.72026	6.53684
51.6802	6.98639	6.93604	6.71764	6.53615
51.8776	6.98877	6.93349	6.7166	6.53536
52.0757	6.98673	6.92833	6.71505	6.54161
52.2746	6.98593	6.93116	6.71693	6.53927
52.4742	6.98922	6.93391	6.72111	6.5402
52.6746	6.98557	6.93524	6.72232	6.53992
52.8757	6.98756	6.93644	6.7251	6.54089
53.0776	6.98629	6.93674	6.72115	6.53915
53.2803	6.98414	6.93843	6.72104	6.54305
53.4837	6.98361	6.93579	6.72234	6.54201
53.688	6.98504	6.93466	6.7229	6.54045
53.8929	6.98586	6.93614	6.72374	6.53927
54.0987	6.98408	6.93828	6.72281	6.53147
54.3053	6.98839	6.93578	6.7237	6.53484
54.5126	6.99055	6.93689	6.72353	6.53431
54.7208	6.9897	6.93539	6.72195	6.5372
54.9297	6.99088	6.93353	6.72305	6.53597
55.1394	6.99184	6.93463	6.72023	6.53958
55.3499	6.98915	6.93195	6.72076	6.53531
55.5613	6.98882	6.93211	6.7222	6.53968
55.7734	6.98977	6.93315	6.71848	6.54149
55.9864	6.9864	6.93727	6.72362	6.53951
56.2001	6.99095	6.93872	6.72303	6.543
56.4147	6.98365	6.93628	6.72357	6.5408
56.63	6.98624	6.93783	6.72383	6.53736
56.8462	6.99014	6.93605	6.72391	6.53983
57.0633	6.98544	6.93783	6.7233	6.53967
57.2811	6.98973	6.93488	6.71966	6.53797
57.4998	6.99078	6.93335	6.72267	6.54035
57.7193	6.98784	6.93561	6.72249	6.54254
57.9397	6.988	6.93469	6.72094	6.54066
58.1608	6.99227	6.93707	6.72237	6.53851
58.3829	6.99069	6.93395	6.724	6.53958
58.6057	6.98955	6.93682	6.72238	6.54142
58.8295	6.98859	6.93564	6.71976	6.54398
59.054	6.98861	6.93388	6.7203	6.54014
59.2795	6.99009	6.93587	6.7209	6.54378
59.5058	6.99142	6.93518	6.7221	6.54302
59.7329	6.98558	6.93549	6.72048	6.54187
59.9609	6.98625	6.93605	6.72176	6.54217
60.1898	6.98589	6.93523	6.71986	6.54149
60.4196	6.98637	6.93669	6.71894	6.54097
60.6502	6.98724	6.93781	6.72145	6.5402
60.8817	6.98497	6.93519	6.71899	6.54082
61.1141	6.98775	6.9359	6.72097	6.53851
61.3474	6.98862	6.93359	6.72488	6.53816
61.5815	6.99109	6.93447	6.71992	6.53985
61.8166	6.98952	6.93416	6.71687	6.54254
62.0525	6.99062	6.93767	6.71712	6.54042
62.2894	6.9895	6.93858	6.71928	6.53895
62.5271	6.99007	6.93286	6.7178	6.54203
62.7658	6.9874	6.93631	6.71923	6.54118
63.0053	6.98871	6.93878	6.7172	6.54143
63.2458	6.98762	6.93554	6.72145	6.54019
63.4872	6.98659	6.9393	6.72224	6.54067
63.7295	6.98983	6.93758	6.72393	6.53745
63.9728	6.99079	6.93625	6.72135	6.539
64.2169	6.98764	6.93711	6.72219	6.53937
64.462	6.9914	6.93765	6.71972	6.54179
64.708	6.99109	6.93594	6.72094	6.54062
64.955	6.99315	6.93555	6.7204	6.5385
65.2029	6.99052	6.93622	6.72157	6.53698
65.4517	6.99372	6.93542	6.72209	6.5384
65.7015	6.9894	6.93464	6.72046	6.53973
65.9523	6.98894	6.9345	6.72119	6.54221
66.2039	6.98697	6.934	6.71969	6.54307
66.4566	6.98868	6.93787	6.71727	6.54141
66.7102	6.98437	6.93615	6.72109	6.54287
66.9648	6.98964	6.93945	6.72327	6.53806
67.2204	6.98496	6.93582	6.72623	6.54208
67.4769	6.9904	6.93272	6.72081	6.54255
67.7344	6.98736	6.93677	6.72263	6.54245
67.9929	6.98595	6.93391	6.72021	6.54123
68.2523	6.98654	6.93594	6.72128	6.53806
68.5128	6.98641	6.93451	6.72128	6.53541
68.7742	6.98784	6.93716	6.72016	6.53837
69.0367	6.98819	6.93754	6.71854	6.53953
69.3001	6.99238	6.93315	6.71618	6.54257
69.5646	6.98994	6.93072	6.71664	6.53986
69.83	6.99052	6.93165	6.71741	6.54322
70.0965	6.98727	6.93806	6.71659	6.54209
70.364	6.98757	6.93763	6.71945	6.54261
70.6324	6.98571	6.93741	6.71753	6.54128
70.902	6.98629	6.93698	6.72038	6.54336
71.1725	6.98584	6.93744	6.72086	6.53968
71.4441	6.98971	6.93743	6.72075	6.54375
71.7167	6.98724	6.93584	6.7227	6.54198
71.9903	6.99276	6.93297	6.72024	6.53925
72.265	6.99129	6.93652	6.71984	6.53906
72.5407	6.99016	6.93436	6.72035	6.53887
72.8175	6.991	6.93295	6.72061	6.54076
73.0954	6.9877	6.93337	6.7186	6.54392
73.3743	6.9855	6.9311	6.71781	6.54209
73.6542	6.98455	6.93444	6.72051	6.54416
73.9352	6.9897	6.9344	6.72076	6.54128
74.2173	6.99034	6.93819	6.72155	6.54255
74.5005	6.98976	6.93633	6.72188	6.54448
74.7848	6.98771	6.93515	6.72011	6.54442
75.0701	6.9871	6.93417	6.72135	6.53903
75.3565	6.98874	6.93294	6.72361	6.53775
75.644	6.99122	6.93467	6.71893	6.53766
75.9326	6.98995	6.93396	6.71936	6.54144
76.2223	6.98954	6.93576	6.72135	6.54235
76.5131	6.98937	6.93545	6.71968	6.54308
76.805	6.987	6.93415	6.71892	6.54536
77.098	6.98851	6.93921	6.72057	6.54411
77.3922	6.99077	6.94117	6.72316	6.54516
77.6874	6.98682	6.93779	6.72367	6.54265
77.9838	6.98251	6.93809	6.72353	6.53998
78.2813	6.98472	6.93404	6.72619	6.54377
78.5799	6.98652	6.93277	6.7213	6.54529
78.8797	6.98748	6.93381	6.72001	6.54606
79.1806	6.98966	6.93512	6.72188	6.54271
79.4827	6.98865	6.93496	6.72282	6.54449
79.7859	6.98898	6.93782	6.72207	6.54369
80.0903	6.98973	6.93352	6.71926	6.54618
80.3958	6.98781	6.93337	6.72091	6.54339
80.7025	6.98755	6.93677	6.72093	6.54435
81.0104	6.98873	6.94063	6.72248	6.54414
81.3194	6.98766	6.93456	6.72294	6.54359
81.6296	6.98842	6.93304	6.72021	6.54431
81.941	6.98886	6.93389	6.71968	6.54332
82.2536	6.98811	6.93392	6.72155	6.54256
82.5674	6.98774	6.93583	6.71928	6.54175
82.8823	6.98801	6.93482	6.71979	6.54129
83.1985	6.98899	6.93538	6.71755	6.54405
83.5158	6.98702	6.93417	6.72036	6.54435
83.8344	6.98463	6.93448	6.71694	6.54135
84.1542	6.98279	6.93552	6.71717	6.54405
84.4752	6.98652	6.93971	6.71917	6.54287
84.7974	6.98661	6.93552	6.71938	6.54353
85.1209	6.98725	6.93414	6.71978	6.54236
85.4456	6.98255	6.93205	6.71607	6.54178
85.7715	6.98431	6.9315	6.71853	6.545
86.0986	6.98981	6.93434	6.7195	6.54431
86.4271	6.99041	6.93404	6.71867	6.5434
86.7567	6.98878	6.93283	6.71745	6.54031
87.0876	6.98835	6.93527	6.71697	6.54395
87.4198	6.98785	6.93884	6.71567	6.54497
87.7533	6.98801	6.93353	6.71863	6.54672
88.088	6.98478	6.93621	6.72134	6.54558
88.4239	6.98456	6.9326	6.71972	6.54592
88.7612	6.98246	6.93029	6.71766	6.54309
89.0997	6.98721	6.93097	6.71625	6.54209
89.4396	6.98485	6.93424	6.71697	6.54137
89.7807	6.98679	6.93213	6.71974	6.54123
90.1231	6.98518	6.93124	6.71736	6.53907
90.4669	6.98731	6.93066	6.71774	6.54192
90.8119	6.98625	6.93458	6.71451	6.54364
91.1583	6.98429	6.93361	6.7181	6.54318
91.5059	6.98212	6.9335	6.71823	6.54864
91.8549	6.98412	6.93429	6.71913	6.54524
92.2053	6.9859	6.93528	6.71868	6.54115
92.5569	6.9824	6.9374	6.71714	6.5425
92.9099	6.98239	6.93401	6.71817	6.54458
93.2643	6.9823	6.9337	6.72157	6.54842
93.6199	6.98578	6.92913	6.71893	6.54552
93.977	6.98692	6.93189	6.71814	6.54069
94.3354	6.98385	6.93194	6.71577	6.5433
94.6952	6.98566	6.93553	6.71478	6.54281
95.0563	6.98256	6.93643	6.72027	6.54214
95.4188	6.98285	6.93728	6.71896	6.5438
95.7827	6.98049	6.93222	6.71866	6.5421
96.148	6.98114	6.93428	6.71589	6.54347
96.5147	6.98292	6.93548	6.7179	6.54348
96.8827	6.98355	6.9327	6.71631	6.54191
97.2522	6.9845	6.93472	6.71636	6.54407
97.6231	6.98576	6.93109	6.716	6.54537
97.9954	6.98298	6.93303	6.71326	6.54283
98.3691	6.98267	6.93675	6.71712	6.54583
98.7442	6.98177	6.93723	6.71653	6.54625
99.1208	6.98407	6.93561	6.71679	6.54291
99.4988	6.98305	6.9326	6.71503	6.54465
99.8782	6.9829	6.93064	6.71543	6.54269
100.259	6.98422	6.92998	6.71518	6.54323
100.641	6.98455	6.93366	6.71344	6.54201
101.025	6.98491	6.93208	6.71304	6.54064
101.41	6.98242	6.93399	6.71204	6.54459
101.797	6.97941	6.93193	6.715	6.54761
102.185	6.98062	6.9351	6.71997	6.54512
102.575	6.98001	6.93116	6.71861	6.54537
102.966	6.98128	6.93136	6.71563	6.54097
103.359	6.98223	6.92882	6.71437	6.54233
103.753	6.98249	6.93064	6.71437	6.54401
104.148	6.98482	6.93172	6.7158	6.54228
104.546	6.98311	6.93105	6.71355	6.54405
104.944	6.98165	6.93071	6.71248	6.54571
105.344	6.9783	6.93061	6.71644	6.54403
105.746	6.97834	6.9337	6.71571	6.5442
106.149	6.97891	6.9306	6.71698	6.54368
106.554	6.98066	6.93189	6.71502	6.54239
106.96	6.98115	6.9292	6.71411	6.54375
107.368	6.98028	6.9297	6.71668	6.54495
107.778	6.98281	6.92881	6.71447	6.54402
108.189	6.98259	6.92542	6.71605	6.54247
108.601	6.98073	6.92963	6.71299	6.54484
109.015	6.97691	6.9332	6.71727	6.54725
109.431	6.97703	6.93424	6.71752	6.54493
109.848	6.97721	6.931	6.71538	6.54575
110.267	6.97654	6.93011	6.71481	6.54545
110.687	6.97851	6.93091	6.71369	6.54283
111.109	6.97963	6.93163	6.7126	6.54155
111.533	6.98077	6.93106	6.71367	6.54356
111.958	6.97801	6.92846	6.71085	6.54509
112.385	6.97846	6.93331	6.71392	6.54514
112.814	6.97584	6.93292	6.71554	6.54477
113.244	6.97908	6.93033	6.71659	6.54385
113.676	6.98063	6.92917	6.71415	6.54683
114.109	6.97687	6.93111	6.7121	6.54565
114.544	6.97961	6.93157	6.71508	6.54399
114.981	6.98091	6.92962	6.71659	6.54233
115.419	6.97877	6.92912	6.71286	6.54333
115.859	6.97648	6.9302	6.71362	6.54336
116.301	6.97619	6.93072	6.71432	6.54618
116.744	6.97609	6.93308	6.71397	6.54211
117.189	6.97221	6.93048	6.71263	6.5444
117.636	6.975	6.93072	6.71206	6.54532
118.085	6.97585	6.92751	6.71236	6.5422
118.535	6.97576	6.93017	6.71175	6.54471
118.987	6.97465	6.93013	6.71054	6.54164
119.44	6.97637	6.93035	6.71319	6.54365
119.896	6.9761	6.93313	6.71303	6.54382
120.353	6.97413	6.93216	6.71735	6.54285
120.812	6.976	6.93023	6.7134	6.54398
121.272	6.97786	6.9287	6.71227	6.5442
121.735	6.97885	6.92889	6.7137	6.54314
122.199	6.97714	6.92701	6.714	6.54048
122.665	6.97432	6.9279	6.71296	6.54304
123.132	6.97384	6.92977	6.71349	6.54563
123.602	6.97404	6.93181	6.71464	6.54512
124.073	6.97271	6.92911	6.71277	6.54588
124.546	6.97084	6.92709	6.71268	6.54425
125.021	6.9707	6.92655	6.71152	6.54401
125.497	6.97453	6.92851	6.71403	6.54133
125.976	6.97441	6.92965	6.70786	6.5406
126.456	6.97096	6.92868	6.71009	6.54304
126.938	6.97162	6.93151	6.7126	6.54333
127.422	6.97349	6.92745	6.71236	6.5441
127.908	6.9747	6.92832	6.71433	6.54413
128.395	6.97489	6.92868	6.71258	6.54405
128.885	6.97668	6.92678	6.71258	6.54319
129.376	6.97432	6.92635	6.70828	6.54009
129.869	6.97223	6.92781	6.70892	6.54151
130.364	6.9704	6.9317	6.7125	6.5429
130.861	6.96983	6.9266	6.71327	6.54316
131.36	6.97129	6.92958	6.71328	6.54617
131.861	6.9695	6.92855	6.71042	6.54264
132.364	6.97327	6.92819	6.71247	6.5429
132.868	6.97025	6.92567	6.70978	6.54342
133.375	6.97059	6.92864	6.70829	6.5428
133.883	6.97007	6.92789	6.71172	6.54389
134.393	6.96839	6.92558	6.71322	6.54335
134.906	6.96804	6.92478	6.7135	6.54384
135.42	6.96942	6.93076	6.71513	6.54407
135.936	6.97025	6.92693	6.71245	6.54135
136.454	6.97142	6.92476	6.71016	6.54277
136.975	6.97133	6.92779	6.71022	6.541
137.497	6.97001	6.92793	6.7127	6.54018
138.021	6.97262	6.92509	6.7134	6.54293
138.547	6.9712	6.92396	6.71242	6.54009
139.075	6.9696	6.92533	6.71154	6.53983
139.605	6.97136	6.92449	6.71393	6.54363
140.137	6.97123	6.92713	6.71125	6.53859
140.671	6.96884	6.92803	6.71024	6.53817
141.208	6.9669	6.9291	6.71319	6.54071
141.746	6.96891	6.92747	6.71143	6.54189
142.286	6.96971	6.92246	6.71249	6.54168
142.829	6.97014	6.92314	6.71096	6.54128
143.373	6.9697	6.92084	6.70985	6.54011
143.919	6.96457	6.92442	6.70896	6.5389
144.468	6.9645	6.9244	6.71187	6.53984
145.019	6.9654	6.9239	6.71116	6.54261
145.571	6.9671	6.92436	6.70914	6.54241
146.126	6.96643	6.92395	6.7082	6.53974
146.683	6.96609	6.9229	6.7111	6.54203
147.242	6.9671	6.92539	6.70874	6.53949
147.804	6.96252	6.92711	6.70601	6.53778
148.367	6.96231	6.92572	6.70934	6.54231
148.932	6.96684	6.92293	6.7108	6.5411
149.5	6.9619	6.92121	6.70853	6.54072
150.07	6.96527	6.92058	6.70902	6.541
150.642	6.96428	6.92254	6.70733	6.54072
151.216	6.96193	6.92611	6.70831	6.53839
151.792	6.96154	6.92488	6.70774	6.53924
152.371	6.9646	6.92041	6.70935	6.54096
152.952	6.96161	6.92361	6.70842	6.53864
153.535	6.96455	6.92512	6.70935	6.53906
154.12	6.96483	6.92218	6.70941	6.54068
154.707	6.96336	6.92371	6.70426	6.5379
155.297	6.96222	6.92125	6.70562	6.5417
155.889	6.96101	6.92407	6.7082	6.54031
156.483	6.95941	6.91976	6.70627	6.54
157.079	6.96173	6.91869	6.70598	6.54064
157.678	6.96254	6.91879	6.70668	6.5402
158.279	6.96	6.92159	6.70764	6.53836
158.882	6.95803	6.9203	6.7068	6.53868
159.488	6.96084	6.91932	6.70739	6.53917
160.096	6.96098	6.92061	6.70657	6.53704
160.706	6.96267	6.92419	6.70732	6.53855
161.318	6.96167	6.91829	6.70465	6.53632
161.933	6.95754	6.91995	6.70413	6.5372
162.55	6.95838	6.92012	6.70685	6.53811
163.17	6.95627	6.91963	6.70651	6.53759
163.792	6.95953	6.91715	6.70714	6.53726
164.416	6.96005	6.91313	6.70657	6.53949
165.043	6.95736	6.91668	6.70377	6.5372
165.672	6.9558	6.91909	6.70539	6.53882
166.303	6.9579	6.92068	6.70651	6.53983
166.937	6.95429	6.91787	6.706	6.53855
167.573	6.956	6.92029	6.70516	6.53645
168.212	6.95886	6.91942	6.70429	6.53632
168.853	6.95697	6.91804	6.70177	6.53935
169.496	6.95434	6.92162	6.70539	6.53919
170.142	6.95397	6.9214	6.70571	6.53711
170.791	6.95509	6.92043	6.70376	6.53683
171.441	6.95848	6.91875	6.70411	6.53829
172.095	6.95647	6.91768	6.7021	6.53551
172.751	6.95439	6.91764	6.70451	6.53647
173.409	6.95257	6.91929	6.70497	6.53806
174.07	6.95174	6.91513	6.70344	6.53835
174.733	6.95502	6.91636	6.70196	6.53549
175.399	6.95254	6.91319	6.70168	6.53248
176.068	6.95259	6.91564	6.7017	6.53271
176.739	6.94969	6.91455	6.70504	6.53491
177.412	6.95003	6.91253	6.70212	6.53504
178.088	6.95252	6.91486	6.70222	6.53711
178.767	6.95227	6.91241	6.70297	6.53757
179.448	6.95021	6.91454	6.70138	6.53653
180.132	6.9482	6.91468	6.70349	6.53901
180.818	6.95398	6.91215	6.70216	6.5384
181.507	6.9524	6.91196	6.70115	6.53715
182.199	6.95325	6.91119	6.69973	6.53455
182.893	6.94932	6.91228	6.69812	6.53286
183.59	6.9503	6.91472	6.6996	6.53493
184.29	6.94754	6.9136	6.70175	6.53546
184.992	6.94943	6.91428	6.70064	6.53595
185.697	6.95308	6.9126	6.70033	6.53738
186.405	6.95018	6.91263	6.70054	6.5347
187.115	6.94812	6.91535	6.70084	6.53784
187.828	6.94923	6.91415	6.70025	6.53819
188.544	6.94896	6.91284	6.70034	6.53872
189.263	6.94891	6.90736	6.69902	6.53208
189.984	6.9458	6.90948	6.69619	6.53335
190.708	6.94684	6.91164	6.70154	6.53622
191.435	6.94604	6.91115	6.69845	6.5369
192.164	6.94713	6.91048	6.70158	6.53602
192.896	6.9452	6.91113	6.70083	6.53446
193.631	6.94463	6.90979	6.70064	6.53452
194.369	6.9456	6.91188	6.70198	6.53653
195.11	6.94341	6.90965	6.70084	6.53518
195.853	6.94629	6.90946	6.69873	6.53268
196.6	6.94315	6.91014	6.69781	6.53058
197.349	6.94099	6.91015	6.6982	6.53458
198.101	6.93893	6.90977	6.69737	6.53464
198.856	6.94131	6.91045	6.6988	6.53284
199.613	6.94524	6.90879	6.6989	6.53493
200.374	6.94241	6.90694	6.69789	6.53174
201.138	6.93926	6.90955	6.69784	6.53252
201.904	6.94227	6.90753	6.69981	6.53115
202.673	6.9424	6.90731	6.69854	6.53357
203.446	6.94239	6.90735	6.69552	6.52889
204.221	6.93804	6.90498	6.69539	6.53062
204.999	6.93971	6.9055	6.69722	6.53351
205.78	6.94023	6.90511	6.69803	6.53203
206.564	6.93942	6.90554	6.69743	6.53563
207.352	6.93835	6.90485	6.69582	6.53164
208.142	6.93647	6.9054	6.69735	6.53348
208.935	6.93741	6.90443	6.69668	6.53102
209.731	6.93775	6.9047	6.69718	6.53178
210.53	6.9391	6.90338	6.69613	6.52939
211.332	6.93626	6.90531	6.69515	6.53191
212.137	6.93612	6.90306	6.69755	6.53396
212.946	6.93966	6.90206	6.69447	6.53041
213.757	6.94081	6.90251	6.69743	6.53266
214.572	6.93656	6.90361	6.69592	6.53058
215.389	6.93374	6.90531	6.69507	6.53244
216.21	6.9332	6.90232	6.69597	6.52984
217.034	6.93611	6.90366	6.69327	6.52774
217.861	6.93553	6.90077	6.69266	6.52819
218.691	6.93345	6.90168	6.69488	6.53047
219.524	6.9337	6.90159	6.69271	6.53034
220.361	6.93447	6.8992	6.69464	6.53123
221.2	6.93313	6.89831	6.69179	6.52835
222.043	6.93247	6.90074	6.69218	6.5278
222.889	6.93153	6.89914	6.69308	6.52888
223.738	6.9339	6.89887	6.69167	6.52863
224.591	6.93236	6.90096	6.6896	6.52387
225.447	6.93084	6.89836	6.69185	6.52797
226.306	6.93147	6.90008	6.69225	6.53193
227.168	6.93243	6.89743	6.69051	6.53035
228.033	6.92908	6.89537	6.69028	6.52739
228.902	6.92875	6.89631	6.69066	6.52903
229.774	6.92891	6.8995	6.69008	6.53254
230.65	6.9309	6.89701	6.68978	6.53163
231.529	6.92821	6.89776	6.68934	6.52725
232.411	6.92916	6.89389	6.69046	6.52881
233.296	6.92561	6.89649	6.68866	6.53047
234.185	6.92606	6.89545	6.68887	6.52924
235.078	6.92618	6.89447	6.68846	6.52807
235.973	6.92871	6.89412	6.68929	6.52875
236.872	6.92698	6.89506	6.68962	6.52676
237.775	6.92923	6.89264	6.68626	6.52803
238.681	6.9249	6.89382	6.68612	6.52524
239.59	6.92567	6.89235	6.68827	6.52482
240.503	6.92465	6.89652	6.68632	6.52513
241.419	6.92681	6.89445	6.68646	6.52534
242.339	6.92226	6.89261	6.68625	6.52353
243.263	6.92211	6.89113	6.68849	6.52616
244.189	6.92252	6.89335	6.68453	6.52554
245.12	6.92391	6.89146	6.68319	6.52419
246.054	6.923	6.89303	6.68388	6.52037
246.991	6.92399	6.88993	6.68582	6.52658
247.932	6.92414	6.89043	6.68553	6.52748
248.877	6.92364	6.89218	6.68527	6.52348
249.825	6.92017	6.89111	6.68541	6.52379
250.777	6.91887	6.89087	6.68527	6.5287
251.732	6.92055	6.89083	6.68422	6.52663
252.691	6.92152	6.88966	6.68184	6.5255
253.654	6.921	6.89063	6.68473	6.52493
254.62	6.92126	6.88935	6.68453	6.52612
255.591	6.92071	6.88904	6.68474	6.52567
256.564	6.91799	6.88758	6.68146	6.52409
257.542	6.91736	6.88852	6.68041	6.52681
258.523	6.91712	6.8895	6.68116	6.52562
259.508	6.91791	6.88776	6.68142	6.52334
260.497	6.91517	6.88691	6.6835	6.52319
261.489	6.91864	6.88773	6.68343	6.52414
262.485	6.91775	6.88619	6.68199	6.52215
263.485	6.91259	6.88574	6.68072	6.52169
264.489	6.91341	6.88534	6.68163	6.52334
265.497	6.9154	6.88461	6.68065	6.52412
266.508	6.91333	6.88507	6.67946	6.52416
267.524	6.9126	6.88411	6.67975	6.5213
268.543	6.91536	6.88429	6.68229	6.52399
269.566	6.91388	6.88578	6.68376	6.52403
270.593	6.91316	6.88535	6.68059	6.52296
271.624	6.90995	6.88277	6.68122	6.52149
272.659	6.91224	6.88335	6.67822	6.52359
273.698	6.911	6.88409	6.68138	6.52271
274.74	6.91101	6.88046	6.68138	6.51991
275.787	6.91024	6.88157	6.67922	6.52126
276.838	6.91173	6.88143	6.68106	6.52049
277.892	6.90868	6.88272	6.67856	6.52002
278.951	6.907	6.88275	6.68035	6.51995
280.014	6.90972	6.8801	6.67859	6.51957
281.081	6.90862	6.8778	6.67753	6.519
282.151	6.91007	6.8789	6.67805	6.52126
283.226	6.90877	6.88043	6.67755	6.5191
284.305	6.90752	6.87794	6.67956	6.51829
285.388	6.9062	6.87736	6.67972	6.51911
286.476	6.90585	6.87956	6.67843	6.52023
287.567	6.9063	6.87868	6.67738	6.5201
288.663	6.90526	6.87635	6.67904	6.51872
289.762	6.9064	6.87813	6.67812	6.52094
290.866	6.9077	6.87585	6.67789	6.52047
291.974	6.90525	6.87302	6.6782	6.51815
293.087	6.90114	6.87535	6.67976	6.51907
294.203	6.90432	6.87423	6.67784	6.51662
295.324	6.90439	6.87121	6.67725	6.51773
296.449	6.90346	6.87476	6.67698	6.51807
297.578	6.90495	6.87272	6.67745	6.51667
298.712	6.90222	6.87135	6.67696	6.51589
300	6.90067	6.87243	6.67644	6.51794
