5.75E-4	7.95691	7.77591	7.81912	8.28834
0.00115	8.02792	7.93024	8.04394	8.24882
0.001725	8.00704	7.96999	8.15741	8.04498
0.0023	8.07724	8.05108	8.17231	8.11759
0.002875	8.0659	8.06464	8.116	8.14202
0.0034625	8.04628	8.03432	8.09036	8.10082
0.00405	8.07635	8.00714	8.0633	8.15506
0.004625	8.05326	7.95547	8.05259	8.01169
0.005225	7.99556	7.97698	8.01194	8.09336
0.0058125	8.01672	7.92026	8.02354	8.13245
0.0064	8.0236	7.88653	8.02377	8.17654
0.007	8.00758	7.9187	8.08511	8.13825
0.0076	7.97452	7.93251	8.01083	8.14713
0.0082	7.98313	7.95588	7.97651	8.04894
0.0088	7.9906	7.97182	8.02901	8.05051
0.0094	7.97893	7.92909	8.07824	8.08658
0.0100125	7.98013	7.92701	7.98679	8.16
0.010625	7.96841	7.92033	8.0089	8.10661
0.0112375	7.98763	7.91145	8.00751	8.13226
0.01185	7.91993	7.9619	8.02237	8.12903
0.0124625	7.87774	7.91945	7.97345	8.0783
0.013075	7.98181	7.96264	8.00883	8.08109
0.0137	7.91975	7.93179	8.01954	8.11549
0.014325	7.98669	7.95057	7.96486	8.09878
0.01495	7.93277	8.02758	7.97777	8.16491
0.015575	8.0065	7.9078	7.92858	8.09891
0.0162125	7.94069	7.93182	7.97489	8.09577
0.0168375	7.92761	7.88263	7.94546	8.07419
0.017475	7.94538	7.86494	7.97592	8.08071
0.0181125	7.89986	7.89123	8.00781	8.0399
0.01875	7.94831	7.89794	8.01668	8.10196
0.0194	8.01046	7.90421	7.95723	8.15896
0.0200375	7.93612	7.88013	7.94959	8.04544
0.0206875	7.9076	7.85132	7.93075	8.05298
0.0213375	7.87973	7.91492	7.94281	8.05379
0.0219875	7.89722	7.90766	7.96933	8.04007
0.02265	7.90735	7.89068	7.98545	8.06509
0.0233	7.94325	7.86806	7.92274	8.11294
0.0239625	7.87236	7.83439	7.96804	7.99632
0.024625	7.90779	7.85414	7.96203	8.03188
0.0252875	7.91231	7.90603	7.90099	8.05701
0.0259625	7.89578	7.86355	7.93591	8.0723
0.026625	7.91335	7.86616	7.9166	8.04266
0.0273	7.85038	7.8767	7.94293	8.0664
0.027975	7.89151	7.90448	7.94936	8.00496
0.02865	7.90542	7.90069	7.87062	7.98592
0.0293375	7.91816	7.90516	7.90154	8.01241
0.0300125	7.88549	7.88599	7.90263	8.03962
0.0307	7.87647	7.89799	7.96487	8.04125
0.0313875	7.8149	7.85221	7.93524	8.02939
0.0320875	7.87763	7.8118	7.93511	8.04265
0.032775	7.84115	7.8301	7.89147	8.0202
0.033475	7.87113	7.87321	7.91057	7.99416
0.034175	7.84179	7.78785	7.87052	8.04029
0.034875	7.8509	7.77634	7.8656	8.00627
0.035575	7.88739	7.84504	7.84352	7.98616
0.0362875	7.87503	7.77749	7.87299	7.99315
0.0369875	7.79883	7.78802	7.83596	7.98981
0.0377	7.85396	7.76306	7.87958	7.98646
0.0384125	7.81362	7.79421	7.93389	7.9903
0.0391375	7.83138	7.80043	7.83598	8.00604
0.03985	7.83862	7.77374	7.85478	8.0071
0.040575	7.81612	7.73909	7.82689	7.92391
0.0413	7.7968	7.75496	7.84842	7.98519
0.0420375	7.83298	7.73484	7.8179	8.00812
0.0427625	7.82572	7.75594	7.80435	8.04282
0.0435	7.79205	7.76287	7.8797	7.97948
0.0442375	7.80413	7.73936	7.80762	7.95288
0.044975	7.80927	7.70317	7.80954	7.94783
0.0457125	7.78526	7.82606	7.83785	7.98104
0.0464625	7.78051	7.81127	7.81396	7.9561
0.0472125	7.86097	7.73654	7.77346	7.98846
0.0479625	7.82085	7.72951	7.862	7.94146
0.0487125	7.74486	7.75354	7.7879	7.95341
0.049475	7.75734	7.74701	7.78858	7.96639
0.050225	7.79059	7.71497	7.84106	7.97052
0.0509875	7.75674	7.70522	7.84112	7.95335
0.0517625	7.80493	7.6719	7.77803	7.95916
0.052525	7.78179	7.71412	7.76503	7.90053
0.0533	7.76756	7.62932	7.73185	7.93766
0.054075	7.766	7.70504	7.83469	7.9593
0.05485	7.76042	7.67426	7.83151	7.95397
0.055625	7.7863	7.68434	7.79337	7.93212
0.0564125	7.71493	7.70957	7.77172	7.95282
0.0572	7.70458	7.66199	7.78874	7.92764
0.0579875	7.78708	7.72367	7.7828	7.92782
0.058775	7.71491	7.70743	7.76822	7.92356
0.059575	7.71055	7.69895	7.75872	7.96996
0.060375	7.68226	7.6521	7.73293	7.95806
0.061175	7.73122	7.59482	7.72839	7.88217
0.061975	7.72473	7.65316	7.74722	7.90981
0.0627875	7.77741	7.69762	7.72144	7.95805
0.0636	7.74437	7.67433	7.7335	7.84757
0.0644125	7.7585	7.69904	7.7387	7.90975
0.065225	7.71109	7.67204	7.72572	7.89633
0.0660375	7.67185	7.66379	7.72976	7.90213
0.0668625	7.7241	7.66154	7.74341	7.94907
0.0676875	7.71728	7.65371	7.76736	7.92232
0.068525	7.66306	7.6526	7.71439	7.93693
0.06935	7.73484	7.64988	7.73069	7.91021
0.0701875	7.71924	7.63963	7.7239	7.91184
0.071025	7.67991	7.61785	7.66628	7.84835
0.0718625	7.68009	7.63781	7.71657	7.8518
0.0727125	7.67833	7.6149	7.6996	7.89501
0.0735625	7.67041	7.60857	7.68793	7.90552
0.0744125	7.70652	7.62402	7.705	7.90775
0.0752625	7.71527	7.67188	7.70508	7.87568
0.076125	7.65466	7.63411	7.67712	7.88733
0.0769875	7.68718	7.64045	7.7384	7.84652
0.07785	7.68195	7.64058	7.69826	7.90739
0.0787125	7.66289	7.64207	7.6987	7.89236
0.0795875	7.65046	7.60865	7.67358	7.84273
0.0804625	7.65327	7.60755	7.7018	7.87108
0.0813375	7.65938	7.60836	7.65602	7.88768
0.082225	7.67485	7.68239	7.66104	7.85558
0.0831	7.6707	7.66252	7.68161	7.83406
0.0839875	7.67104	7.60253	7.62025	7.84134
0.0848875	7.64818	7.61539	7.70248	7.85907
0.085775	7.66179	7.60388	7.6796	7.82629
0.086675	7.66326	7.62012	7.68739	7.86265
0.087575	7.69519	7.67416	7.69392	7.85167
0.088475	7.61234	7.55036	7.6337	7.8809
0.0893875	7.65517	7.63728	7.69277	7.90619
0.0903	7.63854	7.625	7.65392	7.88551
0.0912125	7.63822	7.58578	7.67773	7.84013
0.0921375	7.66287	7.56228	7.62889	7.80804
0.09305	7.64406	7.56763	7.63683	7.82132
0.0939875	7.62659	7.61215	7.70666	7.86589
0.0949125	7.63731	7.58543	7.66402	7.8319
0.0958375	7.63548	7.56452	7.64744	7.78913
0.096775	7.61583	7.6006	7.65502	7.81031
0.097725	7.66594	7.59772	7.59808	7.84413
0.0986625	7.63163	7.59705	7.68232	7.82344
0.0996125	7.65129	7.61654	7.63958	7.77382
0.100562	7.61402	7.5626	7.63979	7.8396
0.101512	7.65768	7.51863	7.63221	7.77158
0.102475	7.59296	7.53195	7.5984	7.84283
0.103437	7.58914	7.53143	7.63823	7.82655
0.1044	7.60342	7.54426	7.59615	7.79032
0.105362	7.62981	7.49258	7.61808	7.79461
0.106338	7.62875	7.54247	7.59789	7.83618
0.107313	7.65049	7.56263	7.60025	7.78143
0.1083	7.57689	7.54639	7.60942	7.78603
0.109275	7.66666	7.53847	7.57681	7.78333
0.110262	7.60699	7.53431	7.60382	7.8136
0.11125	7.64745	7.53761	7.63756	7.78126
0.11225	7.60224	7.5394	7.57161	7.7641
0.11325	7.5598	7.54676	7.59457	7.80172
0.11425	7.62235	7.54219	7.59304	7.81512
0.115263	7.5897	7.50667	7.59425	7.76669
0.116263	7.59027	7.52418	7.60821	7.78547
0.117288	7.57648	7.53477	7.56631	7.75636
0.1183	7.60113	7.54498	7.55177	7.78394
0.119325	7.61547	7.53403	7.60396	7.8233
0.12035	7.53043	7.52069	7.56332	7.75359
0.121375	7.54808	7.49477	7.59975	7.75321
0.122413	7.59306	7.51455	7.56648	7.74454
0.12345	7.59649	7.52521	7.56182	7.75248
0.124487	7.58796	7.5583	7.55649	7.7462
0.125537	7.61265	7.5141	7.59988	7.78548
0.126587	7.5729	7.4976	7.57469	7.76157
0.127638	7.62625	7.49235	7.52366	7.77318
0.128688	7.54181	7.49286	7.57836	7.72524
0.12975	7.54605	7.51514	7.57806	7.7567
0.130825	7.54978	7.48561	7.56646	7.76556
0.131887	7.53791	7.5002	7.57895	7.70448
0.132962	7.59593	7.4727	7.56285	7.75658
0.134037	7.57127	7.50795	7.51105	7.70019
0.135125	7.57424	7.51253	7.53033	7.77797
0.1362	7.52922	7.47702	7.54824	7.7934
0.1373	7.5602	7.44431	7.55901	7.74832
0.138388	7.53783	7.5318	7.54929	7.7086
0.139488	7.54531	7.46883	7.54029	7.7514
0.140587	7.48707	7.46131	7.56905	7.70624
0.1417	7.53531	7.48676	7.52393	7.68517
0.142813	7.52267	7.49652	7.55399	7.72373
0.143925	7.52315	7.46366	7.50359	7.73038
0.145038	7.52375	7.46032	7.54037	7.69802
0.146162	7.60184	7.4528	7.56397	7.72811
0.147288	7.55562	7.50052	7.57236	7.68575
0.148425	7.51532	7.44483	7.51494	7.69013
0.149562	7.52801	7.44998	7.51015	7.69586
0.1507	7.52983	7.52434	7.54648	7.71025
0.15185	7.53369	7.45246	7.51245	7.72486
0.153	7.52009	7.48595	7.52655	7.68606
0.15415	7.54911	7.44965	7.52947	7.67505
0.155312	7.534	7.45352	7.48126	7.7153
0.156475	7.47336	7.4357	7.46893	7.66122
0.157638	7.48077	7.44211	7.49212	7.73336
0.158812	7.54398	7.44837	7.51587	7.69476
0.159987	7.52386	7.42257	7.51446	7.67375
0.161162	7.50586	7.45782	7.50519	7.67658
0.16235	7.49625	7.46794	7.49742	7.71052
0.163538	7.50462	7.45004	7.50875	7.69238
0.164737	7.50568	7.4364	7.49126	7.70966
0.165925	7.50161	7.41037	7.49918	7.71548
0.167138	7.53177	7.43914	7.45659	7.71679
0.168337	7.49557	7.42492	7.49681	7.69278
0.16955	7.47308	7.4116	7.46946	7.68319
0.170775	7.48008	7.4272	7.50321	7.68178
0.171988	7.49795	7.40809	7.46276	7.66116
0.173212	7.51244	7.42694	7.49701	7.64228
0.17445	7.44255	7.43593	7.51403	7.70366
0.175688	7.4945	7.40793	7.52372	7.66944
0.176925	7.48254	7.38562	7.45084	7.63111
0.178175	7.4977	7.43277	7.50328	7.69932
0.179412	7.46885	7.44374	7.52446	7.62696
0.180675	7.43071	7.41131	7.47631	7.68208
0.181938	7.48761	7.43646	7.46551	7.68036
0.1832	7.50313	7.43719	7.45305	7.64533
0.184463	7.45871	7.42086	7.44072	7.68764
0.185738	7.53023	7.43319	7.49775	7.63799
0.187012	7.4886	7.42902	7.49386	7.65635
0.1883	7.5079	7.42495	7.45472	7.63115
0.189588	7.4825	7.42754	7.44823	7.62713
0.190875	7.49527	7.40571	7.49109	7.63186
0.192175	7.4828	7.40071	7.46673	7.65016
0.193487	7.42978	7.40714	7.48744	7.67004
0.194788	7.45281	7.41642	7.4277	7.67967
0.1961	7.45428	7.38786	7.4469	7.62806
0.197425	7.48754	7.38588	7.47876	7.62344
0.198738	7.45614	7.39412	7.45492	7.66386
0.200075	7.45334	7.38538	7.48123	7.64286
0.2014	7.45892	7.40364	7.42522	7.63486
0.202737	7.45141	7.40445	7.46876	7.65086
0.204087	7.48114	7.40192	7.48097	7.64943
0.205437	7.46584	7.35995	7.44317	7.65179
0.206787	7.47562	7.37614	7.45983	7.63011
0.20815	7.42709	7.40706	7.45488	7.64889
0.209513	7.44634	7.34006	7.44075	7.6005
0.210875	7.45496	7.39472	7.44805	7.66143
0.21225	7.43275	7.3402	7.4191	7.60266
0.213638	7.43255	7.40578	7.4592	7.63003
0.215013	7.43198	7.391	7.40545	7.63113
0.2164	7.44969	7.39512	7.44739	7.63247
0.2178	7.41262	7.39359	7.4237	7.64114
0.2192	7.42678	7.38728	7.44599	7.58811
0.220612	7.44906	7.38426	7.40377	7.62678
0.222013	7.40477	7.40048	7.44775	7.64722
0.223438	7.42913	7.38015	7.45155	7.63725
0.224863	7.38723	7.34256	7.4003	7.57109
0.226287	7.41095	7.36454	7.42315	7.63087
0.227712	7.40707	7.3682	7.43365	7.59502
0.22915	7.42163	7.34465	7.42666	7.57666
0.2306	7.41678	7.35624	7.43315	7.63021
0.23205	7.39359	7.36345	7.38237	7.59695
0.2335	7.43608	7.36173	7.4198	7.57357
0.234962	7.36843	7.38829	7.4583	7.5768
0.236425	7.41503	7.3529	7.47219	7.59514
0.2379	7.38589	7.34544	7.42264	7.59754
0.239375	7.42097	7.34719	7.42142	7.61269
0.240863	7.40493	7.33451	7.38805	7.57117
0.24235	7.40692	7.33277	7.42886	7.61361
0.243838	7.40546	7.3109	7.36412	7.59874
0.245338	7.41474	7.34446	7.3858	7.61648
0.24685	7.37682	7.37386	7.39997	7.59595
0.248362	7.38982	7.33549	7.37738	7.61082
0.249875	7.40427	7.34638	7.38072	7.60701
0.2514	7.43202	7.33408	7.40485	7.56936
0.252925	7.35675	7.31886	7.42161	7.57342
0.254463	7.39594	7.35562	7.42924	7.58666
0.256	7.40507	7.35703	7.4115	7.56376
0.25755	7.38935	7.35414	7.38075	7.58195
0.2591	7.39651	7.33211	7.3983	7.60213
0.26065	7.40907	7.30336	7.37555	7.55202
0.262225	7.40668	7.34254	7.39756	7.57876
0.263788	7.37023	7.29698	7.38264	7.54302
0.265363	7.3991	7.31912	7.37519	7.59685
0.26695	7.36638	7.31914	7.421	7.59905
0.268537	7.40638	7.32949	7.35167	7.57159
0.270125	7.40045	7.33488	7.39419	7.56259
0.271725	7.42094	7.33484	7.39085	7.5595
0.273338	7.32765	7.34208	7.39755	7.55968
0.27495	7.36291	7.32415	7.3746	7.55843
0.276563	7.38402	7.33654	7.37214	7.55554
0.278188	7.39026	7.31971	7.38703	7.57363
0.279813	7.354	7.29364	7.34527	7.58551
0.28145	7.37323	7.32994	7.38771	7.53776
0.2831	7.35517	7.30587	7.37171	7.58818
0.28475	7.37754	7.32073	7.38175	7.54698
0.2864	7.3703	7.2852	7.38355	7.57797
0.288063	7.37733	7.32765	7.39904	7.53574
0.289725	7.36487	7.28492	7.38566	7.55557
0.2914	7.41009	7.3253	7.39161	7.52933
0.293088	7.37919	7.302	7.4008	7.55066
0.294775	7.34075	7.33886	7.35552	7.53503
0.296463	7.38968	7.30153	7.34936	7.57134
0.298162	7.3705	7.29577	7.36603	7.5487
0.299875	7.34006	7.28653	7.32595	7.54576
0.301587	7.40066	7.28712	7.35641	7.52185
0.3033	7.37127	7.30714	7.34784	7.5836
0.305037	7.3557	7.30929	7.35318	7.53222
0.306762	7.39671	7.31416	7.3508	7.5245
0.3085	7.34156	7.29643	7.35746	7.56215
0.31025	7.40062	7.27545	7.35951	7.56042
0.312	7.37444	7.29202	7.34264	7.5232
0.313762	7.33684	7.29895	7.34442	7.52889
0.315525	7.36923	7.26682	7.34912	7.51639
0.3173	7.34327	7.25667	7.37982	7.52425
0.319075	7.32532	7.32236	7.36619	7.51471
0.320863	7.34456	7.27964	7.34844	7.53296
0.322663	7.39198	7.33301	7.34071	7.54894
0.324463	7.34962	7.30261	7.34538	7.53665
0.326263	7.35929	7.30152	7.31507	7.52393
0.328075	7.34639	7.28385	7.36525	7.50661
0.3299	7.35902	7.31451	7.351	7.51886
0.331725	7.34173	7.29799	7.32398	7.51517
0.333562	7.31925	7.25243	7.37512	7.50373
0.3354	7.32049	7.25516	7.335	7.52472
0.33725	7.35244	7.27266	7.33123	7.52337
0.3391	7.33379	7.28078	7.3362	7.52878
0.340962	7.35903	7.28423	7.30549	7.52191
0.342838	7.33983	7.25243	7.33111	7.53283
0.344712	7.32394	7.2491	7.35133	7.50212
0.3466	7.3607	7.28373	7.33397	7.48955
0.348487	7.31305	7.25632	7.34188	7.51551
0.350388	7.36409	7.27841	7.32668	7.52861
0.352288	7.33831	7.29058	7.28812	7.49054
0.3542	7.34022	7.23282	7.32884	7.52772
0.356125	7.32697	7.26742	7.3044	7.49483
0.35805	7.31884	7.2555	7.33034	7.51346
0.359987	7.31794	7.25447	7.33616	7.48385
0.361925	7.31076	7.26561	7.30655	7.52652
0.363875	7.30942	7.29447	7.30891	7.51478
0.365838	7.33253	7.24034	7.32249	7.50724
0.3678	7.33393	7.24593	7.32023	7.53637
0.369763	7.30973	7.23899	7.324	7.52467
0.37175	7.35413	7.22305	7.29747	7.53432
0.373738	7.32833	7.23379	7.31717	7.49996
0.375725	7.31306	7.24543	7.34194	7.48996
0.377725	7.33506	7.26397	7.31666	7.48851
0.379737	7.29855	7.26545	7.34125	7.50215
0.381763	7.31949	7.26865	7.3339	7.51321
0.383775	7.31731	7.27028	7.32504	7.51121
0.385812	7.34858	7.25464	7.29489	7.50799
0.38785	7.32542	7.25573	7.3319	7.49199
0.3899	7.31731	7.22228	7.31686	7.49176
0.391962	7.32252	7.25121	7.3185	7.47126
0.394025	7.31004	7.27227	7.2935	7.47479
0.396087	7.34584	7.24989	7.3691	7.50499
0.398175	7.32875	7.2462	7.31148	7.49116
0.400263	7.34613	7.27284	7.2986	7.48736
0.40235	7.32343	7.26175	7.30827	7.48287
0.404462	7.31049	7.22092	7.2985	7.48941
0.406575	7.33387	7.25183	7.32898	7.53206
0.408688	7.30434	7.25639	7.30854	7.47958
0.410812	7.29459	7.26177	7.32508	7.50465
0.41295	7.29185	7.23325	7.30536	7.45341
0.4151	7.30145	7.26122	7.34137	7.46035
0.41725	7.2942	7.23583	7.31322	7.45896
0.4194	7.28582	7.2196	7.31042	7.50746
0.421575	7.29833	7.21865	7.28926	7.47242
0.42375	7.289	7.25278	7.2896	7.47233
0.425938	7.31385	7.23232	7.28988	7.48189
0.428125	7.2905	7.20597	7.27612	7.46906
0.430325	7.31332	7.2263	7.33523	7.49031
0.432537	7.32906	7.22624	7.28996	7.49833
0.434763	7.27506	7.23254	7.28803	7.46473
0.436987	7.28976	7.21235	7.29632	7.48046
0.439225	7.30411	7.22593	7.31185	7.48408
0.441462	7.32509	7.24966	7.32072	7.46507
0.443713	7.27848	7.22767	7.26241	7.48631
0.445975	7.29426	7.2495	7.27694	7.48091
0.44825	7.29676	7.23678	7.26401	7.43351
0.450525	7.29207	7.24012	7.30698	7.46918
0.452812	7.27269	7.23491	7.31381	7.48212
0.4551	7.28746	7.21587	7.29262	7.46451
0.457413	7.28712	7.20785	7.30136	7.51557
0.459725	7.29417	7.22845	7.30096	7.47414
0.462038	7.29637	7.22287	7.29926	7.46641
0.464375	7.3012	7.20428	7.30383	7.48051
0.466713	7.30103	7.24491	7.2722	7.45136
0.469063	7.29384	7.18571	7.26638	7.49665
0.471413	7.28045	7.19621	7.29728	7.47083
0.473787	7.28902	7.21118	7.25754	7.48877
0.476162	7.28989	7.20496	7.27816	7.45411
0.478537	7.27493	7.21468	7.29782	7.47614
0.480938	7.27521	7.2049	7.28831	7.45951
0.483337	7.26458	7.25661	7.27539	7.44899
0.48575	7.29079	7.21621	7.295	7.43293
0.488175	7.30465	7.21593	7.26752	7.42537
0.4906	7.27767	7.19678	7.27112	7.44299
0.493037	7.28056	7.18815	7.26873	7.45313
0.495488	7.2903	7.24	7.28023	7.44125
0.49795	7.2797	7.22961	7.29369	7.46109
0.500413	7.31184	7.18617	7.27759	7.46263
0.502887	7.2666	7.22981	7.25813	7.46184
0.505375	7.29916	7.20136	7.28326	7.47421
0.507875	7.2857	7.23795	7.28236	7.48726
0.510375	7.26216	7.18757	7.24793	7.47255
0.512887	7.26309	7.19339	7.25627	7.45571
0.515413	7.23397	7.22131	7.26511	7.4371
0.51795	7.27526	7.21131	7.28336	7.47647
0.520487	7.27983	7.20055	7.26552	7.46042
0.52305	7.26124	7.1903	7.29029	7.44186
0.525612	7.26381	7.18641	7.26281	7.44075
0.528175	7.27367	7.21464	7.28098	7.45971
0.530762	7.27819	7.21438	7.26371	7.46653
0.53335	7.27205	7.22258	7.2662	7.41604
0.535963	7.27297	7.21352	7.27899	7.42035
0.538575	7.27308	7.20683	7.27344	7.45654
0.541188	7.27383	7.18695	7.24334	7.45769
0.543825	7.2563	7.20388	7.27818	7.48942
0.546462	7.28047	7.18888	7.29581	7.46255
0.549112	7.27447	7.20306	7.24696	7.43962
0.551775	7.28381	7.19713	7.26804	7.43209
0.55445	7.23921	7.20244	7.26203	7.46498
0.557137	7.26368	7.22379	7.26583	7.45625
0.559825	7.28892	7.21253	7.25984	7.49045
0.562525	7.25518	7.17454	7.27326	7.43159
0.565238	7.2823	7.21862	7.2702	7.44668
0.567963	7.27375	7.18969	7.24563	7.44729
0.5707	7.27207	7.19755	7.24647	7.43972
0.573438	7.2549	7.20616	7.28277	7.43658
0.5762	7.25368	7.22333	7.23808	7.43335
0.578963	7.26246	7.20686	7.25141	7.43178
0.581738	7.25479	7.19546	7.26184	7.46163
0.584525	7.26778	7.19661	7.26653	7.43864
0.587325	7.25316	7.20409	7.25453	7.44831
0.590125	7.25176	7.19037	7.24511	7.43042
0.59295	7.2446	7.20043	7.25583	7.44858
0.595775	7.25516	7.20649	7.25001	7.43414
0.598612	7.25644	7.18935	7.25555	7.42164
0.601462	7.27937	7.19814	7.2437	7.41931
0.604325	7.25009	7.20139	7.23694	7.43674
0.6072	7.24359	7.17134	7.22901	7.44204
0.610088	7.25191	7.18354	7.24974	7.45435
0.612975	7.24784	7.18286	7.27624	7.4225
0.615888	7.26491	7.15547	7.27373	7.43157
0.6188	7.2582	7.192	7.25782	7.44132
0.621725	7.24567	7.20037	7.24594	7.44218
0.624663	7.2684	7.18001	7.28061	7.45674
0.627612	7.27486	7.15775	7.22863	7.44625
0.630575	7.26976	7.19597	7.27854	7.43791
0.63355	7.244	7.17026	7.24085	7.43869
0.636525	7.22051	7.17754	7.24931	7.40597
0.639525	7.26149	7.21154	7.25085	7.41771
0.642537	7.24685	7.19015	7.27004	7.41559
0.64555	7.2452	7.22406	7.25347	7.4452
0.648575	7.24709	7.19065	7.23844	7.42727
0.651625	7.26858	7.185	7.23319	7.45155
0.654675	7.24009	7.17035	7.26813	7.43384
0.657737	7.2494	7.17763	7.23554	7.42857
0.660812	7.26365	7.18118	7.25401	7.43217
0.6639	7.26294	7.16677	7.242	7.41464
0.667	7.24175	7.19333	7.23766	7.43941
0.670112	7.26371	7.1633	7.2457	7.45493
0.673238	7.23643	7.17624	7.24264	7.42443
0.676363	7.25103	7.17772	7.245	7.45225
0.679513	7.24308	7.16595	7.25917	7.4285
0.682675	7.2332	7.18871	7.25137	7.39867
0.685838	7.22594	7.19379	7.23796	7.43615
0.689025	7.24523	7.19255	7.23383	7.44959
0.692225	7.25849	7.18594	7.25574	7.41849
0.695425	7.21776	7.16708	7.23782	7.43884
0.69865	7.25338	7.16824	7.22286	7.42974
0.701875	7.25722	7.17988	7.23194	7.42745
0.705125	7.24678	7.17963	7.2606	7.43697
0.708375	7.23266	7.19596	7.21141	7.43718
0.71165	7.2299	7.18427	7.25205	7.39323
0.714925	7.22208	7.19971	7.25382	7.41284
0.718225	7.23422	7.1788	7.21983	7.4422
0.721525	7.2479	7.16084	7.25753	7.43451
0.724837	7.26276	7.18939	7.26041	7.42202
0.728175	7.23919	7.15421	7.24206	7.41588
0.731512	7.26082	7.17631	7.2572	7.42345
0.734875	7.23448	7.17318	7.23134	7.42249
0.73825	7.26518	7.18435	7.23379	7.4129
0.741625	7.22034	7.18517	7.24192	7.42102
0.745025	7.24454	7.179	7.24972	7.44002
0.748425	7.23527	7.16425	7.24498	7.4225
0.75185	7.24766	7.18711	7.23907	7.43107
0.755288	7.22467	7.15278	7.22971	7.41419
0.758725	7.24645	7.18638	7.23631	7.40869
0.762187	7.22388	7.16894	7.21769	7.42156
0.765662	7.25402	7.1585	7.2581	7.43258
0.76915	7.20322	7.16428	7.22533	7.43808
0.77265	7.24088	7.17241	7.26088	7.41109
0.776163	7.24446	7.17504	7.21901	7.41647
0.779688	7.23079	7.13774	7.23946	7.42085
0.783225	7.23708	7.18596	7.24456	7.43444
0.786788	7.23851	7.18658	7.22444	7.43171
0.79035	7.23823	7.142	7.19879	7.4413
0.793938	7.2411	7.15787	7.23396	7.4346
0.797525	7.23912	7.17678	7.24121	7.42416
0.801138	7.2338	7.15299	7.23624	7.40153
0.80475	7.2236	7.17888	7.23851	7.42444
0.808388	7.25743	7.15973	7.22712	7.40973
0.812038	7.24755	7.15529	7.2339	7.4201
0.8157	7.23124	7.16459	7.22481	7.41741
0.819375	7.21986	7.18009	7.22991	7.41054
0.823075	7.23157	7.15577	7.26118	7.42655
0.826775	7.22513	7.1724	7.21502	7.41321
0.8305	7.23346	7.14923	7.23043	7.42185
0.834225	7.24077	7.16332	7.2451	7.42064
0.837975	7.2419	7.14917	7.21496	7.41891
0.841738	7.22515	7.16708	7.24101	7.43743
0.845513	7.23444	7.17594	7.22502	7.42566
0.8493	7.23045	7.16952	7.22779	7.38974
0.853113	7.23193	7.1519	7.25444	7.40546
0.856925	7.22163	7.14349	7.24379	7.4141
0.860762	7.23333	7.14048	7.24491	7.40865
0.864613	7.25163	7.16268	7.23968	7.40865
0.868475	7.24578	7.15886	7.22318	7.39599
0.87235	7.22753	7.16287	7.2362	7.40898
0.87625	7.23345	7.15251	7.22797	7.40247
0.88015	7.23458	7.15614	7.26267	7.41869
0.884075	7.24259	7.16259	7.23981	7.42332
0.888013	7.20915	7.17394	7.24516	7.4087
0.891963	7.20162	7.15128	7.23209	7.40092
0.895938	7.23785	7.16924	7.22836	7.42221
0.899912	7.22293	7.13798	7.24441	7.40883
0.903912	7.21447	7.15062	7.24049	7.39505
0.907925	7.23527	7.17246	7.24069	7.40357
0.91195	7.23843	7.14277	7.22638	7.40309
0.916	7.24113	7.17122	7.22525	7.39891
0.920062	7.22995	7.16105	7.22846	7.41733
0.924137	7.24015	7.1593	7.21508	7.40334
0.928225	7.22539	7.14458	7.23016	7.40087
0.932325	7.20703	7.14628	7.22762	7.42567
0.93645	7.21134	7.16878	7.2313	7.40236
0.940588	7.20663	7.15796	7.20601	7.42038
0.944737	7.22371	7.14853	7.23699	7.42264
0.948913	7.21825	7.15581	7.24081	7.41732
0.953088	7.22559	7.15805	7.23568	7.40406
0.957287	7.21939	7.15627	7.21853	7.41544
0.961513	7.21734	7.15319	7.22214	7.41317
0.965738	7.21391	7.16893	7.23384	7.40557
0.969988	7.22599	7.14933	7.23469	7.4126
0.97425	7.21914	7.14847	7.21802	7.40125
0.978537	7.22566	7.15789	7.2303	7.38454
0.982837	7.23597	7.15092	7.23884	7.41651
0.98715	7.22802	7.15332	7.23494	7.41421
0.991475	7.22258	7.16126	7.24019	7.38673
0.995825	7.24701	7.16183	7.24631	7.40461
1.00019	7.19738	7.15476	7.20314	7.4165
1.00456	7.21988	7.15748	7.2117	7.40688
1.00896	7.22069	7.14911	7.23814	7.39571
1.01338	7.21373	7.16299	7.21653	7.39846
1.0178	7.20385	7.16058	7.22735	7.401
1.02225	7.22328	7.15362	7.22944	7.38027
1.02671	7.22937	7.14721	7.22354	7.39695
1.03119	7.21151	7.15956	7.23206	7.40614
1.03569	7.2236	7.14948	7.21787	7.39774
1.0402	7.24053	7.14395	7.20738	7.40094
1.04474	7.21494	7.15809	7.19808	7.41371
1.04929	7.23187	7.15079	7.22956	7.41188
1.05385	7.20993	7.16504	7.23108	7.39078
1.05844	7.24663	7.14792	7.2493	7.42184
1.06304	7.22161	7.13892	7.21856	7.40948
1.06766	7.21217	7.17355	7.2515	7.39811
1.07229	7.21029	7.15016	7.2281	7.40866
1.07695	7.22373	7.15044	7.22111	7.40418
1.08162	7.22349	7.13722	7.21006	7.39221
1.08631	7.21959	7.1439	7.22487	7.38759
1.09101	7.21849	7.1554	7.23006	7.39904
1.09574	7.22214	7.14799	7.22108	7.39033
1.10049	7.23592	7.14363	7.23504	7.40404
1.10525	7.21122	7.15568	7.24238	7.40679
1.11003	7.21262	7.16396	7.22346	7.41868
1.11483	7.19863	7.14533	7.23824	7.42176
1.11964	7.22254	7.1566	7.22871	7.40087
1.12448	7.22628	7.15891	7.21974	7.39842
1.12933	7.19651	7.15218	7.2217	7.40139
1.1342	7.21711	7.13673	7.21756	7.40188
1.13909	7.23226	7.14303	7.24477	7.40631
1.144	7.2306	7.16083	7.22821	7.40008
1.14892	7.21975	7.14812	7.23052	7.39547
1.15387	7.20713	7.16104	7.20458	7.41048
1.15884	7.21604	7.16732	7.24642	7.38857
1.16381	7.22848	7.16773	7.21089	7.3744
1.16883	7.19608	7.15366	7.21101	7.39727
1.17384	7.21135	7.16374	7.20512	7.39387
1.17889	7.20029	7.14679	7.21262	7.395
1.18394	7.22322	7.15616	7.2242	7.36804
1.18903	7.23252	7.13496	7.22207	7.39507
1.19413	7.21559	7.14627	7.21546	7.40326
1.19924	7.20355	7.14503	7.19911	7.40023
1.20438	7.21955	7.13279	7.22123	7.38937
1.20954	7.21364	7.13865	7.20648	7.39714
1.21471	7.22391	7.15254	7.20881	7.39182
1.21991	7.22441	7.16235	7.23295	7.3933
1.22512	7.22815	7.14798	7.21838	7.37888
1.23036	7.20817	7.1367	7.22042	7.37565
1.23561	7.23511	7.15617	7.22922	7.37239
1.24089	7.21581	7.15668	7.22033	7.41453
1.24619	7.2097	7.14974	7.23032	7.41682
1.2515	7.25271	7.14405	7.21643	7.38882
1.25684	7.21631	7.13808	7.20322	7.40056
1.2622	7.2077	7.16867	7.23253	7.37572
1.26758	7.20844	7.16336	7.22061	7.38964
1.27297	7.24087	7.15538	7.22555	7.3724
1.27839	7.22636	7.14599	7.21474	7.3716
1.28383	7.21438	7.16038	7.21196	7.39671
1.28929	7.21996	7.13748	7.23761	7.38254
1.29476	7.21582	7.14636	7.21737	7.39789
1.30027	7.23457	7.14435	7.23617	7.37901
1.30579	7.20416	7.13142	7.22865	7.38195
1.31134	7.20694	7.15069	7.21204	7.39908
1.3169	7.22864	7.12962	7.21378	7.39603
1.32249	7.22066	7.14933	7.22571	7.40186
1.32809	7.201	7.14962	7.2073	7.37419
1.33372	7.20678	7.15037	7.22857	7.39759
1.33938	7.21842	7.1388	7.21386	7.39362
1.34504	7.22004	7.16001	7.22349	7.40042
1.35074	7.21099	7.15839	7.20832	7.38941
1.35645	7.229	7.14375	7.23405	7.39542
1.36219	7.22046	7.13893	7.21374	7.39231
1.36794	7.23557	7.1508	7.21977	7.40437
1.37373	7.20647	7.13937	7.21762	7.37531
1.37952	7.20374	7.1453	7.22842	7.38469
1.38535	7.20238	7.14802	7.21647	7.39005
1.39119	7.224	7.15617	7.21349	7.40692
1.39706	7.22111	7.14122	7.22014	7.39123
1.40295	7.2149	7.14407	7.22071	7.39867
1.40886	7.21481	7.15234	7.21605	7.38101
1.4148	7.23039	7.1624	7.20843	7.39719
1.42076	7.20168	7.15112	7.20528	7.37304
1.42674	7.21164	7.15175	7.22106	7.39297
1.43274	7.20522	7.15239	7.21352	7.40377
1.43877	7.22005	7.15077	7.22142	7.38282
1.44483	7.23181	7.16233	7.21406	7.39936
1.45089	7.21493	7.16698	7.21493	7.39811
1.45699	7.22653	7.14837	7.21832	7.38395
1.46311	7.19641	7.14979	7.21299	7.3984
1.46925	7.22607	7.16046	7.2282	7.39614
1.47541	7.22827	7.14199	7.22092	7.39611
1.4816	7.21752	7.15889	7.2198	7.39284
1.48781	7.22907	7.1654	7.21852	7.37773
1.49405	7.20633	7.14281	7.21515	7.38506
1.50031	7.20528	7.15081	7.20352	7.37237
1.5066	7.21493	7.14363	7.21992	7.40868
1.5129	7.22911	7.14457	7.21354	7.4011
1.51924	7.21971	7.14498	7.21723	7.38805
1.52559	7.23057	7.15897	7.23906	7.38256
1.53198	7.20348	7.13685	7.21376	7.38624
1.53838	7.22016	7.13824	7.22419	7.40183
1.5448	7.21637	7.15988	7.22926	7.37735
1.55126	7.20126	7.14184	7.20727	7.39666
1.55774	7.20793	7.14169	7.22857	7.39158
1.56424	7.21824	7.15345	7.21092	7.39772
1.57076	7.21989	7.14979	7.21562	7.39146
1.57731	7.21447	7.14307	7.21986	7.3708
1.5839	7.21797	7.14757	7.22698	7.38932
1.5905	7.22578	7.13447	7.21415	7.40284
1.59713	7.223	7.14668	7.23846	7.38546
1.60378	7.20049	7.15289	7.23694	7.40431
1.61045	7.21389	7.14601	7.20316	7.3949
1.61716	7.2005	7.14663	7.21626	7.39118
1.62389	7.21997	7.14219	7.2114	7.38404
1.63064	7.20178	7.14465	7.22009	7.39655
1.63742	7.20757	7.15812	7.20802	7.40042
1.64423	7.21691	7.15326	7.20198	7.3925
1.65106	7.20173	7.14673	7.23881	7.38739
1.65791	7.21126	7.15237	7.22999	7.39107
1.6648	7.20611	7.16288	7.22284	7.39363
1.67171	7.21297	7.14082	7.22488	7.39567
1.67865	7.21536	7.13692	7.22188	7.38458
1.68561	7.21634	7.13764	7.21455	7.3976
1.6926	7.2019	7.14303	7.21593	7.37051
1.69961	7.21239	7.15248	7.21121	7.38771
1.70666	7.20662	7.15338	7.1984	7.39778
1.71372	7.19318	7.13736	7.21199	7.40417
1.72082	7.2112	7.15136	7.20812	7.38846
1.72795	7.21116	7.14213	7.21005	7.36859
1.7351	7.22113	7.15044	7.22238	7.38698
1.74227	7.2178	7.14195	7.22564	7.39262
1.74949	7.22726	7.15198	7.22761	7.37264
1.75671	7.21484	7.15561	7.2027	7.38937
1.76398	7.18657	7.13874	7.21757	7.3849
1.77126	7.20612	7.14741	7.21345	7.39827
1.77857	7.20176	7.15112	7.2141	7.38667
1.78593	7.21199	7.13389	7.23135	7.384
1.79329	7.21255	7.14919	7.2279	7.38196
1.80069	7.21211	7.14844	7.21618	7.3846
1.80813	7.21826	7.14336	7.21298	7.38453
1.81558	7.21725	7.16585	7.22132	7.38661
1.82306	7.21097	7.14588	7.21866	7.39392
1.83057	7.22294	7.15759	7.22268	7.38916
1.83811	7.23168	7.1525	7.20446	7.38672
1.84569	7.21249	7.15247	7.21851	7.38989
1.85329	7.2142	7.13345	7.21574	7.37317
1.86091	7.23904	7.13831	7.23534	7.38358
1.86856	7.23534	7.13565	7.21675	7.403
1.87625	7.22058	7.15296	7.21122	7.39189
1.88398	7.22625	7.1597	7.21052	7.3873
1.89171	7.22263	7.13588	7.21665	7.39417
1.89949	7.22549	7.14069	7.22424	7.38011
1.90729	7.21557	7.13604	7.21699	7.39476
1.91513	7.20428	7.14741	7.21838	7.3867
1.92299	7.22297	7.14504	7.21087	7.39908
1.93089	7.22761	7.14435	7.21655	7.38274
1.9388	7.21711	7.15238	7.22265	7.38794
1.94676	7.21625	7.15436	7.20484	7.38499
1.95474	7.21122	7.15018	7.22696	7.39807
1.96276	7.20983	7.15507	7.20631	7.38334
1.9708	7.22758	7.14229	7.21508	7.3925
1.97888	7.21795	7.1508	7.22081	7.38912
1.98699	7.20487	7.1497	7.19572	7.39345
1.99513	7.21319	7.14126	7.2238	7.37896
2.00329	7.21887	7.14952	7.21905	7.40477
2.01149	7.21657	7.14048	7.22314	7.39495
2.01971	7.21098	7.14176	7.22929	7.39973
2.02798	7.20808	7.15471	7.22315	7.38672
2.03627	7.22122	7.13429	7.21926	7.40707
2.0446	7.21433	7.14082	7.22855	7.40521
2.05295	7.21472	7.13016	7.21305	7.38641
2.06134	7.22604	7.1424	7.2088	7.37508
2.06976	7.22569	7.15538	7.2136	7.38283
2.07821	7.20783	7.14577	7.21514	7.39334
2.0867	7.21885	7.14031	7.23205	7.39272
2.09521	7.21991	7.149	7.22087	7.3806
2.10376	7.21413	7.15683	7.22132	7.39213
2.11235	7.20946	7.15194	7.20876	7.38493
2.12096	7.21785	7.15599	7.20349	7.38561
2.12961	7.2117	7.13904	7.21774	7.39843
2.13829	7.21449	7.134	7.21065	7.38611
2.147	7.21158	7.14168	7.22032	7.38434
2.15575	7.21771	7.15136	7.22382	7.38441
2.16453	7.21196	7.14851	7.21182	7.39529
2.17334	7.21546	7.13003	7.21534	7.39499
2.18219	7.21809	7.14798	7.2257	7.40079
2.19106	7.22223	7.14178	7.21979	7.38818
2.19998	7.2243	7.1424	7.226	7.37612
2.20893	7.21441	7.15257	7.21394	7.41615
2.21791	7.2254	7.15427	7.19307	7.38338
2.22692	7.22212	7.15144	7.21294	7.39085
2.23598	7.21976	7.15117	7.21921	7.3991
2.24506	7.2176	7.15137	7.21642	7.40849
2.25419	7.21788	7.1491	7.2216	7.39139
2.26334	7.22551	7.14006	7.21832	7.39732
2.27253	7.20663	7.1569	7.21513	7.3786
2.28175	7.22331	7.1373	7.23041	7.40735
2.29101	7.22261	7.15372	7.20818	7.39797
2.3003	7.21711	7.14218	7.21863	7.38587
2.30964	7.20784	7.13718	7.21385	7.38915
2.319	7.20199	7.16307	7.2279	7.38589
2.3284	7.21001	7.15524	7.23109	7.40503
2.33784	7.19722	7.14254	7.20182	7.37719
2.34731	7.23394	7.14325	7.20883	7.40431
2.35681	7.22015	7.15429	7.21029	7.39861
2.36636	7.21947	7.16142	7.2164	7.40716
2.37595	7.21322	7.13118	7.23447	7.39382
2.38556	7.22463	7.14475	7.22371	7.40069
2.39521	7.21614	7.15078	7.21767	7.38651
2.40491	7.21855	7.15252	7.2307	7.38812
2.41464	7.21073	7.14998	7.22842	7.39477
2.4244	7.20897	7.14668	7.21682	7.40779
2.4342	7.211	7.1383	7.22314	7.39651
2.44405	7.22337	7.13921	7.20888	7.39486
2.45392	7.21392	7.14048	7.20819	7.3998
2.46384	7.21662	7.13491	7.2197	7.39615
2.47379	7.2268	7.16092	7.21564	7.38603
2.48377	7.22674	7.14598	7.22755	7.39633
2.49381	7.20454	7.14951	7.24354	7.38715
2.50388	7.21462	7.15056	7.223	7.39477
2.51397	7.20524	7.14574	7.22551	7.38495
2.52413	7.1997	7.14705	7.22689	7.39613
2.53431	7.21007	7.14124	7.21824	7.39137
2.54452	7.23583	7.14605	7.22309	7.39004
2.55479	7.21222	7.1305	7.22178	7.3848
2.56509	7.23198	7.14484	7.2126	7.39841
2.57542	7.20959	7.14602	7.21771	7.3976
2.5858	7.20797	7.14088	7.21136	7.40287
2.59623	7.20613	7.14487	7.21843	7.37728
2.60667	7.18985	7.13759	7.22439	7.39411
2.61718	7.21297	7.1327	7.22265	7.39473
2.62771	7.20764	7.15009	7.19472	7.39737
2.63829	7.21824	7.13869	7.2253	7.38105
2.6489	7.21637	7.13542	7.22556	7.38973
2.65956	7.21487	7.14248	7.21492	7.39247
2.67026	7.21194	7.14514	7.22316	7.40319
2.681	7.21531	7.15445	7.21874	7.38602
2.69178	7.21455	7.15035	7.22859	7.39124
2.7026	7.21127	7.14363	7.22009	7.39591
2.71346	7.22853	7.14785	7.22179	7.39991
2.72436	7.2139	7.15065	7.21545	7.38988
2.73531	7.22141	7.1487	7.21784	7.40749
2.74629	7.21225	7.1431	7.23235	7.38069
2.75732	7.20879	7.14638	7.22329	7.39428
2.76839	7.2091	7.15596	7.21734	7.38641
2.7795	7.2154	7.15599	7.22174	7.38963
2.79066	7.21538	7.14963	7.2237	7.39891
2.80185	7.20104	7.13751	7.21867	7.39858
2.8131	7.21005	7.15154	7.20813	7.40161
2.82437	7.21791	7.14257	7.21713	7.39299
2.8357	7.22389	7.16268	7.20575	7.41393
2.84707	7.2041	7.14199	7.22321	7.39033
2.85849	7.2022	7.14144	7.21768	7.39836
2.86994	7.21431	7.13805	7.22171	7.39837
2.88144	7.2224	7.14525	7.20004	7.38403
2.89298	7.21293	7.15558	7.21904	7.3918
2.90456	7.21731	7.15114	7.21587	7.39604
2.9162	7.21522	7.15106	7.20229	7.3948
2.92788	7.21835	7.14753	7.2205	7.38575
2.93959	7.21144	7.1441	7.22092	7.39247
2.95136	7.21188	7.13447	7.21511	7.38881
2.96316	7.2096	7.14157	7.20372	7.39834
2.97502	7.2209	7.15157	7.21648	7.39706
2.98691	7.22189	7.16101	7.2271	7.38926
2.99886	7.21303	7.15484	7.21288	7.39284
3.01085	7.22821	7.14605	7.20961	7.39732
3.02289	7.22519	7.1468	7.21864	7.39266
3.03498	7.21943	7.14302	7.22766	7.39799
3.0471	7.20282	7.15925	7.20618	7.39195
3.05927	7.20012	7.14997	7.22627	7.40275
3.07149	7.21252	7.14708	7.20934	7.40339
3.08376	7.22485	7.15045	7.21665	7.39194
3.09608	7.22583	7.15336	7.21859	7.41108
3.10842	7.21334	7.1333	7.21866	7.39341
3.12084	7.20834	7.14353	7.21218	7.39653
3.13329	7.21515	7.14603	7.22217	7.39324
3.14579	7.2158	7.15186	7.21505	7.39907
3.15834	7.19948	7.14518	7.20709	7.39059
3.17094	7.21815	7.15073	7.21098	7.38507
3.18359	7.22888	7.14007	7.22093	7.39322
3.19627	7.2213	7.13918	7.22141	7.39971
3.20902	7.20426	7.1371	7.20068	7.39773
3.22181	7.21469	7.14148	7.21258	7.38619
3.23465	7.21307	7.13975	7.22034	7.39767
3.24754	7.21523	7.15347	7.22207	7.40761
3.26047	7.21053	7.143	7.2072	7.39457
3.27346	7.21999	7.13988	7.2137	7.38656
3.2865	7.21117	7.14418	7.22393	7.39702
3.29958	7.20643	7.14168	7.21075	7.37965
3.31271	7.21317	7.13906	7.22203	7.39699
3.3259	7.22552	7.1378	7.21819	7.4
3.33914	7.21565	7.14015	7.21637	7.39044
3.35243	7.21202	7.14798	7.21751	7.40081
3.36575	7.21639	7.15373	7.22026	7.39438
3.37914	7.2181	7.14333	7.21644	7.39826
3.39258	7.21514	7.14087	7.22399	7.3999
3.40608	7.22525	7.15011	7.21617	7.40156
3.41961	7.21063	7.14889	7.20875	7.4014
3.4332	7.20829	7.14612	7.22359	7.39956
3.44685	7.21659	7.14744	7.20609	7.39623
3.46054	7.21173	7.14052	7.21563	7.3972
3.47429	7.22417	7.13652	7.2128	7.4012
3.48809	7.21456	7.14994	7.21465	7.39394
3.50194	7.2134	7.14727	7.21381	7.40469
3.51585	7.2105	7.1518	7.21753	7.39309
3.5298	7.22098	7.14055	7.20956	7.39537
3.54381	7.21953	7.15337	7.2159	7.40666
3.55789	7.22618	7.15103	7.21997	7.39182
3.572	7.21733	7.1408	7.2119	7.39751
3.58617	7.2042	7.14751	7.21407	7.38578
3.6004	7.21526	7.1459	7.21376	7.37998
3.61468	7.21388	7.14423	7.21427	7.38402
3.62901	7.22036	7.14764	7.21392	7.38931
3.6434	7.22323	7.14327	7.22478	7.40776
3.65785	7.21683	7.14347	7.21026	7.40053
3.67235	7.21657	7.14262	7.21	7.38652
3.6869	7.21412	7.15504	7.21994	7.3984
3.70151	7.22971	7.1442	7.21302	7.40034
3.71618	7.21371	7.13899	7.2109	7.39177
3.7309	7.21058	7.14745	7.2171	7.40523
3.74568	7.21002	7.14353	7.2223	7.39596
3.76051	7.20842	7.14308	7.22424	7.3984
3.7754	7.20709	7.14262	7.20856	7.3934
3.79035	7.21635	7.14633	7.22129	7.39383
3.80535	7.207	7.14422	7.22059	7.38513
3.82041	7.20596	7.15314	7.21714	7.39108
3.83553	7.21115	7.14542	7.22721	7.40452
3.8507	7.21682	7.14309	7.21429	7.39364
3.86594	7.20776	7.15413	7.21213	7.40251
3.88123	7.20692	7.14077	7.21491	7.38275
3.89657	7.21736	7.14374	7.21466	7.39186
3.91199	7.21183	7.14196	7.22376	7.38674
3.92745	7.21616	7.14674	7.20255	7.39125
3.94298	7.21939	7.14941	7.22103	7.39151
3.95856	7.21816	7.138	7.22041	7.40285
3.9742	7.22769	7.15541	7.23205	7.39183
3.98991	7.21264	7.14403	7.22599	7.40076
4.00567	7.21976	7.13718	7.21661	7.40032
4.0215	7.21046	7.14982	7.21	7.39324
4.03737	7.20881	7.14274	7.22391	7.39761
4.05333	7.21967	7.15865	7.21873	7.37904
4.06932	7.21589	7.14969	7.2175	7.39595
4.0854	7.21677	7.14983	7.21664	7.39332
4.10152	7.22444	7.1577	7.21314	7.39297
4.11771	7.21636	7.15097	7.23688	7.38574
4.13396	7.20975	7.14735	7.21791	7.3941
4.15028	7.22495	7.14098	7.22185	7.38702
4.16665	7.22403	7.15509	7.21545	7.40263
4.18309	7.20994	7.15084	7.22295	7.40794
4.19959	7.22476	7.14903	7.216	7.40172
4.21615	7.22593	7.15537	7.22273	7.39673
4.23278	7.21927	7.15544	7.22512	7.39886
4.24946	7.21535	7.1497	7.22143	7.39679
4.26621	7.22452	7.15471	7.21681	7.38942
4.28302	7.22338	7.16228	7.2123	7.402
4.2999	7.22088	7.14451	7.21596	7.39709
4.31685	7.2195	7.14789	7.22296	7.40668
4.33385	7.22457	7.15956	7.22468	7.40088
4.35092	7.21433	7.15363	7.21276	7.39575
4.36806	7.21646	7.15287	7.21298	7.39601
4.38527	7.20349	7.14369	7.22482	7.38377
4.40254	7.22351	7.14556	7.22366	7.40117
4.41988	7.21005	7.15376	7.20851	7.38977
4.43727	7.21311	7.15057	7.21953	7.40455
4.45474	7.22212	7.1473	7.21518	7.39891
4.47227	7.22231	7.14085	7.22783	7.39275
4.48987	7.21412	7.1502	7.21542	7.40007
4.50754	7.21853	7.14741	7.21124	7.38859
4.52528	7.21274	7.13947	7.21587	7.39064
4.54308	7.21471	7.1566	7.23046	7.39676
4.56095	7.21806	7.15096	7.22368	7.39275
4.57889	7.22589	7.15344	7.22067	7.40154
4.59689	7.20321	7.14705	7.21579	7.39329
4.61496	7.21163	7.14573	7.22105	7.40497
4.63311	7.21457	7.15114	7.22918	7.39782
4.65133	7.21182	7.14562	7.22109	7.39306
4.6696	7.22139	7.1482	7.22513	7.39047
4.68796	7.21458	7.14327	7.21907	7.39434
4.70638	7.21892	7.14435	7.21074	7.39777
4.72487	7.21954	7.15146	7.22063	7.40316
4.74344	7.21962	7.15096	7.22403	7.4022
4.76206	7.22264	7.14302	7.21933	7.39142
4.78076	7.22611	7.14112	7.22328	7.39098
4.79954	7.22171	7.14628	7.22721	7.39812
4.81839	7.21835	7.14294	7.21924	7.39415
4.83731	7.21774	7.13988	7.22521	7.38562
4.8563	7.21905	7.14469	7.22545	7.385
4.87536	7.22465	7.14047	7.22167	7.39275
4.8945	7.21805	7.14174	7.21924	7.38862
4.9137	7.22498	7.14831	7.22966	7.3895
4.93299	7.21694	7.13836	7.22325	7.39351
4.95234	7.22606	7.14513	7.21928	7.40456
4.97176	7.21576	7.14662	7.22054	7.38955
4.99126	7.21432	7.1492	7.22839	7.38944
5.01085	7.22145	7.15545	7.22277	7.40264
5.0305	7.21695	7.14345	7.22398	7.39151
5.05022	7.21548	7.1544	7.22163	7.3923
5.07002	7.21443	7.14435	7.22466	7.38955
5.0899	7.21249	7.15168	7.22098	7.39573
5.10985	7.21848	7.14167	7.21636	7.39511
5.12988	7.2107	7.14482	7.22215	7.38029
5.14997	7.21353	7.14244	7.22798	7.38959
5.17016	7.22139	7.15288	7.2175	7.38728
5.19042	7.21937	7.15487	7.2258	7.39116
5.21075	7.22689	7.14849	7.22028	7.3856
5.23116	7.21622	7.15495	7.21858	7.38619
5.25165	7.22213	7.14834	7.23013	7.39886
5.27222	7.21816	7.15622	7.23204	7.40467
5.29287	7.21502	7.14656	7.2189	7.39693
5.3136	7.21793	7.15101	7.22047	7.39333
5.3344	7.21472	7.14945	7.22255	7.39251
5.35528	7.21394	7.14812	7.21925	7.40142
5.37624	7.22516	7.14821	7.22089	7.39194
5.39729	7.21444	7.1489	7.22214	7.39847
5.41841	7.21445	7.13623	7.22624	7.39766
5.43961	7.21578	7.14669	7.22355	7.39013
5.4609	7.22324	7.15923	7.22326	7.39482
5.48226	7.2115	7.1472	7.22514	7.39567
5.5037	7.22781	7.1469	7.21676	7.39379
5.52524	7.21964	7.15358	7.2228	7.39584
5.54684	7.22278	7.15327	7.22695	7.39383
5.56854	7.21668	7.15207	7.2272	7.38628
5.59031	7.22843	7.15258	7.22356	7.39334
5.61216	7.22757	7.15242	7.22619	7.38583
5.6341	7.21762	7.14155	7.21125	7.40061
5.65613	7.22342	7.14694	7.22515	7.3945
5.67824	7.22532	7.15609	7.21771	7.39201
5.70043	7.21074	7.14878	7.22405	7.39455
5.7227	7.21521	7.14852	7.22881	7.39484
5.74506	7.21534	7.14473	7.2249	7.40386
5.76751	7.21571	7.15634	7.2207	7.39381
5.79005	7.21619	7.14245	7.22746	7.38954
5.81266	7.2235	7.15034	7.22883	7.39799
5.83536	7.227	7.14267	7.21771	7.39339
5.85816	7.22035	7.16128	7.22358	7.38058
5.88104	7.21438	7.15229	7.22286	7.39771
5.904	7.21906	7.14689	7.22011	7.39157
5.92705	7.21786	7.1482	7.22545	7.38954
5.95019	7.22579	7.15275	7.235	7.39753
5.97341	7.21508	7.15555	7.23321	7.38872
5.99674	7.22394	7.15559	7.22493	7.38984
6.02014	7.21152	7.15788	7.21518	7.39292
6.04364	7.22381	7.14452	7.22499	7.39176
6.06721	7.22532	7.15461	7.22497	7.39335
6.09089	7.22266	7.14038	7.22914	7.3938
6.11465	7.22052	7.15722	7.21981	7.39177
6.13851	7.21923	7.14386	7.22474	7.39291
6.16245	7.2161	7.15297	7.22185	7.38981
6.18649	7.22561	7.14682	7.21918	7.38915
6.21061	7.2204	7.15535	7.23117	7.39602
6.23484	7.22111	7.15143	7.2206	7.39299
6.25915	7.2263	7.15741	7.2305	7.39502
6.28355	7.22486	7.15076	7.22804	7.38554
6.30805	7.2215	7.14483	7.21663	7.39433
6.33264	7.22399	7.14933	7.2098	7.3953
6.35733	7.22251	7.14967	7.21842	7.38833
6.3821	7.2192	7.15033	7.22311	7.39237
6.40697	7.22322	7.13896	7.2238	7.39426
6.43194	7.22709	7.15329	7.21854	7.39064
6.457	7.22571	7.1556	7.22047	7.40273
6.48215	7.22031	7.15558	7.21552	7.38416
6.50741	7.22486	7.14959	7.22595	7.39059
6.53276	7.21845	7.15168	7.21678	7.3939
6.5582	7.21481	7.15039	7.21776	7.38907
6.58375	7.21237	7.15597	7.21163	7.39046
6.60939	7.22492	7.15041	7.21137	7.3997
6.63513	7.23351	7.1462	7.21532	7.38826
6.66096	7.22532	7.15014	7.21652	7.39621
6.6869	7.2162	7.15039	7.22274	7.39515
6.71292	7.21783	7.15846	7.21866	7.3928
6.73906	7.22575	7.15465	7.21477	7.39455
6.76529	7.21923	7.15185	7.21015	7.38963
6.79163	7.22335	7.15085	7.20689	7.39174
6.81805	7.21707	7.15615	7.21513	7.39277
6.84459	7.22927	7.1543	7.21698	7.39489
6.87121	7.21816	7.15379	7.21092	7.397
6.89795	7.22574	7.15555	7.21589	7.3905
6.92479	7.22187	7.15387	7.21154	7.38393
6.95173	7.21978	7.14753	7.22036	7.38783
6.97876	7.22294	7.15366	7.2193	7.39961
7.00591	7.22286	7.14951	7.21687	7.39398
7.03316	7.23461	7.14708	7.22059	7.4004
7.06051	7.21813	7.14802	7.22573	7.3962
7.08796	7.22645	7.15203	7.21467	7.39566
7.11552	7.2244	7.15642	7.21636	7.39923
7.14319	7.22668	7.14579	7.21685	7.39502
7.17096	7.22744	7.1569	7.21774	7.392
7.19884	7.22155	7.1547	7.22796	7.4012
7.22683	7.23002	7.14873	7.21912	7.39957
7.25491	7.21937	7.15298	7.21686	7.39598
7.2831	7.2173	7.15049	7.22527	7.39551
7.3114	7.23056	7.14871	7.21929	7.39167
7.33981	7.22126	7.1544	7.21508	7.39684
7.36834	7.22865	7.14891	7.21627	7.40148
7.39696	7.21762	7.15816	7.22362	7.39979
7.4257	7.21919	7.15477	7.22059	7.40466
7.45455	7.22089	7.1503	7.21678	7.40257
7.4835	7.23293	7.16045	7.21812	7.39562
7.51256	7.22425	7.14789	7.21984	7.39652
7.54174	7.22641	7.14453	7.22069	7.39896
7.57104	7.21724	7.15115	7.21645	7.40294
7.60042	7.22856	7.15287	7.21981	7.3953
7.62994	7.23003	7.14214	7.21799	7.40619
7.65956	7.22099	7.15207	7.22319	7.39855
7.6893	7.23365	7.15233	7.21983	7.38957
7.71915	7.23072	7.1506	7.22043	7.40266
7.74911	7.22776	7.1491	7.21841	7.40182
7.77919	7.22198	7.14667	7.22417	7.3959
7.80939	7.23126	7.14565	7.2178	7.39902
7.83969	7.22969	7.15774	7.22574	7.39723
7.87011	7.22179	7.15381	7.22318	7.40486
7.90065	7.22907	7.15224	7.2254	7.40267
7.9313	7.21996	7.14538	7.23634	7.39849
7.96208	7.22499	7.1535	7.22723	7.39742
7.99296	7.22171	7.15676	7.2273	7.40279
8.02398	7.2277	7.14482	7.22448	7.40125
8.0551	7.23413	7.15366	7.23143	7.39643
8.08634	7.22504	7.15321	7.23266	7.40611
8.1177	7.21379	7.15529	7.22466	7.40424
8.14917	7.22755	7.15235	7.22923	7.39222
8.18077	7.22763	7.15503	7.21923	7.39242
8.2125	7.22589	7.15131	7.22533	7.40156
8.24434	7.22517	7.14884	7.23151	7.40292
8.2763	7.2289	7.15528	7.22189	7.39724
8.30839	7.22871	7.154	7.22395	7.39891
8.3406	7.221	7.14923	7.23134	7.39388
8.37292	7.22501	7.15074	7.22106	7.39359
8.40537	7.22318	7.15471	7.22578	7.39782
8.43795	7.22438	7.15925	7.22412	7.4001
8.47065	7.22587	7.1531	7.2318	7.39347
8.50348	7.22166	7.15198	7.22735	7.3962
8.53642	7.22864	7.16197	7.2272	7.38911
8.5695	7.22437	7.15472	7.23222	7.39221
8.6027	7.22506	7.14946	7.22163	7.39036
8.63604	7.21952	7.16308	7.23147	7.39765
8.66949	7.22578	7.15378	7.22653	7.39493
8.70308	7.22634	7.1514	7.22555	7.39581
8.73678	7.22619	7.14876	7.21993	7.39592
8.77061	7.22889	7.14963	7.2262	7.39758
8.80459	7.22741	7.15654	7.22662	7.3897
8.83867	7.22196	7.15731	7.22497	7.3936
8.8729	7.22716	7.15039	7.22712	7.39037
8.90726	7.23046	7.15542	7.22295	7.39848
8.94175	7.23155	7.15683	7.22751	7.39375
8.97636	7.219	7.15149	7.22299	7.39498
9.01111	7.22072	7.16114	7.22566	7.39312
9.046	7.22808	7.15341	7.22423	7.39563
9.08101	7.22851	7.1519	7.228	7.38977
9.11616	7.22464	7.15606	7.23947	7.39248
9.15145	7.22508	7.16255	7.22981	7.39767
9.18686	7.23171	7.15874	7.22531	7.40673
9.22241	7.23187	7.15961	7.21726	7.38926
9.2581	7.22281	7.16462	7.22462	7.39612
9.29393	7.2315	7.15967	7.22603	7.40283
9.32989	7.22726	7.15121	7.23206	7.40067
9.36599	7.22149	7.15759	7.22498	7.39075
9.40221	7.22475	7.15591	7.22682	7.40061
9.43859	7.2228	7.16187	7.22452	7.39597
9.4751	7.22505	7.16121	7.23096	7.39543
9.51175	7.22326	7.15589	7.22004	7.40516
9.54854	7.23714	7.1634	7.22998	7.40372
9.58546	7.23435	7.15656	7.22916	7.40333
9.62254	7.22948	7.15772	7.22872	7.3919
9.65975	7.23417	7.15852	7.23034	7.39278
9.6971	7.23583	7.15527	7.22698	7.39136
9.73459	7.23107	7.1624	7.22187	7.39586
9.77223	7.22662	7.15483	7.22859	7.40763
9.81001	7.22707	7.15825	7.22555	7.4048
9.84794	7.2279	7.15223	7.2229	7.38963
9.886	7.23161	7.15736	7.23062	7.39704
9.92421	7.23259	7.15862	7.21949	7.39896
9.96257	7.23332	7.16009	7.23128	7.39216
10.0011	7.22835	7.16346	7.23047	7.40117
10.0397	7.22912	7.15719	7.22294	7.39726
10.0785	7.22708	7.15443	7.22209	7.40082
10.1175	7.23499	7.15693	7.22003	7.40122
10.1566	7.22737	7.1524	7.23092	7.39728
10.1958	7.22631	7.1537	7.22456	7.39958
10.2352	7.22865	7.15856	7.22582	7.39486
10.2748	7.23417	7.15855	7.23014	7.39776
10.3145	7.2286	7.15106	7.22554	7.39821
10.3543	7.23616	7.16513	7.23176	7.39585
10.3943	7.2286	7.16047	7.2236	7.399
10.4345	7.22725	7.15507	7.22458	7.39413
10.4747	7.23002	7.16113	7.22286	7.39395
10.5152	7.23436	7.1598	7.22373	7.39318
10.5558	7.23152	7.15768	7.22928	7.39932
10.5966	7.23517	7.14817	7.22771	7.40164
10.6375	7.23086	7.15084	7.22544	7.40171
10.6786	7.23393	7.15754	7.21698	7.40412
10.7198	7.23002	7.15657	7.22389	7.40194
10.7612	7.22733	7.1662	7.22693	7.39881
10.8027	7.2421	7.15673	7.22536	7.39926
10.8444	7.22999	7.1576	7.23565	7.40194
10.8863	7.23101	7.16311	7.22709	7.39734
10.9283	7.22866	7.16397	7.22838	7.40154
10.9705	7.23013	7.16634	7.2276	7.40315
11.0128	7.23194	7.15684	7.22665	7.40595
11.0554	7.23194	7.1615	7.23172	7.39803
11.098	7.2353	7.15718	7.22168	7.39607
11.1409	7.23607	7.16386	7.22633	7.39247
11.1839	7.22867	7.16384	7.23123	7.3936
11.227	7.23711	7.15695	7.22614	7.39578
11.2703	7.22994	7.15802	7.23488	7.39682
11.3138	7.22777	7.1649	7.23061	7.40205
11.3575	7.2308	7.16392	7.22742	7.40231
11.4013	7.23177	7.15707	7.23276	7.3963
11.4453	7.23362	7.16168	7.22839	7.3973
11.4894	7.23505	7.15922	7.22722	7.40015
11.5337	7.22359	7.16062	7.22571	7.40427
11.5782	7.23151	7.15686	7.23373	7.39803
11.6229	7.22892	7.15423	7.22477	7.40313
11.6677	7.23414	7.16168	7.22886	7.39273
11.7127	7.23273	7.15558	7.22844	7.39813
11.7579	7.23021	7.15397	7.23271	7.39898
11.8032	7.23048	7.15844	7.22889	7.4006
11.8487	7.23368	7.15266	7.22873	7.40046
11.8944	7.22653	7.15101	7.22902	7.39832
11.9403	7.22691	7.15913	7.22422	7.3957
11.9863	7.22957	7.15777	7.23423	7.39412
12.0325	7.22829	7.16339	7.22996	7.39802
12.0789	7.22913	7.15902	7.23257	7.39809
12.1255	7.2299	7.16136	7.23258	7.39296
12.1722	7.23751	7.16389	7.23145	7.39677
12.2191	7.23103	7.15037	7.22875	7.39645
12.2662	7.23338	7.15758	7.22935	7.39436
12.3135	7.23231	7.16601	7.22939	7.39781
12.361	7.23218	7.1559	7.22834	7.39724
12.4086	7.2287	7.15544	7.23061	7.39592
12.4564	7.23155	7.15899	7.22304	7.39828
12.5044	7.23459	7.16782	7.23055	7.39404
12.5526	7.22735	7.15673	7.23345	7.40481
12.601	7.23461	7.1618	7.23573	7.40129
12.6495	7.23678	7.16734	7.23674	7.39718
12.6983	7.22898	7.16403	7.22959	7.39741
12.7472	7.23589	7.16741	7.22964	7.39867
12.7963	7.23661	7.15988	7.2322	7.39711
12.8456	7.23321	7.16362	7.22728	7.40359
12.8951	7.24012	7.16164	7.22778	7.39967
12.9447	7.23807	7.15646	7.22703	7.40048
12.9946	7.24312	7.15638	7.23274	7.39657
13.0447	7.23373	7.15824	7.22981	7.39614
13.0949	7.24022	7.15144	7.22362	7.39822
13.1453	7.23464	7.16368	7.23476	7.40203
13.1959	7.23701	7.16204	7.23209	7.39433
13.2468	7.23971	7.15946	7.22927	7.39677
13.2978	7.24518	7.15835	7.23365	7.39981
13.349	7.24059	7.16045	7.2274	7.40494
13.4004	7.24256	7.1649	7.22927	7.40347
13.452	7.23963	7.16434	7.22934	7.39694
13.5038	7.23949	7.15953	7.22994	7.40742
13.5558	7.24183	7.16129	7.22273	7.40357
13.608	7.24207	7.16332	7.22992	7.39854
13.6603	7.24157	7.15984	7.22706	7.39944
13.7129	7.23789	7.16138	7.23448	7.40897
13.7657	7.239	7.15996	7.2293	7.40067
13.8187	7.24142	7.1621	7.23026	7.40448
13.8719	7.2419	7.15961	7.22696	7.39946
13.9253	7.24527	7.16521	7.22563	7.40137
13.9789	7.23938	7.16903	7.23129	7.40086
14.0327	7.24083	7.16458	7.22771	7.4047
14.0867	7.24019	7.16571	7.22842	7.39925
14.1409	7.24029	7.16546	7.22697	7.40077
14.1953	7.24351	7.1629	7.22596	7.40457
14.2499	7.24198	7.16184	7.23349	7.40342
14.3047	7.23577	7.16067	7.22586	7.40586
14.3598	7.23473	7.16674	7.23531	7.39989
14.415	7.23667	7.16332	7.23803	7.40787
14.4705	7.23582	7.1644	7.2335	7.40021
14.5262	7.23445	7.16081	7.23081	7.40227
14.582	7.23659	7.16596	7.23778	7.40576
14.6381	7.24191	7.16392	7.23575	7.39898
14.6944	7.23197	7.16891	7.23073	7.40557
14.751	7.23902	7.16238	7.23172	7.39865
14.8077	7.23171	7.16355	7.23435	7.3976
14.8647	7.2342	7.16168	7.22928	7.40436
14.9218	7.2407	7.17281	7.2267	7.40673
14.9792	7.23485	7.16459	7.2308	7.40047
15.0368	7.23756	7.1624	7.2345	7.40171
15.0947	7.23248	7.16116	7.23316	7.40179
15.1527	7.23534	7.15922	7.23097	7.4026
15.211	7.23428	7.16366	7.23369	7.39832
15.2695	7.23269	7.16463	7.23526	7.40309
15.3282	7.2262	7.16636	7.23854	7.39724
15.3871	7.23664	7.15232	7.23065	7.39392
15.4463	7.23482	7.16237	7.23347	7.39486
15.5056	7.23345	7.15386	7.23428	7.39154
15.5653	7.23145	7.16186	7.22856	7.39631
15.6251	7.23966	7.16088	7.22969	7.39721
15.6852	7.23819	7.1624	7.23523	7.39714
15.7455	7.23097	7.16469	7.22747	7.39958
15.806	7.23269	7.16332	7.23671	7.40655
15.8667	7.24042	7.15979	7.22868	7.39799
15.9277	7.23502	7.16627	7.23263	7.39964
15.9889	7.24094	7.16326	7.23253	7.3988
16.0504	7.23888	7.17071	7.2298	7.39928
16.1121	7.23708	7.16154	7.23105	7.40579
16.174	7.2425	7.16094	7.22979	7.40385
16.2362	7.24052	7.16601	7.23907	7.40212
16.2986	7.24307	7.16754	7.23551	7.40804
16.3612	7.24842	7.16103	7.23249	7.41026
16.4241	7.24369	7.1662	7.22879	7.39622
16.4872	7.24347	7.16774	7.23086	7.402
16.5505	7.24428	7.16478	7.23485	7.40715
16.6141	7.24271	7.17005	7.23443	7.40121
16.6779	7.24509	7.16507	7.23211	7.40243
16.742	7.2413	7.16209	7.23372	7.40355
16.8063	7.24828	7.1662	7.23125	7.40292
16.8709	7.24179	7.16528	7.23767	7.4044
16.9357	7.23988	7.17129	7.23632	7.40288
17.0008	7.2427	7.16169	7.2403	7.39793
17.0661	7.23929	7.16464	7.23425	7.40113
17.1316	7.24192	7.16674	7.23355	7.4014
17.1974	7.24092	7.16393	7.23524	7.39828
17.2635	7.2393	7.16509	7.23427	7.40792
17.3298	7.24266	7.1654	7.23539	7.40807
17.3963	7.24156	7.16843	7.23162	7.40437
17.4632	7.24155	7.17193	7.23135	7.40416
17.5302	7.24357	7.16913	7.23223	7.39906
17.5975	7.24223	7.16653	7.23045	7.40927
17.6651	7.24328	7.17183	7.23404	7.40295
17.733	7.24319	7.16958	7.23305	7.40507
17.801	7.24173	7.16883	7.22604	7.403
17.8694	7.24029	7.17456	7.23573	7.40287
17.938	7.24055	7.17013	7.23118	7.39891
18.0069	7.24475	7.16562	7.2304	7.40199
18.076	7.24482	7.16626	7.23455	7.40295
18.1454	7.24468	7.16823	7.2364	7.40382
18.2151	7.24504	7.16776	7.23545	7.40618
18.285	7.24559	7.16673	7.2367	7.39774
18.3552	7.24764	7.16283	7.23776	7.4027
18.4257	7.24735	7.16653	7.23966	7.40008
18.4964	7.24319	7.16182	7.23461	7.39857
18.5674	7.24914	7.16391	7.23403	7.40121
18.6387	7.24411	7.16095	7.23589	7.39926
18.7102	7.24634	7.16198	7.23994	7.40421
18.782	7.24649	7.1631	7.2355	7.40633
18.8541	7.25063	7.16342	7.23401	7.40214
18.9265	7.2412	7.16227	7.23372	7.40244
18.9991	7.24384	7.17104	7.23596	7.40646
19.072	7.23707	7.16758	7.23625	7.404
19.1452	7.24427	7.16761	7.22917	7.40523
19.2187	7.24767	7.16566	7.2378	7.39654
19.2924	7.24743	7.16577	7.23182	7.40189
19.3665	7.24619	7.16856	7.23968	7.40245
19.4408	7.24516	7.16769	7.23173	7.39904
19.5154	7.24076	7.16943	7.23454	7.39581
19.5903	7.24259	7.16678	7.23608	7.39877
19.6654	7.24523	7.1713	7.23432	7.39758
19.7409	7.24276	7.16824	7.23734	7.40035
19.8166	7.24449	7.1692	7.23924	7.4019
19.8926	7.24313	7.16798	7.2326	7.40483
19.9689	7.24815	7.16737	7.23209	7.39949
20.0455	7.25248	7.17238	7.23623	7.40307
20.1224	7.24115	7.17344	7.23253	7.40287
20.1996	7.24356	7.1666	7.23665	7.39981
20.2771	7.24232	7.17312	7.23605	7.40294
20.3549	7.24556	7.16883	7.23209	7.40836
20.433	7.23843	7.16636	7.23513	7.40678
20.5114	7.24693	7.16909	7.23262	7.40908
20.59	7.24611	7.1674	7.23068	7.41029
20.669	7.24591	7.16997	7.23378	7.40982
20.7483	7.24603	7.1677	7.23095	7.40744
20.8278	7.24822	7.16923	7.22817	7.40412
20.9077	7.24438	7.16727	7.2305	7.40252
20.9879	7.24706	7.17048	7.23007	7.40346
21.0684	7.25178	7.16979	7.2326	7.40468
21.1492	7.24868	7.1691	7.22985	7.40706
21.2303	7.24855	7.16843	7.23338	7.4039
21.3117	7.24739	7.17086	7.2313	7.40674
21.3934	7.24952	7.17087	7.23519	7.39996
21.4754	7.24545	7.17409	7.23879	7.4059
21.5578	7.24397	7.1708	7.2353	7.40147
21.6404	7.24865	7.17058	7.23855	7.4009
21.7234	7.24565	7.17394	7.23536	7.4026
21.8067	7.24544	7.16794	7.2328	7.39887
21.8903	7.24364	7.16918	7.23418	7.4034
21.9742	7.24621	7.16928	7.23878	7.4011
22.0585	7.24762	7.17031	7.23376	7.40219
22.143	7.24233	7.16638	7.23312	7.40061
22.2279	7.24906	7.16917	7.23631	7.40485
22.3131	7.24859	7.1724	7.24126	7.40452
22.3986	7.24587	7.17148	7.23603	7.41165
22.4845	7.24699	7.16641	7.23987	7.40528
22.5707	7.24761	7.16426	7.2393	7.40673
22.6572	7.2474	7.16894	7.24109	7.41002
22.744	7.2437	7.16541	7.24025	7.40607
22.8312	7.24678	7.17073	7.23598	7.40246
22.9187	7.24603	7.16878	7.23555	7.40283
23.0066	7.2544	7.16986	7.23411	7.40671
23.0947	7.24615	7.16826	7.23896	7.40696
23.1833	7.24906	7.16908	7.2381	7.40187
23.2721	7.24807	7.1744	7.23831	7.4002
23.3613	7.25363	7.17069	7.23927	7.40727
23.4508	7.24838	7.16982	7.23492	7.40668
23.5407	7.2477	7.17413	7.23848	7.40541
23.6309	7.24875	7.17519	7.23358	7.40193
23.7214	7.25188	7.16996	7.23695	7.40374
23.8123	7.24888	7.17041	7.23568	7.40856
23.9036	7.25282	7.17052	7.23694	7.40426
23.9951	7.24722	7.17229	7.23696	7.40559
24.0871	7.24686	7.17501	7.23754	7.40493
24.1794	7.24938	7.16965	7.23442	7.40522
24.272	7.25043	7.1742	7.23661	7.40424
24.365	7.25304	7.17313	7.2387	7.40456
24.4583	7.25066	7.17933	7.2394	7.40612
24.552	7.2497	7.17236	7.23636	7.40614
24.6461	7.24849	7.17622	7.23582	7.40991
24.7405	7.24929	7.17684	7.23686	7.40286
24.8353	7.25171	7.17186	7.23988	7.40672
24.9304	7.25303	7.18071	7.23875	7.40565
25.0259	7.24482	7.1726	7.23657	7.40498
25.1218	7.24592	7.18028	7.2376	7.40527
25.218	7.24778	7.17564	7.23396	7.40593
25.3146	7.24857	7.17071	7.23453	7.40846
25.4116	7.24799	7.17218	7.23678	7.41015
25.5089	7.24921	7.17056	7.2379	7.40583
25.6066	7.25112	7.16912	7.23421	7.40505
25.7047	7.24673	7.17117	7.24065	7.40611
25.8031	7.25267	7.17337	7.23995	7.40506
25.9019	7.25068	7.177	7.23682	7.40377
26.0011	7.25325	7.17653	7.24376	7.40677
26.1007	7.24906	7.16884	7.2363	7.40398
26.2007	7.24791	7.17334	7.246	7.40462
26.301	7.25175	7.17241	7.23969	7.40826
26.4017	7.25507	7.17074	7.24153	7.40592
26.5028	7.25257	7.17701	7.24027	7.40637
26.6043	7.25083	7.17476	7.24377	7.40653
26.7062	7.24987	7.17573	7.23995	7.40459
26.8084	7.24684	7.17477	7.24089	7.40599
26.9111	7.25128	7.17494	7.23989	7.40416
27.0141	7.25471	7.17336	7.23907	7.40578
27.1176	7.25208	7.17348	7.24023	7.40181
27.2214	7.25461	7.17324	7.2392	7.40407
27.3256	7.25036	7.17617	7.23988	7.40036
27.4302	7.25757	7.17105	7.23871	7.40662
27.5352	7.25217	7.1748	7.24131	7.40353
27.6407	7.25297	7.17186	7.23856	7.40525
27.7465	7.25223	7.17213	7.23832	7.40837
27.8527	7.24983	7.17526	7.23876	7.4072
27.9593	7.25388	7.17644	7.23832	7.40783
28.0664	7.25099	7.17977	7.23214	7.41333
28.1738	7.255	7.17797	7.23607	7.4097
28.2816	7.25421	7.17587	7.23168	7.41107
28.3899	7.25418	7.1704	7.23623	7.40774
28.4986	7.25184	7.17526	7.24057	7.40625
28.6077	7.25172	7.17407	7.23678	7.40618
28.7172	7.25251	7.17819	7.23991	7.40599
28.8271	7.24635	7.17322	7.23771	7.40698
28.9374	7.25122	7.17329	7.24172	7.40745
29.0482	7.25194	7.17574	7.24128	7.40616
29.1593	7.25515	7.1756	7.24233	7.40661
29.2709	7.24728	7.17394	7.24118	7.41046
29.383	7.24927	7.17445	7.24168	7.41245
29.4954	7.2526	7.1699	7.24099	7.40772
29.6083	7.24997	7.17545	7.23684	7.40925
29.7216	7.25279	7.17277	7.24273	7.41469
29.8354	7.2502	7.17479	7.24415	7.40972
29.9495	7.2604	7.17409	7.24202	7.40601
30.0641	7.25282	7.17539	7.24452	7.40689
30.1792	7.25888	7.17774	7.24542	7.40832
30.2947	7.25303	7.17523	7.245	7.40169
30.4106	7.25911	7.17981	7.24346	7.40619
30.527	7.25978	7.17643	7.24498	7.40454
30.6438	7.26005	7.17788	7.24574	7.40669
30.761	7.2577	7.18184	7.24267	7.40676
30.8787	7.25654	7.18152	7.24479	7.4088
30.9969	7.25905	7.17692	7.24405	7.40882
31.1155	7.26158	7.17903	7.24328	7.4063
31.2345	7.25916	7.18199	7.24173	7.40513
31.354	7.2587	7.17898	7.2354	7.40909
31.474	7.25618	7.18215	7.23863	7.40862
31.5944	7.25815	7.18196	7.23549	7.40792
31.7153	7.26205	7.17994	7.23685	7.41001
31.8366	7.25898	7.17856	7.23944	7.40703
31.9584	7.26038	7.17741	7.24067	7.40761
32.0806	7.25467	7.18016	7.24124	7.41025
32.2034	7.26076	7.1764	7.24297	7.40802
32.3266	7.25734	7.17645	7.24178	7.41066
32.4502	7.26164	7.1777	7.23911	7.41102
32.5743	7.2584	7.17736	7.24363	7.41182
32.699	7.2555	7.17765	7.2441	7.40614
32.824	7.26156	7.17699	7.24454	7.41034
32.9496	7.25352	7.17565	7.24734	7.41176
33.0756	7.25687	7.1743	7.24343	7.40889
33.2021	7.25918	7.17991	7.2435	7.4102
33.3291	7.25355	7.18034	7.24285	7.40535
33.4566	7.25662	7.18065	7.24565	7.40836
33.5846	7.25925	7.17853	7.2436	7.41003
33.713	7.25998	7.17682	7.24318	7.41016
33.842	7.25788	7.17409	7.24094	7.40906
33.9714	7.26044	7.17782	7.24326	7.40661
34.1013	7.26078	7.17842	7.24243	7.40866
34.2317	7.26125	7.18187	7.24213	7.40841
34.3626	7.26035	7.18214	7.23896	7.40959
34.4941	7.26316	7.17759	7.24217	7.40554
34.626	7.2625	7.17865	7.23715	7.40504
34.7584	7.26498	7.18559	7.23678	7.40806
34.8913	7.26313	7.18119	7.23927	7.40797
35.0247	7.26178	7.17992	7.23953	7.40673
35.1587	7.25949	7.18472	7.23753	7.40813
35.2931	7.26212	7.18242	7.24055	7.40623
35.4281	7.26423	7.18354	7.23852	7.40879
35.5635	7.26057	7.18045	7.23813	7.40916
35.6995	7.26359	7.18363	7.23876	7.40927
35.836	7.26187	7.18628	7.23999	7.41043
35.973	7.26404	7.18187	7.23892	7.41155
36.1106	7.25966	7.18455	7.23823	7.40904
36.2487	7.2597	7.18599	7.23775	7.41138
36.3873	7.25674	7.1829	7.24423	7.40853
36.5264	7.25608	7.18113	7.24614	7.41269
36.666	7.25749	7.17984	7.245	7.40615
36.8062	7.25781	7.17938	7.24204	7.40699
36.9469	7.25513	7.17783	7.24601	7.40779
37.0882	7.25275	7.18161	7.24148	7.40564
37.23	7.2592	7.18153	7.24284	7.40515
37.3723	7.2586	7.1804	7.24461	7.40457
37.5152	7.25954	7.17802	7.24363	7.40849
37.6586	7.26285	7.18315	7.24099	7.40797
37.8026	7.26359	7.18042	7.24373	7.40722
37.9471	7.26372	7.18291	7.24857	7.4096
38.0921	7.26316	7.1862	7.24497	7.40926
38.2378	7.26487	7.18355	7.24303	7.41087
38.3839	7.26226	7.18507	7.24467	7.40745
38.5306	7.25841	7.18324	7.23862	7.40866
38.6779	7.26257	7.17915	7.23685	7.40833
38.8258	7.26399	7.18255	7.23812	7.40496
38.9742	7.2649	7.1849	7.24149	7.40894
39.1231	7.26376	7.18435	7.23781	7.40879
39.2727	7.26297	7.18556	7.24289	7.40916
39.4228	7.26397	7.18026	7.24041	7.41173
39.5735	7.26287	7.18133	7.24527	7.4111
39.7247	7.2625	7.18061	7.24131	7.41137
39.8766	7.26458	7.1826	7.24268	7.4098
40.029	7.26523	7.17783	7.24546	7.41103
40.182	7.26292	7.17811	7.24735	7.40989
40.3355	7.26206	7.18121	7.24533	7.40718
40.4897	7.25948	7.17835	7.24623	7.40953
40.6444	7.26304	7.18052	7.24159	7.40651
40.7998	7.2583	7.18095	7.24011	7.40538
40.9557	7.2627	7.17968	7.24237	7.40554
41.1122	7.26346	7.18064	7.24371	7.40609
41.2693	7.26137	7.1785	7.24443	7.40989
41.427	7.26536	7.18462	7.24593	7.40646
41.5853	7.26033	7.18781	7.24667	7.40874
41.7443	7.26855	7.18511	7.2478	7.41021
41.9038	7.26646	7.186	7.24388	7.41181
42.0639	7.26454	7.18659	7.2457	7.41501
42.2246	7.26613	7.18612	7.24433	7.41074
42.386	7.26393	7.18391	7.24375	7.40965
42.548	7.26793	7.18363	7.24429	7.40975
42.7105	7.26503	7.18459	7.24158	7.41212
42.8737	7.26594	7.18512	7.2389	7.41102
43.0376	7.26826	7.18359	7.24198	7.40791
43.202	7.26658	7.18268	7.24397	7.4094
43.3671	7.26761	7.1862	7.24107	7.40964
43.5328	7.26433	7.18463	7.24839	7.40882
43.6991	7.26087	7.18126	7.24814	7.4102
43.8661	7.25953	7.18328	7.2422	7.40854
44.0337	7.26086	7.17953	7.24648	7.40748
44.2019	7.2631	7.18097	7.24661	7.40827
44.3708	7.25971	7.17975	7.24626	7.40931
44.5403	7.26357	7.18495	7.2439	7.40825
44.7105	7.26163	7.18538	7.24123	7.41057
44.8813	7.26643	7.18287	7.24762	7.40745
45.0527	7.26466	7.18318	7.24373	7.40718
45.2249	7.26867	7.18486	7.24509	7.40436
45.3976	7.26634	7.18395	7.24395	7.40954
45.5711	7.27239	7.18769	7.23699	7.41159
45.7452	7.26791	7.18786	7.23887	7.41009
45.9199	7.2722	7.183	7.24076	7.40819
46.0953	7.26935	7.18469	7.24354	7.40956
46.2714	7.26862	7.18469	7.24278	7.40833
46.4482	7.26714	7.18745	7.2416	7.4096
46.6256	7.26561	7.18657	7.24439	7.40877
46.8037	7.26223	7.18675	7.24102	7.40737
46.9825	7.26231	7.18409	7.24284	7.40763
47.162	7.26538	7.18921	7.24482	7.40997
47.3421	7.26648	7.18359	7.24289	7.4103
47.5229	7.26604	7.18381	7.24408	7.40799
47.7045	7.26415	7.18655	7.24222	7.41103
47.8867	7.26362	7.18276	7.24572	7.40749
48.0696	7.26804	7.18395	7.24242	7.40687
48.2532	7.26398	7.18613	7.2422	7.41066
48.4375	7.26939	7.18439	7.2457	7.41082
48.6225	7.27018	7.18651	7.24589	7.40984
48.8082	7.26653	7.18432	7.24179	7.40614
48.9946	7.2688	7.18703	7.24599	7.4107
49.1818	7.26835	7.18493	7.2462	7.41044
49.3696	7.26697	7.18486	7.24398	7.40669
49.5582	7.26922	7.1841	7.24344	7.41078
49.7474	7.27184	7.18873	7.24088	7.40611
49.9374	7.26709	7.18714	7.24202	7.40883
50.1281	7.26646	7.18414	7.24751	7.4098
50.3196	7.26465	7.18927	7.24829	7.41016
50.5117	7.26557	7.18599	7.24702	7.41059
50.7047	7.26544	7.18882	7.24767	7.40728
50.8983	7.26738	7.18376	7.24694	7.41035
51.0927	7.26906	7.18237	7.2467	7.41026
51.2878	7.26502	7.18481	7.24801	7.40648
51.4837	7.27099	7.18457	7.24189	7.40572
51.6802	7.26411	7.18134	7.24555	7.40522
51.8776	7.27036	7.18366	7.24489	7.40858
52.0757	7.26966	7.18587	7.24753	7.40794
52.2746	7.2691	7.18728	7.24475	7.40727
52.4742	7.27066	7.18699	7.2426	7.41015
52.6746	7.27173	7.18772	7.24195	7.40712
52.8757	7.26886	7.18924	7.24126	7.40894
53.0776	7.27205	7.18739	7.24546	7.40922
53.2803	7.27256	7.18666	7.2469	7.4116
53.4837	7.27102	7.18723	7.24808	7.41389
53.688	7.2695	7.1871	7.24621	7.41262
53.8929	7.26912	7.18586	7.24635	7.41061
54.0987	7.2705	7.18414	7.24645	7.40854
54.3053	7.27224	7.18615	7.24647	7.40987
54.5126	7.26899	7.18656	7.24755	7.41195
54.7208	7.26972	7.18736	7.245	7.41024
54.9297	7.26907	7.18878	7.24582	7.40781
55.1394	7.2683	7.1865	7.2456	7.41063
55.3499	7.26915	7.18265	7.24282	7.40948
55.5613	7.27076	7.18486	7.24392	7.40787
55.7734	7.27174	7.18958	7.24585	7.40771
55.9864	7.27334	7.18508	7.24529	7.40727
56.2001	7.27079	7.18605	7.24643	7.4089
56.4147	7.27131	7.18808	7.2507	7.41073
56.63	7.27379	7.18816	7.24686	7.40827
56.8462	7.27131	7.18867	7.24889	7.40877
57.0633	7.27219	7.18919	7.24386	7.41214
57.2811	7.27206	7.18855	7.24378	7.40892
57.4998	7.27341	7.18833	7.24113	7.40916
57.7193	7.27274	7.18891	7.24284	7.41092
57.9397	7.27023	7.18427	7.2417	7.41184
58.1608	7.26906	7.18119	7.24637	7.41044
58.3829	7.26924	7.18243	7.24797	7.40907
58.6057	7.26808	7.18185	7.24553	7.40992
58.8295	7.26968	7.18658	7.24441	7.40662
59.054	7.26867	7.18479	7.24784	7.40572
59.2795	7.26745	7.18837	7.24455	7.40989
59.5058	7.26746	7.18681	7.24347	7.40695
59.7329	7.26729	7.18713	7.24562	7.40371
59.9609	7.2681	7.18718	7.24263	7.40339
60.1898	7.27077	7.18494	7.24235	7.40784
60.4196	7.26978	7.18631	7.24407	7.40695
60.6502	7.26917	7.18426	7.2435	7.41072
60.8817	7.27189	7.18746	7.24264	7.41056
61.1141	7.27117	7.18787	7.24251	7.41148
61.3474	7.26842	7.18874	7.24589	7.41102
61.5815	7.26918	7.19096	7.24577	7.41297
61.8166	7.26574	7.1861	7.24621	7.41156
62.0525	7.2675	7.187	7.2472	7.40675
62.2894	7.26911	7.18455	7.24569	7.40613
62.5271	7.26915	7.1872	7.24893	7.40576
62.7658	7.27378	7.19062	7.24766	7.40528
63.0053	7.27193	7.18925	7.24521	7.4072
63.2458	7.27493	7.19216	7.24807	7.40791
63.4872	7.27065	7.19001	7.2483	7.40894
63.7295	7.27014	7.18739	7.24621	7.40742
63.9728	7.27147	7.19098	7.24357	7.40662
64.2169	7.27061	7.19055	7.24212	7.4067
64.462	7.26917	7.19022	7.24461	7.40997
64.708	7.27402	7.18819	7.24595	7.40821
64.955	7.2697	7.18216	7.24714	7.40879
65.2029	7.26874	7.18537	7.24431	7.40806
65.4517	7.26547	7.18405	7.24709	7.40802
65.7015	7.26639	7.18696	7.24925	7.40688
65.9523	7.26954	7.1861	7.24088	7.40496
66.2039	7.26906	7.18778	7.24745	7.40804
66.4566	7.27033	7.19148	7.24746	7.40701
66.7102	7.26938	7.18932	7.25027	7.4105
66.9648	7.27338	7.18851	7.24706	7.4085
67.2204	7.27497	7.1895	7.245	7.40637
67.4769	7.27329	7.19029	7.24378	7.40732
67.7344	7.27192	7.18885	7.24548	7.40791
67.9929	7.27259	7.19033	7.24264	7.40788
68.2523	7.26752	7.19263	7.24421	7.41123
68.5128	7.27094	7.19213	7.24786	7.41387
68.7742	7.26904	7.18814	7.24919	7.41304
69.0367	7.26823	7.18708	7.24626	7.41134
69.3001	7.27409	7.18675	7.24899	7.40627
69.5646	7.2752	7.19008	7.24949	7.40534
69.83	7.27544	7.19269	7.24621	7.40782
70.0965	7.27201	7.19219	7.24641	7.40948
70.364	7.27378	7.19407	7.2476	7.40803
70.6324	7.27152	7.19092	7.25053	7.40822
70.902	7.27236	7.19302	7.24728	7.41207
71.1725	7.27328	7.18948	7.24451	7.41188
71.4441	7.27505	7.19116	7.24372	7.40739
71.7167	7.27307	7.1909	7.2417	7.40941
71.9903	7.27001	7.18955	7.24332	7.41034
72.265	7.27115	7.18595	7.24967	7.4067
72.5407	7.27043	7.18923	7.24742	7.41001
72.8175	7.26985	7.19204	7.2469	7.4072
73.0954	7.27371	7.18904	7.25072	7.40735
73.3743	7.27544	7.18711	7.25059	7.40456
73.6542	7.27366	7.1916	7.25164	7.40849
73.9352	7.27573	7.18896	7.24683	7.41042
74.2173	7.27318	7.18923	7.24767	7.41192
74.5005	7.27596	7.18883	7.24566	7.40775
74.7848	7.27665	7.19098	7.2471	7.41357
75.0701	7.27217	7.18977	7.24541	7.41131
75.3565	7.27051	7.18903	7.24527	7.40782
75.644	7.27023	7.1885	7.24681	7.40999
75.9326	7.27161	7.18891	7.24751	7.40606
76.2223	7.27129	7.18564	7.25052	7.40555
76.5131	7.27246	7.18757	7.24747	7.40459
76.805	7.27375	7.18831	7.2487	7.40647
77.098	7.2754	7.19159	7.24992	7.40489
77.3922	7.27693	7.19171	7.24827	7.40709
77.6874	7.27371	7.19155	7.24926	7.40647
77.9838	7.27426	7.18818	7.25039	7.41031
78.2813	7.27437	7.1903	7.24425	7.41477
78.5799	7.27477	7.19016	7.24208	7.4121
78.8797	7.27604	7.18822	7.24254	7.41035
79.1806	7.27351	7.18434	7.24467	7.4102
79.4827	7.27226	7.18697	7.24353	7.40825
79.7859	7.27208	7.18798	7.24622	7.4077
80.0903	7.27489	7.19181	7.24423	7.40804
80.3958	7.27556	7.19068	7.24504	7.40944
80.7025	7.27437	7.19023	7.24568	7.40924
81.0104	7.27842	7.19175	7.24366	7.40883
81.3194	7.27359	7.19342	7.24608	7.40718
81.6296	7.27777	7.19165	7.24413	7.40974
81.941	7.27486	7.19258	7.24576	7.40844
82.2536	7.2761	7.18928	7.24427	7.40895
82.5674	7.27464	7.19022	7.24752	7.40957
82.8823	7.27093	7.187	7.24644	7.40792
83.1985	7.27276	7.19073	7.24821	7.40661
83.5158	7.27628	7.18825	7.24772	7.40642
83.8344	7.27714	7.19231	7.24716	7.39939
84.1542	7.27703	7.1933	7.24855	7.40089
84.4752	7.27837	7.19162	7.24479	7.40689
84.7974	7.27326	7.19085	7.24513	7.40403
85.1209	7.27565	7.19047	7.24679	7.40558
85.4456	7.27746	7.19085	7.24209	7.40733
85.7715	7.27623	7.18778	7.23987	7.40931
86.0986	7.27264	7.18867	7.24226	7.40631
86.4271	7.27274	7.18822	7.24533	7.40591
86.7567	7.27411	7.18839	7.2473	7.40695
87.0876	7.27666	7.18866	7.24564	7.40487
87.4198	7.2774	7.19156	7.24687	7.40292
87.7533	7.27713	7.1926	7.24629	7.4046
88.088	7.2723	7.19384	7.24815	7.40706
88.4239	7.27418	7.19063	7.24604	7.41056
88.7612	7.27846	7.19146	7.24789	7.40868
89.0997	7.27266	7.19121	7.24118	7.41029
89.4396	7.27486	7.19192	7.2435	7.40695
89.7807	7.2757	7.1896	7.24189	7.405
90.1231	7.27468	7.18571	7.2461	7.40684
90.4669	7.27301	7.18941	7.24654	7.40662
90.8119	7.27173	7.19022	7.246	7.40439
91.1583	7.27652	7.18844	7.24599	7.40559
91.5059	7.27778	7.18908	7.2456	7.40557
91.8549	7.27402	7.18965	7.24733	7.40765
92.2053	7.27367	7.19141	7.24551	7.40376
92.5569	7.27739	7.19187	7.24289	7.40751
92.9099	7.27613	7.19254	7.24362	7.40867
93.2643	7.27444	7.18897	7.24453	7.40745
93.6199	7.26958	7.18584	7.24553	7.40889
93.977	7.27456	7.18887	7.24635	7.40798
94.3354	7.27625	7.18923	7.2472	7.40411
94.6952	7.27174	7.19304	7.2441	7.40648
95.0563	7.2733	7.19022	7.2438	7.40664
95.4188	7.27421	7.19085	7.24575	7.40698
95.7827	7.27298	7.19154	7.24099	7.40529
96.148	7.27288	7.19194	7.23946	7.40665
96.5147	7.27397	7.19027	7.23907	7.40642
96.8827	7.27551	7.18914	7.24384	7.40678
97.2522	7.27364	7.18979	7.24108	7.40799
97.6231	7.27475	7.18957	7.24466	7.40933
97.9954	7.27595	7.19121	7.24443	7.40629
98.3691	7.27457	7.193	7.24465	7.40417
98.7442	7.27416	7.19217	7.24218	7.40649
99.1208	7.27566	7.19368	7.24085	7.40864
99.4988	7.27568	7.19321	7.23989	7.40954
99.8782	7.27417	7.19473	7.24049	7.4064
100.259	7.27167	7.19221	7.2418	7.40733
100.641	7.27356	7.18676	7.24334	7.40829
101.025	7.27142	7.18826	7.24362	7.40703
101.41	7.27267	7.19258	7.23979	7.40562
101.797	7.27454	7.19247	7.24339	7.40465
102.185	7.27532	7.19282	7.24465	7.4052
102.575	7.27544	7.18991	7.24482	7.40546
102.966	7.27375	7.19095	7.2411	7.40667
103.359	7.27551	7.19178	7.24182	7.40372
103.753	7.27663	7.19165	7.24215	7.40735
104.148	7.27538	7.19159	7.2411	7.40846
104.546	7.27096	7.19084	7.24296	7.40745
104.944	7.27601	7.19135	7.24495	7.40391
105.344	7.27443	7.19446	7.24266	7.40407
105.746	7.27354	7.19487	7.24373	7.40485
106.149	7.27347	7.19372	7.24076	7.40499
106.554	7.27255	7.1919	7.23979	7.40318
106.96	7.27084	7.19391	7.24301	7.40401
107.368	7.27318	7.19112	7.23876	7.40358
107.778	7.2738	7.18862	7.24333	7.40465
108.189	7.27399	7.18933	7.24344	7.40452
108.601	7.27265	7.18924	7.24566	7.40627
109.015	7.27237	7.19087	7.24147	7.40463
109.431	7.27306	7.19566	7.24643	7.4041
109.848	7.27332	7.1928	7.24324	7.40637
110.267	7.274	7.19121	7.24156	7.40604
110.687	7.27192	7.1914	7.24058	7.4058
111.109	7.26936	7.18872	7.24075	7.40614
111.533	7.27446	7.18942	7.23899	7.40318
111.958	7.2735	7.19044	7.24205	7.40272
112.385	7.27598	7.19365	7.24347	7.4024
112.814	7.27673	7.19436	7.24398	7.40634
113.244	7.27406	7.1912	7.23903	7.40487
113.676	7.27548	7.1924	7.23901	7.40453
114.109	7.27655	7.18958	7.24049	7.40568
114.544	7.27299	7.18813	7.24202	7.40688
114.981	7.27107	7.18754	7.24086	7.4054
115.419	7.2735	7.18929	7.2404	7.40424
115.859	7.27446	7.19111	7.24287	7.40556
116.301	7.27314	7.1922	7.24165	7.4048
116.744	7.27379	7.19088	7.24117	7.40351
117.189	7.27302	7.19365	7.23774	7.40248
117.636	7.27495	7.19068	7.23701	7.4046
118.085	7.27124	7.18597	7.24252	7.40405
118.535	7.27283	7.18834	7.24067	7.40454
118.987	7.27394	7.18952	7.23993	7.40504
119.44	7.27438	7.19035	7.24236	7.40509
119.896	7.27327	7.19187	7.24076	7.40179
120.353	7.27483	7.19588	7.23932	7.40231
120.812	7.27353	7.19463	7.23882	7.40216
121.272	7.27352	7.19073	7.23787	7.40062
121.735	7.27121	7.19025	7.24215	7.40607
122.199	7.27187	7.18852	7.24208	7.40169
122.665	7.2767	7.19498	7.23797	7.40457
123.132	7.27784	7.19623	7.23883	7.40369
123.602	7.27717	7.19789	7.24124	7.40082
124.073	7.27466	7.19421	7.23766	7.40362
124.546	7.27365	7.19259	7.23812	7.40381
125.021	7.27175	7.19	7.23978	7.40016
125.497	7.2713	7.18756	7.24033	7.4029
125.976	7.27433	7.19194	7.24252	7.40272
126.456	7.27473	7.19446	7.23806	7.4044
126.938	7.27502	7.19271	7.2412	7.39876
127.422	7.27589	7.19193	7.23972	7.40104
127.908	7.27655	7.1937	7.23924	7.40245
128.395	7.27241	7.19248	7.23714	7.39994
128.885	7.27152	7.19256	7.23681	7.4026
129.376	7.27238	7.18851	7.24109	7.40288
129.869	7.27358	7.19072	7.24031	7.40231
130.364	7.27621	7.19275	7.24218	7.39898
130.861	7.27188	7.19179	7.24035	7.40108
131.36	7.2752	7.18954	7.23761	7.40074
131.861	7.27327	7.1897	7.23391	7.40125
132.364	7.27272	7.18562	7.23979	7.40115
132.868	7.26984	7.19045	7.24006	7.4047
133.375	7.27203	7.19185	7.24131	7.40137
133.883	7.27372	7.19345	7.24013	7.40307
134.393	7.27304	7.19027	7.24019	7.39806
134.906	7.27173	7.19282	7.23942	7.39815
135.42	7.26838	7.19097	7.2351	7.39963
135.936	7.26989	7.19318	7.23694	7.4029
136.454	7.2723	7.19336	7.23934	7.40313
136.975	7.27386	7.1927	7.23915	7.40174
137.497	7.27327	7.1916	7.24034	7.40146
138.021	7.27348	7.19169	7.24062	7.40127
138.547	7.27373	7.19294	7.23652	7.39737
139.075	7.26957	7.18944	7.23675	7.39811
139.605	7.26766	7.18592	7.2364	7.39751
140.137	7.26983	7.18911	7.23576	7.39837
140.671	7.27184	7.19345	7.23627	7.40016
141.208	7.27411	7.19115	7.23848	7.39959
141.746	7.27165	7.19192	7.24047	7.40235
142.286	7.26968	7.19472	7.23918	7.39509
142.829	7.26903	7.19088	7.23448	7.39399
143.373	7.27053	7.18728	7.23782	7.39524
143.919	7.27109	7.19242	7.23897	7.39841
144.468	7.2752	7.19361	7.23709	7.39864
145.019	7.27428	7.19177	7.23727	7.39658
145.571	7.27119	7.19033	7.23497	7.39726
146.126	7.27264	7.19002	7.23397	7.3983
146.683	7.27153	7.18801	7.23557	7.39871
147.242	7.27386	7.19008	7.23415	7.39704
147.804	7.27401	7.19355	7.23795	7.40091
148.367	7.27216	7.19135	7.23653	7.3988
148.932	7.27056	7.18876	7.23822	7.39843
149.5	7.26793	7.19202	7.23856	7.39396
150.07	7.26961	7.18982	7.23409	7.39492
150.642	7.27385	7.18824	7.23642	7.39685
151.216	7.27432	7.19051	7.23748	7.3973
151.792	7.27317	7.19053	7.23399	7.3994
152.371	7.26997	7.19076	7.23645	7.39874
152.952	7.27185	7.19121	7.23265	7.39569
153.535	7.27038	7.19034	7.23172	7.39515
154.12	7.26866	7.19114	7.23463	7.39617
154.707	7.27041	7.19125	7.23329	7.40095
155.297	7.27059	7.19213	7.23562	7.39917
155.889	7.27025	7.19083	7.23525	7.39853
156.483	7.26741	7.19508	7.23624	7.39268
157.079	7.26806	7.19024	7.23136	7.39677
157.678	7.26717	7.18858	7.23399	7.39742
158.279	7.27129	7.18878	7.23526	7.39716
158.882	7.26808	7.19239	7.23275	7.3972
159.488	7.27116	7.18939	7.23504	7.39577
160.096	7.2698	7.18889	7.23234	7.39623
160.706	7.26947	7.19006	7.23033	7.39769
161.318	7.27362	7.18863	7.23227	7.39632
161.933	7.27052	7.19214	7.23438	7.39596
162.55	7.27361	7.18806	7.23468	7.39588
163.17	7.27062	7.19125	7.23533	7.39793
163.792	7.26909	7.19239	7.23556	7.39201
164.416	7.26935	7.19175	7.23102	7.39387
165.043	7.27269	7.19056	7.23519	7.39419
165.672	7.27181	7.19186	7.23693	7.39713
166.303	7.2694	7.19321	7.23617	7.39749
166.937	7.27017	7.19188	7.23327	7.39579
167.573	7.26858	7.19076	7.23016	7.39366
168.212	7.27108	7.18956	7.23151	7.39347
168.853	7.26919	7.19203	7.23035	7.39497
169.496	7.26897	7.19055	7.23243	7.39425
170.142	7.27047	7.19057	7.23352	7.39335
170.791	7.27037	7.19066	7.23274	7.39524
171.441	7.26757	7.19133	7.22905	7.39029
172.095	7.26914	7.18817	7.23005	7.39286
172.751	7.27001	7.19233	7.23127	7.39406
173.409	7.26873	7.18982	7.23016	7.39225
174.07	7.26828	7.19155	7.23019	7.39192
174.733	7.26622	7.19147	7.23035	7.39004
175.399	7.26883	7.18717	7.23019	7.3896
176.068	7.26954	7.18995	7.22904	7.39315
176.739	7.26771	7.19249	7.2299	7.39397
177.412	7.26818	7.1894	7.23353	7.39409
178.088	7.26869	7.1912	7.23031	7.39317
178.767	7.26505	7.18786	7.23037	7.39212
179.448	7.26911	7.19032	7.22892	7.39361
180.132	7.26892	7.19162	7.23179	7.39413
180.818	7.26536	7.19081	7.23034	7.3946
181.507	7.26502	7.19163	7.23084	7.38992
182.199	7.26647	7.18858	7.22849	7.39124
182.893	7.2648	7.1886	7.23165	7.39252
183.59	7.26867	7.19089	7.22911	7.3951
184.29	7.26684	7.19006	7.23033	7.39364
184.992	7.26627	7.19228	7.2304	7.39106
185.697	7.26423	7.18807	7.22884	7.3879
186.405	7.2656	7.18962	7.22975	7.38894
187.115	7.26762	7.19267	7.23157	7.39181
187.828	7.26796	7.19211	7.22944	7.392
188.544	7.26673	7.1902	7.22627	7.39018
189.263	7.26461	7.18993	7.22636	7.38716
189.984	7.26548	7.18773	7.22963	7.38829
190.708	7.27016	7.19134	7.22821	7.38795
191.435	7.26775	7.19003	7.22509	7.39058
192.164	7.26562	7.19145	7.22544	7.39132
192.896	7.2626	7.18586	7.2268	7.38859
193.631	7.26545	7.19105	7.22645	7.38886
194.369	7.26703	7.19321	7.22825	7.3906
195.11	7.26703	7.18899	7.22424	7.39181
195.853	7.26699	7.19014	7.22559	7.38856
196.6	7.26438	7.18883	7.22582	7.38536
197.349	7.26761	7.18795	7.22694	7.38776
198.101	7.26642	7.19136	7.22722	7.38808
198.856	7.26433	7.19186	7.22522	7.39082
199.613	7.2634	7.18854	7.22408	7.38834
200.374	7.26395	7.18724	7.22873	7.38832
201.138	7.26758	7.19195	7.22811	7.38711
201.904	7.26589	7.19019	7.22647	7.38849
202.673	7.26428	7.19094	7.22303	7.38791
203.446	7.26111	7.18833	7.22291	7.38509
204.221	7.26399	7.18843	7.22557	7.38563
204.999	7.2653	7.19071	7.22299	7.38486
205.78	7.26433	7.19125	7.22526	7.38754
206.564	7.26311	7.19126	7.22457	7.38579
207.352	7.26115	7.18514	7.22405	7.38607
208.142	7.26549	7.18817	7.2217	7.38805
208.935	7.26373	7.18852	7.22497	7.38853
209.731	7.26538	7.19137	7.22415	7.3875
210.53	7.26301	7.18966	7.22298	7.38605
211.332	7.26381	7.18906	7.22339	7.38588
212.137	7.26428	7.18873	7.22285	7.38584
212.946	7.26434	7.19072	7.22067	7.38738
213.757	7.26266	7.18921	7.22115	7.38626
214.572	7.26226	7.18435	7.22235	7.38401
215.389	7.26409	7.18759	7.22255	7.3814
216.21	7.26063	7.1885	7.22001	7.3848
217.034	7.2611	7.19063	7.2219	7.38573
217.861	7.26086	7.18733	7.22429	7.38112
218.691	7.26377	7.18762	7.22319	7.38126
219.524	7.26138	7.18955	7.22093	7.38318
220.361	7.26	7.18782	7.22192	7.38472
221.2	7.25767	7.18837	7.22285	7.38422
222.043	7.2624	7.18597	7.2201	7.38118
222.889	7.26081	7.18976	7.22052	7.38198
223.738	7.25994	7.18917	7.22065	7.38365
224.591	7.25772	7.18745	7.21951	7.38077
225.447	7.26146	7.18652	7.22305	7.37965
226.306	7.2631	7.18823	7.22068	7.3828
227.168	7.26168	7.18795	7.21806	7.38234
228.033	7.25811	7.18816	7.21968	7.38051
228.902	7.26192	7.18608	7.21826	7.37932
229.774	7.26239	7.18914	7.21916	7.38083
230.65	7.26191	7.18761	7.21805	7.3809
231.529	7.2588	7.18791	7.21598	7.38105
232.411	7.25993	7.18759	7.21774	7.37657
233.296	7.26073	7.18818	7.22061	7.3797
234.185	7.26114	7.18712	7.21821	7.38139
235.078	7.25516	7.18746	7.21657	7.3831
235.973	7.25805	7.18655	7.21931	7.37561
236.872	7.25743	7.18494	7.21833	7.37732
237.775	7.25779	7.18819	7.21731	7.38
238.681	7.25742	7.18804	7.21643	7.37828
239.59	7.25923	7.1869	7.21504	7.37553
240.503	7.2584	7.18503	7.21662	7.37982
241.419	7.25494	7.18703	7.21332	7.38025
242.339	7.25206	7.18653	7.21464	7.37897
243.263	7.25897	7.18466	7.21559	7.37472
244.189	7.25844	7.18784	7.21552	7.37791
245.12	7.25471	7.18698	7.21685	7.38026
246.054	7.25385	7.1871	7.21597	7.37888
246.991	7.25915	7.18596	7.21349	7.37561
247.932	7.25831	7.18732	7.21569	7.37951
248.877	7.25739	7.1884	7.21438	7.37835
249.825	7.25622	7.18506	7.21158	7.37591
250.777	7.25761	7.18476	7.21074	7.37498
251.732	7.2576	7.18685	7.21633	7.37536
252.691	7.25463	7.189	7.21406	7.37803
253.654	7.25655	7.18379	7.21147	7.37387
254.62	7.25753	7.18516	7.20984	7.37446
255.591	7.2532	7.18659	7.2136	7.37406
256.564	7.25439	7.18719	7.21039	7.37662
257.542	7.25319	7.18332	7.20998	7.37087
258.523	7.2553	7.18691	7.21276	7.37627
259.508	7.25294	7.18846	7.21172	7.37647
260.497	7.25443	7.18599	7.21035	7.3732
261.489	7.25687	7.18507	7.21049	7.37142
262.485	7.25443	7.18521	7.21281	7.37372
263.485	7.25417	7.18576	7.20972	7.37508
264.489	7.25627	7.18481	7.21027	7.37584
265.497	7.25529	7.18314	7.21183	7.37189
266.508	7.25325	7.18462	7.21321	7.3728
267.524	7.25453	7.18409	7.21162	7.37493
268.543	7.25447	7.18266	7.2119	7.36964
269.566	7.25219	7.18468	7.21053	7.37145
270.593	7.25415	7.18562	7.20964	7.37241
271.624	7.25277	7.18409	7.21066	7.37074
272.659	7.25192	7.18202	7.21223	7.37112
273.698	7.25008	7.18545	7.21109	7.37135
274.74	7.2524	7.18444	7.20927	7.37194
275.787	7.25354	7.18286	7.2085	7.36777
276.838	7.25096	7.184	7.21037	7.37251
277.892	7.2528	7.18546	7.20914	7.3724
278.951	7.25435	7.18281	7.20689	7.36565
280.014	7.25208	7.18212	7.20872	7.37076
281.081	7.25059	7.18439	7.20896	7.37167
282.151	7.25151	7.18127	7.20616	7.36879
283.226	7.25145	7.17917	7.2059	7.37068
284.305	7.24807	7.18316	7.20852	7.37111
285.388	7.25064	7.18362	7.20634	7.36892
286.476	7.24912	7.18088	7.20655	7.36654
287.567	7.24818	7.18401	7.20648	7.36797
288.663	7.25096	7.18549	7.20854	7.36845
289.762	7.25161	7.18148	7.20629	7.36644
290.866	7.24809	7.18232	7.20657	7.36803
291.974	7.2507	7.18233	7.20494	7.36921
293.087	7.25024	7.182	7.20496	7.36593
294.203	7.24766	7.18143	7.20351	7.36682
295.324	7.24888	7.18166	7.20451	7.36818
296.449	7.25014	7.17871	7.20339	7.36454
297.578	7.24909	7.1814	7.20344	7.36597
298.712	7.24709	7.17967	7.20442	7.36509
300	7.24863	7.18039	7.2055	7.36363
