0.000575	8.76607	8.63319	8.64571
0.00115	8.79424	8.71464	8.64223
0.001725	8.79062	8.73179	8.75561
0.0023	8.76725	8.75894	8.82042
0.002875	8.81931	8.77349	8.83809
0.0034625	8.7691	8.7503	8.83374
0.00405	8.8124	8.71929	8.79143
0.004625	8.71971	8.7245	8.77264
0.005225	8.68845	8.66242	8.72988
0.0058125	8.76904	8.66538	8.68051
0.0064	8.74465	8.70505	8.67183
0.007	8.77522	8.65963	8.66726
0.0076	8.73556	8.6277	8.72511
0.0082	8.78649	8.66143	8.71308
0.0088	8.76848	8.63216	8.65696
0.0094	8.73067	8.6893	8.68962
0.0100125	8.72131	8.65814	8.68023
0.010625	8.74704	8.58885	8.67842
0.0112375	8.71217	8.66047	8.70288
0.01185	8.68682	8.61477	8.68507
0.0124625	8.66829	8.58593	8.6777
0.013075	8.68835	8.66644	8.69086
0.0137	8.77331	8.64777	8.58856
0.014325	8.73871	8.60562	8.65671
0.01495	8.72092	8.56843	8.65718
0.015575	8.71799	8.57777	8.70618
0.0162125	8.67297	8.53787	8.63572
0.0168375	8.6802	8.58614	8.64611
0.017475	8.6474	8.54093	8.67935
0.0181125	8.70183	8.60859	8.64488
0.01875	8.65511	8.55812	8.61346
0.0194	8.68543	8.53894	8.60033
0.0200375	8.62364	8.50241	8.60169
0.0206875	8.63413	8.50653	8.58948
0.0213375	8.61625	8.53393	8.57952
0.0219875	8.6725	8.53408	8.57429
0.02265	8.62636	8.55444	8.61485
0.0233	8.65879	8.54961	8.55264
0.0239625	8.63363	8.5526	8.58503
0.024625	8.61689	8.52765	8.60703
0.0252875	8.62982	8.52354	8.55825
0.0259625	8.62401	8.53296	8.58765
0.026625	8.60722	8.55839	8.58002
0.0273	8.60726	8.5237	8.59071
0.027975	8.60188	8.52312	8.61551
0.02865	8.5806	8.47164	8.57386
0.0293375	8.61385	8.51233	8.57749
0.0300125	8.58735	8.53164	8.55346
0.0307	8.59687	8.56337	8.53919
0.0313875	8.62454	8.50513	8.51371
0.0320875	8.61945	8.45789	8.55687
0.032775	8.60092	8.48922	8.55926
0.033475	8.60701	8.49158	8.55615
0.034175	8.57657	8.5117	8.53932
0.034875	8.59294	8.49906	8.51692
0.035575	8.5643	8.45462	8.55667
0.0362875	8.57932	8.45203	8.44868
0.0369875	8.5449	8.49173	8.43501
0.0377	8.55129	8.44034	8.49675
0.0384125	8.50861	8.49239	8.50629
0.0391375	8.50667	8.48206	8.41586
0.03985	8.51811	8.39248	8.44512
0.040575	8.50661	8.40817	8.39205
0.0413	8.50941	8.43396	8.43755
0.0420375	8.53006	8.40707	8.42579
0.0427625	8.45074	8.42565	8.4441
0.0435	8.48822	8.40222	8.45897
0.0442375	8.47632	8.37919	8.44391
0.044975	8.4659	8.39337	8.43258
0.0457125	8.52376	8.4231	8.38651
0.0464625	8.49993	8.43447	8.43296
0.0472125	8.49252	8.40082	8.41922
0.0479625	8.4808	8.37525	8.37271
0.0487125	8.45448	8.36521	8.41168
0.049475	8.49008	8.39752	8.40472
0.050225	8.47707	8.42248	8.4002
0.0509875	8.46288	8.39389	8.3724
0.0517625	8.44026	8.41793	8.34836
0.052525	8.43503	8.35869	8.29288
0.0533	8.43689	8.32575	8.32521
0.054075	8.4342	8.36449	8.34056
0.05485	8.46218	8.34563	8.37841
0.055625	8.40004	8.36049	8.31722
0.0564125	8.36877	8.31464	8.34472
0.0572	8.44173	8.33032	8.33564
0.0579875	8.41846	8.34778	8.31733
0.058775	8.43023	8.29271	8.34802
0.059575	8.43915	8.33397	8.32232
0.060375	8.36506	8.31361	8.28364
0.061175	8.36764	8.28529	8.33377
0.061975	8.39915	8.26394	8.30079
0.0627875	8.37981	8.32537	8.32957
0.0636	8.36023	8.31016	8.32693
0.0644125	8.35424	8.32579	8.24471
0.065225	8.38184	8.26113	8.28954
0.0660375	8.40196	8.30275	8.27643
0.0668625	8.34937	8.27302	8.27667
0.0676875	8.34875	8.23464	8.24889
0.068525	8.33126	8.25656	8.27862
0.06935	8.31541	8.31177	8.2713
0.0701875	8.35996	8.2951	8.30773
0.071025	8.33534	8.21753	8.2889
0.0718625	8.33074	8.28084	8.25148
0.0727125	8.3184	8.24859	8.21862
0.0735625	8.31152	8.26426	8.21448
0.0744125	8.35427	8.27919	8.23404
0.0752625	8.29711	8.22212	8.24959
0.076125	8.29139	8.2824	8.24585
0.0769875	8.29703	8.26413	8.19659
0.07785	8.30198	8.22976	8.24129
0.0787125	8.29244	8.24265	8.25434
0.0795875	8.32499	8.16731	8.2237
0.0804625	8.29739	8.19997	8.21635
0.0813375	8.35022	8.2346	8.25254
0.082225	8.32592	8.25397	8.24629
0.0831	8.26956	8.20608	8.18786
0.0839875	8.29311	8.22769	8.25324
0.0848875	8.2959	8.19198	8.21028
0.085775	8.28144	8.169	8.2712
0.086675	8.23854	8.21029	8.20285
0.087575	8.2863	8.17335	8.20159
0.088475	8.21849	8.18668	8.17721
0.0893875	8.28757	8.20155	8.18834
0.0903	8.26452	8.20712	8.20728
0.0912125	8.28501	8.17172	8.19013
0.0921375	8.25956	8.17151	8.21908
0.09305	8.23023	8.18624	8.17854
0.0939875	8.2614	8.18872	8.19521
0.0949125	8.21943	8.19793	8.17541
0.0958375	8.23247	8.15705	8.17518
0.096775	8.26949	8.15078	8.15646
0.097725	8.21184	8.18313	8.15102
0.0986625	8.2505	8.13553	8.14379
0.0996125	8.2133	8.13533	8.13935
0.100562	8.18508	8.14787	8.13799
0.101512	8.25094	8.12543	8.13218
0.102475	8.21776	8.12385	8.16527
0.103437	8.19186	8.12507	8.0834
0.1044	8.17419	8.19913	8.13955
0.105362	8.24689	8.10657	8.10662
0.106338	8.24043	8.15186	8.10948
0.107313	8.19247	8.16839	8.143
0.1083	8.19918	8.10958	8.08922
0.109275	8.18811	8.08141	8.09944
0.110262	8.2008	8.09097	8.12122
0.11125	8.16862	8.0864	8.07306
0.11225	8.1476	8.11682	8.10543
0.11325	8.17838	8.09961	8.11012
0.11425	8.18914	8.06432	8.11578
0.115263	8.1627	8.11027	8.10482
0.116263	8.13411	8.09506	8.08096
0.117288	8.16707	8.0923	8.08694
0.1183	8.18126	8.04831	8.08948
0.119325	8.16581	8.10375	8.08084
0.12035	8.18086	8.0859	8.05999
0.121375	8.17707	8.12011	8.06337
0.122413	8.15178	8.07429	8.07936
0.12345	8.18104	8.06801	8.04223
0.124487	8.16918	8.06134	8.07349
0.125537	8.12447	8.05877	8.066
0.126587	8.13474	8.08748	8.05391
0.127638	8.17118	8.0372	8.06735
0.128688	8.13939	8.07274	8.04335
0.12975	8.14481	8.06957	8.04947
0.130825	8.173	8.07813	8.05188
0.131887	8.1485	8.02131	8.03094
0.132962	8.12041	8.01869	8.02154
0.134037	8.13538	8.0318	8.08488
0.135125	8.15055	8.05005	8.0308
0.1362	8.10757	7.97018	8.05346
0.1373	8.09034	8.04255	7.99371
0.138388	8.13766	8.0259	8.04112
0.139488	8.139	8.04731	8.00331
0.140587	8.09772	8.02485	8.01852
0.1417	8.11074	8.02551	8.01869
0.142813	8.09714	8.02529	8.00295
0.143925	8.10404	8.02804	8.01516
0.145038	8.08035	8.01499	8.02067
0.146162	8.1047	7.99787	7.99953
0.147288	8.1003	7.99588	7.99294
0.148425	8.07813	8.00177	7.98928
0.149562	8.07199	8.00017	7.96628
0.1507	8.10203	7.99125	8.02612
0.15185	8.07423	7.99568	7.97542
0.153	8.07431	8.01294	7.95635
0.15415	8.03102	7.99473	7.99201
0.155312	8.08656	8.00169	7.9876
0.156475	8.06088	8.00292	7.93671
0.157638	8.04232	7.96834	7.95201
0.158812	8.08001	7.94342	7.94693
0.159987	8.03317	7.98575	7.99671
0.161162	8.04224	7.96344	7.97909
0.16235	8.03658	7.97153	7.9587
0.163538	8.02796	7.92786	7.99389
0.164737	8.04804	7.95205	7.94257
0.165925	8.01572	7.93099	7.97726
0.167138	8.06389	7.94053	7.94145
0.168337	8.0353	7.92704	7.95725
0.16955	8.04265	7.93296	7.95056
0.170775	8.0208	7.94313	7.97051
0.171988	8.0299	7.94242	7.91693
0.173212	8.04445	7.91533	7.9621
0.17445	8.00287	7.91641	7.96353
0.175688	7.98827	7.91182	7.94817
0.176925	8.0301	7.91326	7.96499
0.178175	7.96117	7.93362	7.9034
0.179412	7.99203	7.91332	7.955
0.180675	8.01433	7.90586	7.91524
0.181938	7.99418	7.89145	7.93034
0.1832	8.01878	7.9006	7.94633
0.184463	7.94921	7.91442	7.89723
0.185738	7.93182	7.91655	7.90312
0.187012	8.00054	7.91307	7.90855
0.1883	7.97227	7.86865	7.89253
0.189588	7.9758	7.8832	7.92809
0.190875	7.9572	7.8339	7.88946
0.192175	7.98236	7.89211	7.90536
0.193487	7.97303	7.87	7.8882
0.194788	8.00566	7.87349	7.9147
0.1961	7.96988	7.87521	7.88753
0.197425	7.99683	7.8549	7.89228
0.198738	7.94768	7.87271	7.87174
0.200075	7.96055	7.86639	7.86011
0.2014	7.94654	7.83473	7.90297
0.202737	7.9656	7.84342	7.85496
0.204087	7.94673	7.89031	7.86242
0.205437	7.95443	7.87728	7.86041
0.206787	7.93381	7.89572	7.86161
0.20815	7.94099	7.8805	7.8473
0.209513	7.93841	7.89098	7.85441
0.210875	7.90565	7.90154	7.90914
0.21225	7.93375	7.84832	7.83907
0.213638	7.95602	7.88054	7.87503
0.215013	7.94876	7.84547	7.85745
0.2164	7.91993	7.83514	7.83848
0.2178	7.93651	7.82537	7.849
0.2192	7.93204	7.86927	7.84883
0.220612	7.91247	7.8744	7.79346
0.222013	7.91146	7.83477	7.85924
0.223438	7.90617	7.83689	7.83429
0.224863	7.91882	7.80651	7.84192
0.226287	7.90977	7.82717	7.86176
0.227712	7.89092	7.85101	7.83247
0.22915	7.89612	7.82634	7.83942
0.2306	7.90325	7.82439	7.85083
0.23205	7.9148	7.83855	7.81829
0.2335	7.93678	7.81701	7.8037
0.234962	7.91507	7.84712	7.80473
0.236425	7.91092	7.8067	7.79192
0.2379	7.88609	7.79478	7.82375
0.239375	7.88113	7.84461	7.79686
0.240863	7.89054	7.77793	7.8141
0.24235	7.86056	7.85458	7.80573
0.243838	7.87251	7.77529	7.78988
0.245338	7.91066	7.7809	7.79282
0.24685	7.87917	7.81238	7.81513
0.248362	7.87969	7.78761	7.77303
0.249875	7.88447	7.80589	7.82844
0.2514	7.88563	7.78649	7.81759
0.252925	7.84952	7.79317	7.75084
0.254463	7.89712	7.77596	7.78383
0.256	7.8687	7.81026	7.76127
0.25755	7.86743	7.78413	7.82828
0.2591	7.87936	7.78589	7.79307
0.26065	7.88376	7.79507	7.79133
0.262225	7.84735	7.76893	7.76096
0.263788	7.87523	7.77789	7.75776
0.265363	7.8484	7.78231	7.79254
0.26695	7.83675	7.7464	7.75733
0.268537	7.85998	7.76709	7.76834
0.270125	7.84265	7.77606	7.74981
0.271725	7.83259	7.74903	7.74579
0.273338	7.86813	7.76407	7.79468
0.27495	7.83799	7.74326	7.79601
0.276563	7.84397	7.76794	7.75518
0.278188	7.86168	7.75681	7.77169
0.279813	7.83648	7.75012	7.75777
0.28145	7.83261	7.76969	7.78465
0.2831	7.82527	7.75845	7.77062
0.28475	7.80832	7.75876	7.7338
0.2864	7.8005	7.75203	7.76306
0.288063	7.85347	7.7712	7.72454
0.289725	7.85571	7.74406	7.76612
0.2914	7.81116	7.71923	7.71552
0.293088	7.83165	7.75896	7.75839
0.294775	7.81918	7.75742	7.73578
0.296463	7.85845	7.76206	7.76298
0.298162	7.85057	7.71478	7.74844
0.299875	7.83982	7.72896	7.74334
0.301587	7.81939	7.75071	7.71944
0.3033	7.83283	7.7372	7.75207
0.305037	7.80525	7.74419	7.7453
0.306762	7.81433	7.70022	7.71308
0.3085	7.82773	7.71121	7.73219
0.31025	7.80265	7.71234	7.72088
0.312	7.82284	7.71271	7.71727
0.313762	7.82081	7.72167	7.70608
0.315525	7.79758	7.71528	7.6925
0.3173	7.81133	7.7448	7.72102
0.319075	7.80635	7.68998	7.68371
0.320863	7.80451	7.71649	7.71641
0.322663	7.80597	7.69273	7.70047
0.324463	7.75651	7.72666	7.7049
0.326263	7.78687	7.71128	7.72218
0.328075	7.76936	7.69663	7.72058
0.3299	7.7861	7.70471	7.7441
0.331725	7.77956	7.6828	7.67931
0.333562	7.79367	7.68667	7.70525
0.3354	7.80687	7.68068	7.71467
0.33725	7.79418	7.6998	7.71426
0.3391	7.77374	7.69594	7.71856
0.340962	7.76789	7.69631	7.69104
0.342838	7.76697	7.70894	7.70546
0.344712	7.76061	7.68793	7.69868
0.3466	7.76811	7.69513	7.69002
0.348487	7.75384	7.68695	7.70045
0.350388	7.77003	7.68215	7.68984
0.352288	7.78399	7.69441	7.67816
0.3542	7.76605	7.70253	7.67015
0.356125	7.78004	7.68564	7.69612
0.35805	7.76734	7.66111	7.68853
0.359987	7.76868	7.65056	7.66229
0.361925	7.75318	7.6932	7.69958
0.363875	7.7623	7.65352	7.68007
0.365838	7.76126	7.65886	7.67958
0.3678	7.73068	7.65678	7.67227
0.369763	7.71718	7.6702	7.67569
0.37175	7.74705	7.68282	7.65751
0.373738	7.76477	7.66077	7.65071
0.375725	7.76258	7.66222	7.65498
0.377725	7.74761	7.65333	7.65758
0.379737	7.74534	7.65455	7.66505
0.381763	7.74638	7.67966	7.67066
0.383775	7.73234	7.65575	7.6466
0.385812	7.72567	7.66047	7.68127
0.38785	7.72472	7.63979	7.65685
0.3899	7.72384	7.64066	7.63837
0.391962	7.7453	7.66368	7.63815
0.394025	7.74416	7.68588	7.64742
0.396087	7.75003	7.64599	7.67059
0.398175	7.7442	7.65799	7.65992
0.400263	7.74056	7.66545	7.64468
0.40235	7.71195	7.6498	7.64839
0.404462	7.71954	7.65245	7.65737
0.406575	7.71363	7.64812	7.61705
0.408688	7.7214	7.6762	7.61329
0.410812	7.7106	7.64524	7.61889
0.41295	7.72614	7.65889	7.62778
0.4151	7.70908	7.62017	7.60432
0.41725	7.73045	7.63045	7.6257
0.4194	7.72051	7.6295	7.62672
0.421575	7.72412	7.64256	7.63409
0.42375	7.72279	7.62512	7.60322
0.425938	7.72061	7.62762	7.64068
0.428125	7.69745	7.6254	7.656
0.430325	7.72001	7.61573	7.63397
0.432537	7.7012	7.602	7.61565
0.434763	7.73036	7.62258	7.63329
0.436987	7.69923	7.64056	7.6159
0.439225	7.71434	7.64155	7.63607
0.441462	7.6872	7.63299	7.63131
0.443713	7.72419	7.65982	7.61512
0.445975	7.71214	7.60767	7.64631
0.44825	7.7108	7.6337	7.6179
0.450525	7.69026	7.58932	7.64704
0.452812	7.72699	7.61796	7.63377
0.4551	7.70053	7.63227	7.62195
0.457413	7.68415	7.6126	7.62329
0.459725	7.72224	7.59345	7.61319
0.462038	7.71405	7.60194	7.62697
0.464375	7.7146	7.61425	7.61911
0.466713	7.68739	7.61711	7.61639
0.469063	7.68893	7.63401	7.60205
0.471413	7.68089	7.6094	7.591
0.473787	7.70698	7.59557	7.61197
0.476162	7.67729	7.5893	7.62582
0.478537	7.68517	7.61355	7.60101
0.480938	7.7038	7.62573	7.60453
0.483337	7.68176	7.61877	7.62163
0.48575	7.69994	7.60299	7.61744
0.488175	7.70447	7.60518	7.59722
0.4906	7.6838	7.63033	7.61305
0.493037	7.66229	7.61232	7.60062
0.495488	7.68646	7.59839	7.5757
0.49795	7.70185	7.61166	7.59146
0.500413	7.68106	7.61696	7.6004
0.502887	7.70152	7.57661	7.59852
0.505375	7.68216	7.61333	7.60766
0.507875	7.68274	7.59939	7.55712
0.510375	7.6806	7.59753	7.58409
0.512887	7.6938	7.61091	7.58947
0.515413	7.66071	7.58362	7.58104
0.51795	7.66957	7.61301	7.57653
0.520487	7.67015	7.58964	7.59559
0.52305	7.68539	7.58231	7.56969
0.525612	7.67228	7.63461	7.5895
0.528175	7.69108	7.57755	7.60714
0.530762	7.66655	7.55818	7.59552
0.53335	7.65784	7.59772	7.57626
0.535963	7.6998	7.59103	7.58528
0.538575	7.66417	7.57628	7.59924
0.541188	7.66888	7.58973	7.58735
0.543825	7.66357	7.57645	7.60081
0.546462	7.67635	7.59338	7.58176
0.549112	7.66066	7.60635	7.60797
0.551775	7.66113	7.5822	7.56726
0.55445	7.63969	7.57377	7.57867
0.557137	7.67206	7.57906	7.56866
0.559825	7.65094	7.58826	7.59844
0.562525	7.64322	7.59321	7.57736
0.565238	7.67064	7.58078	7.58437
0.567963	7.65416	7.55809	7.5777
0.5707	7.66883	7.58814	7.5732
0.573438	7.66251	7.56308	7.59932
0.5762	7.65939	7.58065	7.58353
0.578963	7.6228	7.57952	7.59198
0.581738	7.65978	7.56051	7.58986
0.584525	7.65187	7.54854	7.55821
0.587325	7.65494	7.57774	7.55463
0.590125	7.644	7.57288	7.58199
0.59295	7.63776	7.56731	7.54759
0.595775	7.63272	7.57891	7.57628
0.598612	7.65104	7.58755	7.56763
0.601462	7.6564	7.57369	7.57199
0.604325	7.64145	7.58149	7.56617
0.6072	7.63416	7.56902	7.54918
0.610088	7.64147	7.54534	7.56628
0.612975	7.65386	7.57592	7.57982
0.615888	7.67504	7.56735	7.56412
0.6188	7.67181	7.57964	7.57653
0.621725	7.65204	7.5718	7.55854
0.624663	7.66258	7.56692	7.55663
0.627612	7.63116	7.55912	7.58025
0.630575	7.65056	7.55874	7.56293
0.63355	7.64202	7.5489	7.53759
0.636525	7.63072	7.5637	7.55307
0.639525	7.61597	7.5664	7.56288
0.642537	7.65735	7.54296	7.548
0.64555	7.64678	7.57455	7.5424
0.648575	7.63946	7.54824	7.5611
0.651625	7.63735	7.57554	7.54318
0.654675	7.64412	7.54962	7.54609
0.657737	7.64033	7.57156	7.5554
0.660812	7.65907	7.55508	7.56073
0.6639	7.65647	7.55066	7.54991
0.667	7.6373	7.53498	7.57475
0.670112	7.64063	7.55243	7.56788
0.673238	7.63324	7.55158	7.56101
0.676363	7.65287	7.55394	7.55387
0.679513	7.63252	7.54138	7.55178
0.682675	7.63548	7.54495	7.54245
0.685838	7.63189	7.55794	7.53207
0.689025	7.64117	7.54621	7.54184
0.692225	7.64858	7.5479	7.55236
0.695425	7.64639	7.52421	7.56228
0.69865	7.64285	7.54205	7.54046
0.701875	7.6461	7.54978	7.55199
0.705125	7.64545	7.56422	7.54442
0.708375	7.61664	7.55981	7.54122
0.71165	7.62466	7.5476	7.55281
0.714925	7.63156	7.52006	7.5238
0.718225	7.62519	7.5292	7.54562
0.721525	7.63206	7.52953	7.54208
0.724837	7.64106	7.55197	7.54998
0.728175	7.62216	7.56479	7.54209
0.731512	7.62983	7.56228	7.52653
0.734875	7.62325	7.56056	7.5363
0.73825	7.64675	7.53662	7.54593
0.741625	7.59817	7.53868	7.53273
0.745025	7.61531	7.54272	7.55099
0.748425	7.61393	7.55531	7.54115
0.75185	7.64002	7.55062	7.51746
0.755288	7.61923	7.54239	7.53351
0.758725	7.62306	7.5458	7.53748
0.762187	7.63507	7.52851	7.56058
0.765662	7.62768	7.52562	7.53401
0.76915	7.62964	7.54703	7.5471
0.77265	7.62016	7.53852	7.54472
0.776163	7.61262	7.55005	7.52662
0.779688	7.61926	7.54182	7.54097
0.783225	7.62601	7.53373	7.52727
0.786788	7.62524	7.54568	7.51299
0.79035	7.61401	7.53072	7.54262
0.793938	7.63275	7.53329	7.546
0.797525	7.62107	7.54624	7.53035
0.801138	7.61958	7.52351	7.52965
0.80475	7.60786	7.54267	7.53922
0.808388	7.61888	7.53047	7.5356
0.812038	7.62659	7.54276	7.54036
0.8157	7.62692	7.53452	7.54655
0.819375	7.61935	7.539	7.53315
0.823075	7.6236	7.52618	7.54662
0.826775	7.60978	7.5472	7.53047
0.8305	7.60695	7.53509	7.55772
0.834225	7.60648	7.53625	7.51792
0.837975	7.60861	7.54671	7.51158
0.841738	7.61692	7.54857	7.53226
0.845513	7.63207	7.52486	7.54292
0.8493	7.62559	7.52822	7.54889
0.853113	7.61362	7.53636	7.52605
0.856925	7.6025	7.53914	7.5425
0.860762	7.61469	7.53498	7.52167
0.864613	7.60868	7.52708	7.53903
0.868475	7.61408	7.52406	7.53409
0.87235	7.61748	7.54011	7.53131
0.87625	7.60754	7.53441	7.51978
0.88015	7.64024	7.52974	7.51053
0.884075	7.59678	7.54327	7.54464
0.888013	7.60905	7.5399	7.54806
0.891963	7.61749	7.55068	7.52864
0.895938	7.60018	7.53613	7.53332
0.899912	7.61446	7.51809	7.54942
0.903912	7.61431	7.52804	7.52651
0.907925	7.61177	7.51466	7.5453
0.91195	7.60781	7.53215	7.52618
0.916	7.61883	7.53953	7.52117
0.920062	7.6228	7.51615	7.51352
0.924137	7.60857	7.52142	7.52766
0.928225	7.60174	7.52514	7.52668
0.932325	7.60277	7.53361	7.50893
0.93645	7.59354	7.51835	7.52072
0.940588	7.60252	7.51874	7.5248
0.944737	7.61693	7.53425	7.51314
0.948913	7.61227	7.5277	7.54228
0.953088	7.61263	7.54388	7.51255
0.957287	7.60883	7.52545	7.5329
0.961513	7.59786	7.55054	7.53686
0.965738	7.60171	7.53169	7.52048
0.969988	7.60534	7.51718	7.52899
0.97425	7.61976	7.5349	7.5205
0.978537	7.61311	7.52364	7.52103
0.982837	7.61437	7.51001	7.50799
0.98715	7.62716	7.51396	7.55085
0.991475	7.6145	7.52409	7.54235
0.995825	7.59498	7.53344	7.52303
1.00019	7.61559	7.51549	7.50517
1.00456	7.60712	7.53349	7.52558
1.00896	7.59464	7.52426	7.5188
1.01338	7.61754	7.53631	7.52328
1.0178	7.60107	7.53027	7.51609
1.02225	7.59638	7.53313	7.51611
1.02671	7.61901	7.52259	7.52038
1.03119	7.57908	7.51412	7.53727
1.03569	7.60112	7.51744	7.50636
1.0402	7.59922	7.53673	7.53291
1.04474	7.59815	7.51066	7.52672
1.04929	7.61203	7.51059	7.53144
1.05385	7.60703	7.51143	7.51311
1.05844	7.61246	7.53136	7.54553
1.06304	7.60099	7.52643	7.52205
1.06766	7.60688	7.53694	7.52512
1.07229	7.5997	7.49668	7.51341
1.07695	7.59582	7.53447	7.52166
1.08162	7.62756	7.5206	7.51589
1.08631	7.59817	7.52813	7.52457
1.09101	7.59253	7.52284	7.51484
1.09574	7.59256	7.50914	7.52883
1.10049	7.60034	7.51654	7.50737
1.10525	7.58718	7.51859	7.52397
1.11003	7.59977	7.52035	7.52149
1.11483	7.60837	7.50912	7.52235
1.11964	7.60241	7.51083	7.51023
1.12448	7.59531	7.51775	7.52306
1.12933	7.60217	7.51903	7.51172
1.1342	7.61941	7.51307	7.51163
1.13909	7.61817	7.51863	7.52323
1.144	7.59796	7.50528	7.51265
1.14892	7.58515	7.49958	7.53459
1.15387	7.61454	7.51022	7.51047
1.15884	7.62784	7.52208	7.51432
1.16381	7.60332	7.51076	7.52796
1.16883	7.59935	7.53121	7.52065
1.17384	7.60601	7.52361	7.52964
1.17889	7.60013	7.49909	7.51507
1.18394	7.60706	7.51806	7.51439
1.18903	7.57899	7.51144	7.53804
1.19413	7.60409	7.52675	7.51892
1.19924	7.60711	7.52395	7.50689
1.20438	7.61759	7.52219	7.51488
1.20954	7.59702	7.51739	7.52833
1.21471	7.60519	7.51563	7.52188
1.21991	7.597	7.53492	7.50186
1.22512	7.61068	7.49752	7.53135
1.23036	7.59081	7.50117	7.52752
1.23561	7.61847	7.50362	7.52477
1.24089	7.61084	7.51181	7.53015
1.24619	7.60442	7.51853	7.52365
1.2515	7.61199	7.5076	7.51556
1.25684	7.59861	7.51126	7.5174
1.2622	7.6021	7.5135	7.50934
1.26758	7.60505	7.53181	7.52529
1.27297	7.60524	7.52058	7.51545
1.27839	7.60402	7.50495	7.50989
1.28383	7.59746	7.52478	7.51296
1.28929	7.60553	7.51115	7.51217
1.29476	7.59733	7.5173	7.51852
1.30027	7.60946	7.53469	7.51029
1.30579	7.61634	7.5218	7.55132
1.31134	7.61537	7.52126	7.50659
1.3169	7.60834	7.51007	7.52494
1.32249	7.60417	7.52075	7.53303
1.32809	7.58577	7.51419	7.51204
1.33372	7.59915	7.51247	7.52681
1.33938	7.61487	7.51704	7.51864
1.34504	7.60479	7.51397	7.51825
1.35074	7.59424	7.51709	7.52409
1.35645	7.59396	7.49859	7.51635
1.36219	7.61692	7.51047	7.51393
1.36794	7.61154	7.51534	7.51567
1.37373	7.59315	7.51457	7.51868
1.37952	7.61626	7.50666	7.50539
1.38535	7.58461	7.51335	7.51533
1.39119	7.60998	7.50061	7.50951
1.39706	7.60244	7.52203	7.52307
1.40295	7.59562	7.49181	7.51405
1.40886	7.59986	7.50123	7.51374
1.4148	7.598	7.51086	7.52938
1.42076	7.60242	7.51957	7.51374
1.42674	7.59418	7.50019	7.52319
1.43274	7.59503	7.51948	7.52031
1.43877	7.60828	7.52223	7.52215
1.44483	7.6079	7.52654	7.50853
1.45089	7.59094	7.50074	7.51031
1.45699	7.58063	7.51872	7.52522
1.46311	7.60852	7.48709	7.50982
1.46925	7.61181	7.52825	7.5126
1.47541	7.6066	7.52049	7.50642
1.4816	7.60297	7.51102	7.51541
1.48781	7.60606	7.51095	7.51287
1.49405	7.59699	7.50673	7.51244
1.50031	7.58425	7.50879	7.51129
1.5066	7.59718	7.5112	7.51385
1.5129	7.61043	7.51616	7.52075
1.51924	7.60085	7.50933	7.51785
1.52559	7.59838	7.51481	7.51538
1.53198	7.59879	7.49949	7.523
1.53838	7.59901	7.51468	7.52341
1.5448	7.5917	7.52096	7.50401
1.55126	7.59838	7.51338	7.50632
1.55774	7.59923	7.51942	7.50887
1.56424	7.59126	7.50917	7.51685
1.57076	7.61452	7.52667	7.52388
1.57731	7.61191	7.51127	7.52049
1.5839	7.61455	7.51515	7.50459
1.5905	7.6082	7.51186	7.53
1.59713	7.60463	7.512	7.53081
1.60378	7.60996	7.50379	7.51089
1.61045	7.61087	7.51654	7.50713
1.61716	7.59219	7.51785	7.50532
1.62389	7.61706	7.50814	7.51081
1.63064	7.59584	7.52011	7.50941
1.63742	7.61188	7.5126	7.51181
1.64423	7.59629	7.51265	7.51351
1.65106	7.60695	7.49738	7.51426
1.65791	7.60269	7.51015	7.5233
1.6648	7.61569	7.51208	7.53795
1.67171	7.59165	7.52152	7.50632
1.67865	7.6065	7.51771	7.53498
1.68561	7.61157	7.53537	7.51685
1.6926	7.59273	7.50596	7.52285
1.69961	7.60676	7.50413	7.5185
1.70666	7.60472	7.50292	7.51738
1.71372	7.59986	7.50959	7.5193
1.72082	7.60072	7.50688	7.52994
1.72795	7.60131	7.5113	7.51462
1.7351	7.62595	7.50848	7.52182
1.74227	7.61067	7.50948	7.51803
1.74949	7.61123	7.51127	7.49831
1.75671	7.59705	7.52293	7.51489
1.76398	7.59621	7.5144	7.50848
1.77126	7.60014	7.50301	7.5121
1.77857	7.61481	7.50846	7.50467
1.78593	7.59151	7.49918	7.5106
1.79329	7.60712	7.49577	7.52222
1.80069	7.61389	7.50873	7.51541
1.80813	7.60099	7.51461	7.51527
1.81558	7.59086	7.51634	7.52459
1.82306	7.60191	7.50965	7.52452
1.83057	7.60432	7.50654	7.5166
1.83811	7.59698	7.50443	7.5013
1.84569	7.59004	7.50946	7.5052
1.85329	7.59943	7.50735	7.51853
1.86091	7.60817	7.50992	7.5177
1.86856	7.60122	7.50451	7.51495
1.87625	7.60174	7.51568	7.51521
1.88398	7.61686	7.51504	7.52153
1.89171	7.61018	7.50505	7.51823
1.89949	7.6074	7.51874	7.514
1.90729	7.61069	7.50459	7.5127
1.91513	7.61157	7.51523	7.51718
1.92299	7.61127	7.51165	7.51292
1.93089	7.6024	7.51271	7.51994
1.9388	7.59527	7.5072	7.52222
1.94676	7.60927	7.51341	7.50739
1.95474	7.60155	7.50993	7.52043
1.96276	7.59801	7.50913	7.52788
1.9708	7.60683	7.49212	7.50939
1.97888	7.61124	7.51037	7.52068
1.98699	7.60104	7.50134	7.52002
1.99513	7.5949	7.50722	7.52301
2.00329	7.61069	7.51014	7.51493
2.01149	7.59862	7.50426	7.50525
2.01971	7.61151	7.50901	7.5278
2.02798	7.60087	7.50927	7.52319
2.03627	7.59934	7.51118	7.52786
2.0446	7.60739	7.50348	7.52934
2.05295	7.60619	7.50519	7.5113
2.06134	7.6084	7.5105	7.50713
2.06976	7.60973	7.5047	7.52933
2.07821	7.60417	7.52077	7.52519
2.0867	7.61483	7.51133	7.51816
2.09521	7.59726	7.50571	7.51947
2.10376	7.60265	7.50379	7.52833
2.11235	7.59429	7.51096	7.51715
2.12096	7.59783	7.5142	7.49973
2.12961	7.60405	7.51251	7.51676
2.13829	7.60333	7.52553	7.50384
2.147	7.60513	7.51121	7.50759
2.15575	7.63397	7.52461	7.51416
2.16453	7.60428	7.52041	7.52888
2.17334	7.61151	7.51397	7.50199
2.18219	7.60329	7.51038	7.52112
2.19106	7.60158	7.49979	7.53082
2.19998	7.6099	7.50999	7.5251
2.20893	7.60836	7.50743	7.51766
2.21791	7.61087	7.50313	7.51841
2.22692	7.60459	7.51765	7.53874
2.23598	7.60055	7.52047	7.51253
2.24506	7.60528	7.51495	7.51335
2.25419	7.61297	7.5061	7.51973
2.26334	7.60015	7.51311	7.52092
2.27253	7.61706	7.49901	7.50882
2.28175	7.60255	7.51654	7.51457
2.29101	7.61829	7.49931	7.52204
2.3003	7.60205	7.5069	7.50619
2.30964	7.60745	7.5098	7.52431
2.319	7.61533	7.50403	7.5186
2.3284	7.59476	7.52279	7.51667
2.33784	7.59476	7.51162	7.50445
2.34731	7.60696	7.51043	7.52049
2.35681	7.61795	7.50398	7.52527
2.36636	7.60665	7.50634	7.49809
2.37595	7.60885	7.50867	7.52315
2.38556	7.60762	7.50496	7.52315
2.39521	7.61041	7.50199	7.51615
2.40491	7.60853	7.51303	7.52146
2.41464	7.60377	7.51153	7.5198
2.4244	7.60672	7.51828	7.50478
2.4342	7.61767	7.51358	7.51541
2.44405	7.61622	7.50696	7.51955
2.45392	7.60863	7.51758	7.5119
2.46384	7.60194	7.50318	7.51399
2.47379	7.60696	7.51152	7.52302
2.48377	7.60748	7.51409	7.51352
2.49381	7.5983	7.51527	7.50738
2.50388	7.60082	7.50738	7.51793
2.51397	7.59713	7.51429	7.52203
2.52413	7.61188	7.52664	7.50868
2.53431	7.60405	7.51868	7.5138
2.54452	7.60944	7.51586	7.53321
2.55479	7.62297	7.51059	7.52494
2.56509	7.61571	7.50983	7.50653
2.57542	7.61589	7.50558	7.51225
2.5858	7.62829	7.51359	7.51682
2.59623	7.61517	7.51543	7.51447
2.60667	7.60149	7.51497	7.52548
2.61718	7.60103	7.51266	7.5228
2.62771	7.60148	7.50659	7.52109
2.63829	7.61617	7.50521	7.50085
2.6489	7.59638	7.51493	7.51872
2.65956	7.60499	7.50425	7.51342
2.67026	7.60663	7.51356	7.51684
2.681	7.60884	7.50763	7.51471
2.69178	7.61134	7.52099	7.53365
2.7026	7.60996	7.50968	7.51605
2.71346	7.61673	7.50835	7.52085
2.72436	7.60922	7.52049	7.51303
2.73531	7.60666	7.51053	7.52486
2.74629	7.60656	7.51786	7.51013
2.75732	7.60964	7.51105	7.52498
2.76839	7.60694	7.50827	7.51402
2.7795	7.59852	7.50969	7.51566
2.79066	7.59483	7.52341	7.51658
2.80185	7.61633	7.5115	7.52036
2.8131	7.60998	7.5269	7.50289
2.82437	7.59836	7.50677	7.50909
2.8357	7.61694	7.5138	7.51483
2.84707	7.61485	7.51774	7.51865
2.85849	7.61736	7.51666	7.521
2.86994	7.60291	7.51784	7.5263
2.88144	7.6138	7.51341	7.50721
2.89298	7.60719	7.50875	7.51907
2.90456	7.61291	7.50605	7.52431
2.9162	7.61638	7.51565	7.51479
2.92788	7.60631	7.50386	7.51946
2.93959	7.61439	7.52591	7.5192
2.95136	7.60328	7.51066	7.50506
2.96316	7.60708	7.51333	7.51053
2.97502	7.60679	7.52572	7.50816
2.98691	7.61219	7.51389	7.51108
2.99886	7.6091	7.51383	7.52114
3.01085	7.60832	7.51124	7.51299
3.02289	7.60691	7.51198	7.51816
3.03498	7.61643	7.5075	7.51221
3.0471	7.60818	7.51741	7.50697
3.05927	7.60438	7.52361	7.51328
3.07149	7.60976	7.50825	7.51697
3.08376	7.60751	7.50988	7.50908
3.09608	7.6101	7.51571	7.51694
3.10842	7.60866	7.52325	7.50862
3.12084	7.60987	7.51636	7.51872
3.13329	7.61169	7.50723	7.51001
3.14579	7.62301	7.51279	7.52365
3.15834	7.60061	7.5124	7.51357
3.17094	7.61333	7.51485	7.51659
3.18359	7.60247	7.52689	7.52119
3.19627	7.61606	7.521	7.51071
3.20902	7.6154	7.50884	7.5134
3.22181	7.61613	7.53015	7.52419
3.23465	7.61864	7.51638	7.5309
3.24754	7.62126	7.516	7.51638
3.26047	7.62128	7.51161	7.52441
3.27346	7.62046	7.51406	7.52206
3.2865	7.61129	7.51599	7.50711
3.29958	7.60303	7.52353	7.51883
3.31271	7.60935	7.51388	7.51669
3.3259	7.61497	7.50694	7.52084
3.33914	7.60906	7.52425	7.52423
3.35243	7.6134	7.51755	7.51968
3.36575	7.61813	7.50841	7.51755
3.37914	7.62087	7.518	7.50375
3.39258	7.62201	7.51329	7.51727
3.40608	7.62588	7.51246	7.51976
3.41961	7.59963	7.51884	7.50649
3.4332	7.62192	7.52022	7.52008
3.44685	7.62072	7.50606	7.51734
3.46054	7.6101	7.52644	7.519
3.47429	7.60886	7.52517	7.51565
3.48809	7.61584	7.52314	7.51068
3.50194	7.61842	7.52262	7.51508
3.51585	7.61706	7.52153	7.51641
3.5298	7.61815	7.52581	7.51036
3.54381	7.6223	7.51175	7.52397
3.55789	7.61197	7.51594	7.52175
3.572	7.61755	7.51078	7.52238
3.58617	7.61572	7.51602	7.51681
3.6004	7.61376	7.51488	7.52096
3.61468	7.62228	7.52153	7.52022
3.62901	7.61609	7.51126	7.52243
3.6434	7.61274	7.5274	7.51892
3.65785	7.60988	7.51242	7.52227
3.67235	7.61965	7.51408	7.52701
3.6869	7.61255	7.50965	7.52387
3.70151	7.6149	7.51816	7.51332
3.71618	7.622	7.51816	7.52299
3.7309	7.61402	7.52277	7.51472
3.74568	7.62553	7.52619	7.51579
3.76051	7.61041	7.51105	7.52471
3.7754	7.61514	7.52009	7.5159
3.79035	7.61883	7.51607	7.51344
3.80535	7.61819	7.51877	7.5256
3.82041	7.61918	7.51354	7.52843
3.83553	7.62211	7.51953	7.52329
3.8507	7.62054	7.52643	7.52867
3.86594	7.62194	7.53074	7.51728
3.88123	7.61839	7.51046	7.51891
3.89657	7.62349	7.52286	7.52171
3.91199	7.62557	7.52598	7.53376
3.92745	7.61033	7.51601	7.53181
3.94298	7.61511	7.52708	7.52058
3.95856	7.61555	7.51168	7.52083
3.9742	7.61476	7.51596	7.51803
3.98991	7.62653	7.52098	7.52346
4.00567	7.62157	7.51852	7.52406
4.0215	7.62203	7.52698	7.51764
4.03737	7.6271	7.51363	7.5296
4.05333	7.62415	7.51909	7.52429
4.06932	7.62358	7.52146	7.51958
4.0854	7.62507	7.51812	7.52799
4.10152	7.61872	7.51576	7.52074
4.11771	7.62455	7.51417	7.5252
4.13396	7.61663	7.50848	7.52295
4.15028	7.62356	7.51777	7.52702
4.16665	7.62368	7.5272	7.52017
4.18309	7.61947	7.51352	7.53123
4.19959	7.61886	7.52539	7.5177
4.21615	7.61777	7.51692	7.51558
4.23278	7.61278	7.50817	7.51707
4.24946	7.6102	7.51136	7.52986
4.26621	7.61946	7.51958	7.52746
4.28302	7.62262	7.52487	7.52896
4.2999	7.61499	7.52548	7.52484
4.31685	7.62198	7.51784	7.52533
4.33385	7.61891	7.52644	7.51973
4.35092	7.62077	7.53234	7.53419
4.36806	7.61547	7.5189	7.52844
4.38527	7.61494	7.51955	7.52961
4.40254	7.62221	7.52783	7.53981
4.41988	7.62634	7.52646	7.5248
4.43727	7.62653	7.51647	7.52324
4.45474	7.62267	7.51804	7.52543
4.47227	7.61763	7.50775	7.52744
4.48987	7.60908	7.5214	7.52494
4.50754	7.6227	7.51782	7.5244
4.52528	7.6268	7.52347	7.53245
4.54308	7.61749	7.52209	7.53246
4.56095	7.61391	7.52053	7.52854
4.57889	7.62307	7.52234	7.52924
4.59689	7.61684	7.5067	7.52897
4.61496	7.62342	7.51613	7.53521
4.63311	7.62414	7.51367	7.52521
4.65133	7.6253	7.52509	7.5238
4.6696	7.62222	7.52025	7.52665
4.68796	7.60921	7.52067	7.53324
4.70638	7.62696	7.51345	7.53684
4.72487	7.61923	7.52433	7.53127
4.74344	7.61892	7.52464	7.52536
4.76206	7.61856	7.5149	7.52559
4.78076	7.62299	7.51705	7.5303
4.79954	7.62428	7.52164	7.5273
4.81839	7.61415	7.51471	7.52187
4.83731	7.61718	7.51777	7.52701
4.8563	7.61692	7.52656	7.52608
4.87536	7.61977	7.52001	7.53087
4.8945	7.61659	7.51136	7.52506
4.9137	7.62396	7.51589	7.51905
4.93299	7.6203	7.51611	7.52185
4.95234	7.62233	7.51813	7.52379
4.97176	7.62267	7.53018	7.53085
4.99126	7.61842	7.51705	7.53819
5.01085	7.62273	7.52252	7.52289
5.0305	7.62721	7.52361	7.52999
5.05022	7.62709	7.51503	7.52894
5.07002	7.62107	7.51731	7.53144
5.0899	7.62577	7.52264	7.5282
5.10985	7.62497	7.52508	7.52781
5.12988	7.63176	7.51622	7.53406
5.14997	7.63103	7.52751	7.52762
5.17016	7.62676	7.52007	7.53894
5.19042	7.62148	7.52343	7.53643
5.21075	7.61968	7.52114	7.52511
5.23116	7.61801	7.52496	7.5317
5.25165	7.62859	7.5237	7.53501
5.27222	7.62146	7.52298	7.52714
5.29287	7.62496	7.51672	7.52507
5.3136	7.6277	7.51539	7.5317
5.3344	7.61995	7.51961	7.53489
5.35528	7.62284	7.51682	7.52557
5.37624	7.62942	7.52124	7.52356
5.39729	7.63295	7.52282	7.52052
5.41841	7.62157	7.52571	7.5364
5.43961	7.61492	7.51505	7.53241
5.4609	7.6307	7.5223	7.52448
5.48226	7.62813	7.52074	7.53043
5.5037	7.62568	7.51698	7.5216
5.52524	7.62795	7.51616	7.52513
5.54684	7.63156	7.52457	7.53352
5.56854	7.63015	7.52048	7.5289
5.59031	7.63431	7.51987	7.53943
5.61216	7.63186	7.52449	7.52761
5.6341	7.6205	7.51657	7.52305
5.65613	7.62519	7.51766	7.5191
5.67824	7.63519	7.51571	7.53228
5.70043	7.6267	7.52122	7.52872
5.7227	7.63159	7.52721	7.52715
5.74506	7.62861	7.52172	7.52376
5.76751	7.63159	7.52109	7.53106
5.79005	7.62707	7.52455	7.52076
5.81266	7.63111	7.51599	7.52256
5.83536	7.63381	7.51976	7.53347
5.85816	7.63585	7.51912	7.52611
5.88104	7.63035	7.52528	7.52561
5.904	7.62666	7.52263	7.52879
5.92705	7.62171	7.52489	7.52713
5.95019	7.63512	7.5161	7.52572
5.97341	7.62982	7.52448	7.52783
5.99674	7.63307	7.5311	7.52241
6.02014	7.63238	7.52444	7.53015
6.04364	7.62694	7.52655	7.52449
6.06721	7.62418	7.52544	7.52714
6.09089	7.63592	7.52581	7.53277
6.11465	7.63083	7.52502	7.52806
6.13851	7.62558	7.52844	7.52355
6.16245	7.63251	7.53274	7.52598
6.18649	7.62897	7.51894	7.5261
6.21061	7.62598	7.52493	7.52077
6.23484	7.62402	7.52593	7.52071
6.25915	7.62944	7.51527	7.52766
6.28355	7.63444	7.52864	7.53174
6.30805	7.63394	7.51702	7.53185
6.33264	7.63787	7.52303	7.52486
6.35733	7.63253	7.52986	7.52445
6.3821	7.62585	7.52289	7.51311
6.40697	7.63107	7.51816	7.52503
6.43194	7.62958	7.52654	7.5316
6.457	7.62815	7.52503	7.5217
6.48215	7.63138	7.5298	7.53245
6.50741	7.64182	7.52202	7.52672
6.53276	7.62834	7.52661	7.52617
6.5582	7.63936	7.53239	7.5279
6.58375	7.63425	7.52567	7.52895
6.60939	7.63496	7.52363	7.52801
6.63513	7.63968	7.52742	7.52953
6.66096	7.63872	7.53198	7.53268
6.6869	7.63679	7.52366	7.52981
6.71292	7.644	7.52818	7.53264
6.73906	7.64107	7.53469	7.53104
6.76529	7.63406	7.52989	7.53123
6.79163	7.63825	7.52965	7.53437
6.81805	7.64219	7.52285	7.52682
6.84459	7.6302	7.53638	7.52439
6.87121	7.63575	7.53244	7.52544
6.89795	7.64758	7.53552	7.52916
6.92479	7.64263	7.53234	7.53889
6.95173	7.64143	7.53241	7.52979
6.97876	7.6407	7.53493	7.5216
7.00591	7.64173	7.52531	7.53235
7.03316	7.63085	7.53353	7.52815
7.06051	7.63974	7.5338	7.52934
7.08796	7.63654	7.53116	7.53015
7.11552	7.64505	7.52398	7.52646
7.14319	7.63445	7.52851	7.53373
7.17096	7.63454	7.52907	7.53376
7.19884	7.64313	7.52569	7.53115
7.22683	7.63935	7.5336	7.5303
7.25491	7.63637	7.5319	7.52861
7.2831	7.63849	7.5231	7.5349
7.3114	7.63951	7.53353	7.52874
7.33981	7.6281	7.53187	7.52603
7.36834	7.64212	7.52727	7.53355
7.39696	7.63767	7.53202	7.52873
7.4257	7.64769	7.52748	7.53489
7.45455	7.6434	7.53172	7.52798
7.4835	7.63668	7.52591	7.52672
7.51256	7.63049	7.52303	7.5374
7.54174	7.6318	7.52631	7.53274
7.57104	7.64133	7.52477	7.53177
7.60042	7.64096	7.53129	7.53499
7.62994	7.63754	7.52547	7.53425
7.65956	7.63874	7.5288	7.53357
7.6893	7.63968	7.52578	7.52317
7.71915	7.63836	7.52585	7.53426
7.74911	7.63819	7.52295	7.53339
7.77919	7.63533	7.53067	7.53373
7.80939	7.64296	7.52733	7.53336
7.83969	7.63594	7.53012	7.53799
7.87011	7.64041	7.52955	7.53572
7.90065	7.63088	7.53029	7.54017
7.9313	7.64095	7.53011	7.53194
7.96208	7.64278	7.53129	7.53113
7.99296	7.63597	7.53136	7.52798
8.02398	7.63719	7.52685	7.53835
8.0551	7.63715	7.53405	7.53163
8.08634	7.63212	7.53129	7.54193
8.1177	7.63869	7.52179	7.52905
8.14917	7.64176	7.52985	7.52938
8.18077	7.63905	7.52562	7.54101
8.2125	7.64161	7.52505	7.53743
8.24434	7.64232	7.53202	7.53188
8.2763	7.63936	7.53271	7.53488
8.30839	7.63663	7.52594	7.53972
8.3406	7.63734	7.52657	7.53945
8.37292	7.64046	7.52614	7.53117
8.40537	7.63897	7.52604	7.53569
8.43795	7.63843	7.52956	7.53269
8.47065	7.64358	7.52683	7.5311
8.50348	7.63897	7.52555	7.53803
8.53642	7.64265	7.52474	7.53055
8.5695	7.63447	7.53502	7.53666
8.6027	7.64126	7.52272	7.53676
8.63604	7.64386	7.52303	7.53472
8.66949	7.63441	7.52836	7.54046
8.70308	7.63718	7.53249	7.53474
8.73678	7.64227	7.52559	7.53782
8.77061	7.63983	7.53469	7.53481
8.80459	7.63839	7.53764	7.53313
8.83867	7.64416	7.52623	7.53705
8.8729	7.64512	7.52641	7.53532
8.90726	7.63867	7.53412	7.53094
8.94175	7.64973	7.52617	7.53449
8.97636	7.63674	7.53612	7.53538
9.01111	7.64861	7.53181	7.53227
9.046	7.64101	7.52601	7.53304
9.08101	7.64523	7.53146	7.52896
9.11616	7.65193	7.53187	7.53647
9.15145	7.64216	7.53382	7.53447
9.18686	7.64585	7.5321	7.53841
9.22241	7.64743	7.52959	7.53799
9.2581	7.64979	7.52781	7.53771
9.29393	7.64895	7.52731	7.53357
9.32989	7.63923	7.52846	7.52958
9.36599	7.6498	7.52661	7.53831
9.40221	7.64115	7.52989	7.54021
9.43859	7.6401	7.53015	7.53388
9.4751	7.64768	7.53028	7.53457
9.51175	7.64023	7.5291	7.53158
9.54854	7.63672	7.53027	7.53882
9.58546	7.63694	7.53187	7.53673
9.62254	7.64445	7.52556	7.53801
9.65975	7.64383	7.53211	7.53088
9.6971	7.64114	7.53454	7.53636
9.73459	7.64111	7.52592	7.53038
9.77223	7.64342	7.52996	7.53623
9.81001	7.64446	7.53289	7.52977
9.84794	7.64435	7.53009	7.53433
9.886	7.64749	7.52875	7.53599
9.92421	7.64404	7.53469	7.53206
9.96257	7.64083	7.53409	7.53198
10.0011	7.63811	7.53617	7.53791
10.0397	7.64045	7.53259	7.53385
10.0785	7.64352	7.53553	7.53562
10.1175	7.64484	7.532	7.53354
10.1566	7.64152	7.52866	7.53392
10.1958	7.64748	7.53332	7.53333
10.2352	7.6494	7.53085	7.53542
10.2748	7.64869	7.52418	7.52875
10.3145	7.6474	7.53017	7.53801
10.3543	7.65437	7.53819	7.53156
10.3943	7.64647	7.53522	7.535
10.4345	7.64684	7.53142	7.53307
10.4747	7.65203	7.53709	7.53684
10.5152	7.65104	7.53035	7.53235
10.5558	7.64638	7.53779	7.53314
10.5966	7.65062	7.52894	7.53867
10.6375	7.64386	7.53464	7.53824
10.6786	7.64697	7.54187	7.54215
10.7198	7.64511	7.53568	7.53205
10.7612	7.64713	7.5332	7.53796
10.8027	7.64923	7.53324	7.5448
10.8444	7.65122	7.53001	7.53537
10.8863	7.64929	7.53539	7.53472
10.9283	7.64569	7.53581	7.53361
10.9705	7.64756	7.5347	7.54496
11.0128	7.64899	7.5295	7.54047
11.0554	7.64689	7.53184	7.54292
11.098	7.64974	7.53819	7.53951
11.1409	7.64958	7.53247	7.53856
11.1839	7.65129	7.53029	7.5381
11.227	7.64831	7.53289	7.54045
11.2703	7.64747	7.53645	7.54032
11.3138	7.64706	7.53244	7.53233
11.3575	7.65341	7.53799	7.54284
11.4013	7.64719	7.53675	7.54135
11.4453	7.6502	7.54097	7.54187
11.4894	7.65074	7.53629	7.53738
11.5337	7.64742	7.532	7.53787
11.5782	7.64849	7.53915	7.54141
11.6229	7.6458	7.53033	7.53698
11.6677	7.65095	7.53532	7.54148
11.7127	7.64986	7.53697	7.54043
11.7579	7.64939	7.53627	7.54027
11.8032	7.6513	7.53741	7.54245
11.8487	7.65013	7.53685	7.5415
11.8944	7.65281	7.53832	7.53678
11.9403	7.65144	7.53328	7.53868
11.9863	7.65104	7.53837	7.53795
12.0325	7.65083	7.53221	7.54045
12.0789	7.64976	7.5314	7.54294
12.1255	7.64988	7.53041	7.5302
12.1722	7.64631	7.53247	7.53458
12.2191	7.65043	7.53492	7.53733
12.2662	7.64998	7.53965	7.54106
12.3135	7.65625	7.53319	7.53649
12.361	7.65364	7.53059	7.54217
12.4086	7.65632	7.53565	7.5408
12.4564	7.65223	7.53546	7.53732
12.5044	7.6524	7.52943	7.54071
12.5526	7.65477	7.52907	7.53948
12.601	7.65391	7.53157	7.54322
12.6495	7.65455	7.53532	7.54108
12.6983	7.64972	7.53309	7.54168
12.7472	7.64795	7.52945	7.53782
12.7963	7.65006	7.53275	7.53679
12.8456	7.64968	7.5357	7.54495
12.8951	7.64487	7.53067	7.54258
12.9447	7.64903	7.53455	7.53699
12.9946	7.64936	7.5342	7.54116
13.0447	7.65801	7.53708	7.53961
13.0949	7.65049	7.53594	7.54592
13.1453	7.65102	7.53757	7.54151
13.1959	7.6497	7.53686	7.54321
13.2468	7.64782	7.53577	7.53595
13.2978	7.65201	7.53288	7.54147
13.349	7.65328	7.53311	7.53757
13.4004	7.6511	7.53838	7.53884
13.452	7.65399	7.53543	7.54116
13.5038	7.65077	7.53528	7.54032
13.5558	7.65058	7.53834	7.54166
13.608	7.65326	7.53859	7.53567
13.6603	7.65616	7.5395	7.53487
13.7129	7.65572	7.53628	7.53559
13.7657	7.6597	7.5337	7.53684
13.8187	7.65595	7.53595	7.53733
13.8719	7.65714	7.53636	7.53997
13.9253	7.65598	7.53664	7.54459
13.9789	7.65976	7.54326	7.5437
14.0327	7.65465	7.53465	7.53796
14.0867	7.66059	7.53764	7.53908
14.1409	7.66112	7.53318	7.54301
14.1953	7.65625	7.53239	7.53349
14.2499	7.6547	7.53961	7.53903
14.3047	7.65319	7.53716	7.53474
14.3598	7.66149	7.54184	7.54238
14.415	7.65384	7.53366	7.54361
14.4705	7.65794	7.54028	7.54067
14.5262	7.65646	7.5404	7.53921
14.582	7.65433	7.54278	7.54172
14.6381	7.65539	7.53677	7.53818
14.6944	7.66019	7.54326	7.53992
14.751	7.65864	7.53996	7.54146
14.8077	7.661	7.53089	7.54429
14.8647	7.65683	7.53575	7.53945
14.9218	7.66054	7.53442	7.54464
14.9792	7.65837	7.53044	7.53773
15.0368	7.65383	7.53851	7.54161
15.0947	7.65469	7.53223	7.53892
15.1527	7.65415	7.5317	7.54369
15.211	7.65895	7.53778	7.54262
15.2695	7.65801	7.53956	7.53989
15.3282	7.65087	7.53659	7.54147
15.3871	7.65861	7.54346	7.53892
15.4463	7.6522	7.53388	7.53644
15.5056	7.65128	7.52887	7.53692
15.5653	7.65467	7.53158	7.54265
15.6251	7.65528	7.53349	7.5507
15.6852	7.65256	7.53551	7.5483
15.7455	7.6579	7.53772	7.53996
15.806	7.65489	7.53806	7.5423
15.8667	7.65587	7.53133	7.53874
15.9277	7.65949	7.53483	7.5441
15.9889	7.65088	7.5371	7.54079
16.0504	7.65189	7.5325	7.54888
16.1121	7.6553	7.53216	7.53864
16.174	7.65819	7.52925	7.54366
16.2362	7.65702	7.53327	7.53561
16.2986	7.65429	7.53529	7.53497
16.3612	7.65669	7.53285	7.54393
16.4241	7.65848	7.53188	7.54173
16.4872	7.66153	7.53701	7.54168
16.5505	7.65674	7.54157	7.53694
16.6141	7.65507	7.53656	7.54127
16.6779	7.65892	7.53516	7.54117
16.742	7.65798	7.53871	7.53792
16.8063	7.65921	7.53773	7.53891
16.8709	7.65839	7.53425	7.5392
16.9357	7.6548	7.53719	7.53643
17.0008	7.65784	7.5323	7.5399
17.0661	7.66084	7.53405	7.53684
17.1316	7.6568	7.54048	7.54359
17.1974	7.66064	7.5389	7.5396
17.2635	7.66255	7.54068	7.5398
17.3298	7.66446	7.54017	7.54036
17.3963	7.65557	7.54002	7.54315
17.4632	7.66432	7.53972	7.53405
17.5302	7.6623	7.54119	7.53838
17.5975	7.66233	7.5368	7.53864
17.6651	7.6626	7.54061	7.54041
17.733	7.6612	7.53718	7.54119
17.801	7.66064	7.53763	7.54211
17.8694	7.66081	7.53894	7.54347
17.938	7.66185	7.53855	7.54167
18.0069	7.66152	7.54106	7.5376
18.076	7.66264	7.53918	7.53885
18.1454	7.65797	7.53943	7.5423
18.2151	7.66108	7.54127	7.54111
18.285	7.6534	7.54533	7.54369
18.3552	7.66235	7.54123	7.54414
18.4257	7.6667	7.54271	7.54431
18.4964	7.65604	7.54051	7.54406
18.5674	7.65985	7.53694	7.54736
18.6387	7.65801	7.53903	7.541
18.7102	7.65793	7.54094	7.53745
18.782	7.65731	7.54226	7.54703
18.8541	7.66296	7.53904	7.54635
18.9265	7.66181	7.54396	7.5464
18.9991	7.66264	7.53629	7.54361
19.072	7.66498	7.53477	7.54525
19.1452	7.65949	7.5385	7.54411
19.2187	7.65912	7.53629	7.54648
19.2924	7.66013	7.53865	7.53986
19.3665	7.65542	7.5351	7.54451
19.4408	7.66163	7.53452	7.54044
19.5154	7.66162	7.53824	7.54666
19.5903	7.66369	7.5365	7.54184
19.6654	7.6632	7.53637	7.5444
19.7409	7.66265	7.53482	7.5449
19.8166	7.66549	7.53576	7.54448
19.8926	7.66335	7.53743	7.54621
19.9689	7.66456	7.53657	7.54608
20.0455	7.66343	7.54163	7.54273
20.1224	7.65579	7.53812	7.54548
20.1996	7.66038	7.53907	7.54436
20.2771	7.65829	7.54269	7.54218
20.3549	7.6604	7.54274	7.54174
20.433	7.6629	7.54287	7.54448
20.5114	7.65941	7.54004	7.54148
20.59	7.66072	7.54478	7.54106
20.669	7.66325	7.5444	7.54167
20.7483	7.66552	7.53581	7.54073
20.8278	7.66109	7.53752	7.53758
20.9077	7.66787	7.54127	7.54072
20.9879	7.66308	7.54332	7.53878
21.0684	7.66803	7.54151	7.5444
21.1492	7.65939	7.54029	7.54506
21.2303	7.66508	7.54164	7.54839
21.3117	7.66678	7.54251	7.54332
21.3934	7.66642	7.54493	7.5414
21.4754	7.66682	7.54159	7.54402
21.5578	7.66396	7.53669	7.54072
21.6404	7.66183	7.54216	7.54388
21.7234	7.66587	7.54238	7.54228
21.8067	7.66457	7.54157	7.54776
21.8903	7.6641	7.54503	7.54076
21.9742	7.6632	7.54037	7.53946
22.0585	7.66266	7.54245	7.53761
22.143	7.66947	7.53745	7.5415
22.2279	7.66359	7.54118	7.54114
22.3131	7.66129	7.54016	7.54507
22.3986	7.66239	7.53932	7.54
22.4845	7.66565	7.53801	7.54216
22.5707	7.66322	7.54443	7.54513
22.6572	7.66097	7.54287	7.5415
22.744	7.66995	7.54401	7.54581
22.8312	7.66482	7.53761	7.5405
22.9187	7.66344	7.5427	7.54235
23.0066	7.66641	7.54043	7.5413
23.0947	7.66615	7.53943	7.54201
23.1833	7.66186	7.53981	7.54054
23.2721	7.66483	7.54065	7.5448
23.3613	7.66235	7.53652	7.54316
23.4508	7.66319	7.53512	7.54228
23.5407	7.65995	7.53644	7.54398
23.6309	7.6592	7.53617	7.54047
23.7214	7.66018	7.53501	7.54143
23.8123	7.65686	7.53732	7.54199
23.9036	7.66128	7.54052	7.54538
23.9951	7.66308	7.53623	7.5419
24.0871	7.66493	7.54289	7.53792
24.1794	7.66903	7.54452	7.5379
24.272	7.66158	7.54253	7.54571
24.365	7.66572	7.54241	7.54086
24.4583	7.66447	7.54002	7.54275
24.552	7.6653	7.54433	7.54472
24.6461	7.66648	7.53688	7.54009
24.7405	7.66896	7.53862	7.54256
24.8353	7.66887	7.54069	7.54589
24.9304	7.66847	7.53981	7.54841
25.0259	7.66516	7.54015	7.54582
25.1218	7.66801	7.53652	7.54255
25.218	7.6633	7.54243	7.54552
25.3146	7.66448	7.54206	7.54105
25.4116	7.66942	7.53818	7.54088
25.5089	7.66428	7.54197	7.54432
25.6066	7.66944	7.53999	7.54061
25.7047	7.66937	7.54408	7.54388
25.8031	7.66483	7.54607	7.54557
25.9019	7.66902	7.54324	7.5425
26.0011	7.6675	7.54136	7.54546
26.1007	7.66884	7.53854	7.54575
26.2007	7.67107	7.53794	7.54329
26.301	7.66642	7.53695	7.54288
26.4017	7.67038	7.53536	7.54023
26.5028	7.66774	7.53433	7.54049
26.6043	7.6703	7.5364	7.5423
26.7062	7.66833	7.53652	7.54289
26.8084	7.66043	7.53453	7.5415
26.9111	7.66617	7.53798	7.53741
27.0141	7.65954	7.53783	7.54056
27.1176	7.66185	7.53834	7.54017
27.2214	7.66523	7.53757	7.54184
27.3256	7.66693	7.54174	7.54328
27.4302	7.66574	7.5414	7.54097
27.5352	7.66501	7.54583	7.54024
27.6407	7.66401	7.54122	7.54408
27.7465	7.66824	7.53986	7.54402
27.8527	7.67134	7.53513	7.54567
27.9593	7.6678	7.5404	7.5411
28.0664	7.66686	7.54424	7.54163
28.1738	7.66663	7.54297	7.5403
28.2816	7.66619	7.54035	7.53941
28.3899	7.65946	7.53798	7.53838
28.4986	7.66502	7.54141	7.53758
28.6077	7.66509	7.54399	7.54284
28.7172	7.66712	7.53785	7.5458
28.8271	7.66597	7.53748	7.54715
28.9374	7.66853	7.53732	7.54313
29.0482	7.66743	7.53812	7.54676
29.1593	7.66561	7.53656	7.54217
29.2709	7.66366	7.53895	7.54061
29.383	7.66667	7.53724	7.54555
29.4954	7.66462	7.53941	7.54595
29.6083	7.66625	7.53496	7.54447
29.7216	7.66598	7.53596	7.54658
29.8354	7.66742	7.53746	7.54593
29.9495	7.66785	7.53542	7.54064
30.0641	7.66813	7.53782	7.54425
30.1792	7.66337	7.53961	7.54685
30.2947	7.66793	7.53704	7.54847
30.4106	7.66587	7.53918	7.54421
30.527	7.6653	7.54035	7.54497
30.6438	7.66254	7.53847	7.54468
30.761	7.66725	7.5393	7.54361
30.8787	7.66307	7.54393	7.54409
30.9969	7.66745	7.54388	7.54388
31.1155	7.66801	7.54108	7.53684
31.2345	7.66892	7.53988	7.5387
31.354	7.6683	7.5435	7.54085
31.474	7.66783	7.54271	7.54119
31.5944	7.66783	7.54203	7.54015
31.7153	7.66816	7.54292	7.54066
31.8366	7.66717	7.54204	7.54215
31.9584	7.66681	7.54087	7.54178
32.0806	7.67096	7.54478	7.53976
32.2034	7.66884	7.54066	7.54065
32.3266	7.66593	7.54161	7.54393
32.4502	7.66971	7.54207	7.54428
32.5743	7.66349	7.53995	7.54405
32.699	7.66628	7.53852	7.54223
32.824	7.66352	7.53965	7.54469
32.9496	7.671	7.53924	7.54694
33.0756	7.66774	7.54201	7.54482
33.2021	7.66815	7.53605	7.54448
33.3291	7.66534	7.53578	7.5436
33.4566	7.66976	7.53747	7.54118
33.5846	7.66419	7.53841	7.54345
33.713	7.66457	7.53859	7.5408
33.842	7.66989	7.53936	7.54218
33.9714	7.66488	7.53393	7.54343
34.1013	7.66267	7.53761	7.54024
34.2317	7.66543	7.54341	7.54213
34.3626	7.66644	7.54217	7.53822
34.4941	7.66959	7.5409	7.53586
34.626	7.66823	7.53913	7.53885
34.7584	7.66715	7.53936	7.53894
34.8913	7.66244	7.54185	7.53962
35.0247	7.66672	7.5419	7.53885
35.1587	7.6669	7.54465	7.5397
35.2931	7.66821	7.54345	7.53475
35.4281	7.66972	7.53995	7.53771
35.5635	7.66838	7.53865	7.54193
35.6995	7.66778	7.54157	7.53949
35.836	7.66529	7.54031	7.54269
35.973	7.66642	7.5436	7.54784
36.1106	7.66782	7.54376	7.54416
36.2487	7.66989	7.5431	7.54451
36.3873	7.66743	7.54232	7.54242
36.5264	7.66587	7.54133	7.5399
36.666	7.67049	7.5372	7.54016
36.8062	7.66994	7.54338	7.54461
36.9469	7.66821	7.53957	7.5426
37.0882	7.66484	7.54127	7.54347
37.23	7.664	7.53998	7.54235
37.3723	7.66741	7.53725	7.54152
37.5152	7.66412	7.53729	7.54068
37.6586	7.66432	7.53968	7.54335
37.8026	7.66656	7.53795	7.5447
37.9471	7.66743	7.54079	7.54432
38.0921	7.66633	7.54417	7.54256
38.2378	7.66758	7.53997	7.5425
38.3839	7.66883	7.54315	7.53986
38.5306	7.66677	7.54023	7.53751
38.6779	7.66728	7.54233	7.53938
38.8258	7.66698	7.53966	7.53816
38.9742	7.6694	7.53946	7.53792
39.1231	7.66514	7.538	7.53748
39.2727	7.6685	7.53618	7.53818
39.4228	7.66625	7.54136	7.53992
39.5735	7.66918	7.5363	7.54432
39.7247	7.66803	7.54255	7.54418
39.8766	7.66588	7.53962	7.54187
40.029	7.66361	7.54518	7.54012
40.182	7.66563	7.54288	7.54427
40.3355	7.66567	7.53789	7.54397
40.4897	7.66504	7.53945	7.53846
40.6444	7.6685	7.53915	7.54348
40.7998	7.66482	7.53833	7.54544
40.9557	7.66586	7.54114	7.54541
41.1122	7.66532	7.54303	7.54457
41.2693	7.66472	7.54091	7.54185
41.427	7.6671	7.54166	7.54343
41.5853	7.66558	7.54168	7.54258
41.7443	7.66084	7.53989	7.54294
41.9038	7.66257	7.54071	7.53398
42.0639	7.66732	7.5388	7.53907
42.2246	7.66557	7.53753	7.53802
42.386	7.66726	7.54093	7.53983
42.548	7.67207	7.53837	7.54044
42.7105	7.66918	7.54004	7.54153
42.8737	7.66829	7.53949	7.53709
43.0376	7.66828	7.53946	7.54542
43.202	7.6661	7.53751	7.54377
43.3671	7.66943	7.53751	7.54117
43.5328	7.66664	7.54081	7.54614
43.6991	7.66808	7.54108	7.54255
43.8661	7.66628	7.54102	7.54453
44.0337	7.67162	7.54132	7.54142
44.2019	7.67115	7.5429	7.54442
44.3708	7.66577	7.54178	7.54309
44.5403	7.66814	7.54454	7.54133
44.7105	7.66535	7.54163	7.54057
44.8813	7.66634	7.54032	7.5429
45.0527	7.66486	7.5409	7.54132
45.2249	7.66223	7.53747	7.54036
45.3976	7.66252	7.54016	7.54313
45.5711	7.66401	7.53815	7.54245
45.7452	7.66299	7.54179	7.54363
45.9199	7.66661	7.53868	7.53991
46.0953	7.6668	7.53752	7.53696
46.2714	7.66658	7.54065	7.53915
46.4482	7.66882	7.54003	7.53603
46.6256	7.66816	7.54199	7.54144
46.8037	7.66849	7.538	7.54089
46.9825	7.66544	7.5402	7.54295
47.162	7.66597	7.54351	7.54222
47.3421	7.66748	7.54215	7.54418
47.5229	7.66425	7.54209	7.54437
47.7045	7.66809	7.54	7.54532
47.8867	7.66534	7.53581	7.54569
48.0696	7.66557	7.54149	7.54543
48.2532	7.66619	7.53918	7.54534
48.4375	7.66674	7.53969	7.54626
48.6225	7.66716	7.53623	7.54666
48.8082	7.66269	7.53926	7.54525
48.9946	7.66507	7.53955	7.54321
49.1818	7.66673	7.53766	7.53946
49.3696	7.66753	7.53841	7.53695
49.5582	7.66663	7.53782	7.54037
49.7474	7.66591	7.53723	7.54004
49.9374	7.66762	7.54084	7.53747
50.1281	7.66743	7.54077	7.54156
50.3196	7.66649	7.5425	7.54083
50.5117	7.6666	7.54339	7.53994
50.7047	7.66317	7.541	7.54476
50.8983	7.66728	7.54054	7.54059
51.0927	7.67141	7.53709	7.54458
51.2878	7.66824	7.53873	7.54446
51.4837	7.6674	7.53864	7.54524
51.6802	7.6704	7.53851	7.54337
51.8776	7.66698	7.53942	7.54381
52.0757	7.6681	7.53608	7.54388
52.2746	7.667	7.53988	7.54041
52.4742	7.66567	7.53769	7.54171
52.6746	7.66813	7.53778	7.54252
52.8757	7.66669	7.53463	7.54487
53.0776	7.66284	7.54078	7.54294
53.2803	7.66477	7.53914	7.54178
53.4837	7.66581	7.53909	7.54199
53.688	7.66655	7.53766	7.54263
53.8929	7.66943	7.53743	7.54591
54.0987	7.66859	7.53637	7.54187
54.3053	7.66885	7.53654	7.5416
54.5126	7.66821	7.53467	7.54115
54.7208	7.66558	7.53773	7.54509
54.9297	7.66871	7.53954	7.5407
55.1394	7.6672	7.53942	7.54192
55.3499	7.66801	7.53828	7.54124
55.5613	7.66733	7.53811	7.54306
55.7734	7.6649	7.5381	7.54191
55.9864	7.66298	7.53465	7.54075
56.2001	7.6637	7.53576	7.54073
56.4147	7.66367	7.53584	7.53948
56.63	7.66457	7.53874	7.54044
56.8462	7.66587	7.53683	7.53929
57.0633	7.66095	7.53433	7.53581
57.2811	7.66295	7.53607	7.53727
57.4998	7.66449	7.53701	7.5402
57.7193	7.66741	7.53649	7.54024
57.9397	7.66758	7.54123	7.54096
58.1608	7.66642	7.53993	7.54359
58.3829	7.66615	7.54049	7.54382
58.6057	7.66631	7.53846	7.53945
58.8295	7.66576	7.53896	7.54062
59.054	7.6661	7.5337	7.53973
59.2795	7.66785	7.53803	7.5398
59.5058	7.66386	7.5355	7.53877
59.7329	7.66455	7.5399	7.54047
59.9609	7.66386	7.53736	7.54168
60.1898	7.66435	7.53871	7.53852
60.4196	7.66361	7.54169	7.53275
60.6502	7.66473	7.53686	7.5383
60.8817	7.66379	7.53553	7.53981
61.1141	7.66539	7.53605	7.53899
61.3474	7.66578	7.53543	7.53973
61.5815	7.66881	7.53637	7.54206
61.8166	7.66595	7.53602	7.54411
62.0525	7.66926	7.53827	7.54118
62.2894	7.66741	7.53504	7.54166
62.5271	7.66687	7.53352	7.53832
62.7658	7.66686	7.53895	7.53931
63.0053	7.66475	7.54037	7.53764
63.2458	7.66296	7.53771	7.53674
63.4872	7.66186	7.53512	7.53462
63.7295	7.66464	7.53545	7.53854
63.9728	7.66252	7.53745	7.53766
64.2169	7.65864	7.53587	7.54004
64.462	7.66178	7.53574	7.53877
64.708	7.66209	7.53745	7.53954
64.955	7.66697	7.53859	7.53934
65.2029	7.66788	7.53759	7.53947
65.4517	7.66782	7.53626	7.54072
65.7015	7.66773	7.53825	7.54059
65.9523	7.66854	7.53979	7.53973
66.2039	7.66439	7.53366	7.53829
66.4566	7.66591	7.53833	7.53751
66.7102	7.66713	7.53586	7.53749
66.9648	7.66849	7.53612	7.53766
67.2204	7.6691	7.53486	7.53658
67.4769	7.66621	7.5373	7.5368
67.7344	7.66716	7.53496	7.53798
67.9929	7.66498	7.53514	7.54027
68.2523	7.66615	7.53623	7.53929
68.5128	7.66526	7.5344	7.53895
68.7742	7.66469	7.53588	7.53905
69.0367	7.66385	7.53687	7.54277
69.3001	7.66286	7.53643	7.54091
69.5646	7.66577	7.5373	7.54089
69.83	7.66483	7.53404	7.54141
70.0965	7.66775	7.53617	7.53879
70.364	7.66972	7.53611	7.53777
70.6324	7.66391	7.53763	7.54129
70.902	7.66459	7.53581	7.53858
71.1725	7.66611	7.53347	7.53812
71.4441	7.66753	7.53375	7.53689
71.7167	7.66529	7.5356	7.53805
71.9903	7.66778	7.53594	7.53935
72.265	7.66342	7.53632	7.53547
72.5407	7.66504	7.53477	7.53956
72.8175	7.6625	7.53534	7.53977
73.0954	7.66291	7.53441	7.53607
73.3743	7.66356	7.53429	7.53724
73.6542	7.66384	7.53784	7.53552
73.9352	7.66689	7.53521	7.53464
74.2173	7.66269	7.53584	7.53537
74.5005	7.66359	7.53653	7.53655
74.7848	7.66291	7.53758	7.53913
75.0701	7.66547	7.53596	7.53824
75.3565	7.66584	7.5342	7.54009
75.644	7.6641	7.53681	7.54161
75.9326	7.66344	7.53398	7.54031
76.2223	7.66439	7.53541	7.53838
76.5131	7.65837	7.53525	7.5363
76.805	7.66494	7.5355	7.53349
77.098	7.66542	7.53527	7.53439
77.3922	7.66634	7.53416	7.53335
77.6874	7.66186	7.53483	7.53699
77.9838	7.66373	7.53475	7.5402
78.2813	7.66371	7.53415	7.53796
78.5799	7.66399	7.53714	7.53694
78.8797	7.66581	7.53776	7.53826
79.1806	7.66372	7.53701	7.53956
79.4827	7.66324	7.53796	7.53901
79.7859	7.66235	7.53696	7.53797
80.0903	7.66235	7.53832	7.53703
80.3958	7.66427	7.53536	7.53822
80.7025	7.66603	7.5352	7.53942
81.0104	7.66265	7.53253	7.53693
81.3194	7.66272	7.53479	7.53757
81.6296	7.66304	7.53223	7.53506
81.941	7.66088	7.53103	7.5352
82.2536	7.66275	7.53023	7.53889
82.5674	7.66425	7.53082	7.53743
82.8823	7.66463	7.53497	7.54168
83.1985	7.66182	7.53433	7.54043
83.5158	7.66064	7.53413	7.54159
83.8344	7.66327	7.53697	7.5392
84.1542	7.66341	7.53286	7.53762
84.4752	7.66465	7.53446	7.53679
84.7974	7.66329	7.53338	7.53778
85.1209	7.66398	7.53356	7.53388
85.4456	7.66249	7.53417	7.5328
85.7715	7.66407	7.53365	7.53419
86.0986	7.66385	7.53542	7.53913
86.4271	7.66217	7.53625	7.53739
86.7567	7.65912	7.53524	7.53825
87.0876	7.65921	7.53455	7.53991
87.4198	7.65956	7.53309	7.54057
87.7533	7.66336	7.5334	7.5395
88.088	7.6662	7.53617	7.53574
88.4239	7.66263	7.53366	7.53365
88.7612	7.66112	7.53447	7.53418
89.0997	7.66252	7.53355	7.5343
89.4396	7.66277	7.53192	7.53541
89.7807	7.65958	7.53203	7.53252
90.1231	7.662	7.52975	7.53481
90.4669	7.65936	7.53102	7.53596
90.8119	7.66198	7.53216	7.53578
91.1583	7.66492	7.53394	7.5364
91.5059	7.66712	7.53364	7.53917
91.8549	7.66339	7.5341	7.54033
92.2053	7.66199	7.53122	7.53782
92.5569	7.66314	7.53272	7.53518
92.9099	7.66206	7.53465	7.53489
93.2643	7.66046	7.53198	7.53627
93.6199	7.66038	7.53213	7.53274
93.977	7.6615	7.53139	7.53185
94.3354	7.65976	7.53265	7.53452
94.6952	7.65968	7.53177	7.53792
95.0563	7.66076	7.53214	7.53512
95.4188	7.66377	7.53204	7.53608
95.7827	7.66255	7.53071	7.53749
96.148	7.66027	7.53182	7.5352
96.5147	7.65971	7.52981	7.53315
96.8827	7.66041	7.53255	7.53199
97.2522	7.65931	7.53429	7.53299
97.6231	7.65903	7.52901	7.53294
97.9954	7.66236	7.53418	7.5352
98.3691	7.66006	7.53434	7.53408
98.7442	7.6628	7.53307	7.53383
99.1208	7.662	7.53445	7.53577
99.4988	7.66102	7.5335	7.53274
99.8782	7.65693	7.5311	7.53235
100.259	7.65966	7.53065	7.53688
100.641	7.66002	7.52861	7.53586
101.025	7.65736	7.52689	7.5354
101.41	7.65855	7.52987	7.53517
101.797	7.65957	7.53162	7.53588
102.185	7.65922	7.53187	7.53455
102.575	7.6584	7.53061	7.53241
102.966	7.65723	7.53069	7.53248
103.359	7.659	7.52937	7.53336
103.753	7.65991	7.5286	7.53274
104.148	7.65692	7.52703	7.53144
104.546	7.65368	7.52879	7.53212
104.944	7.65697	7.52785	7.53601
105.344	7.65932	7.53071	7.53416
105.746	7.65897	7.53013	7.53262
106.149	7.66017	7.53089	7.53229
106.554	7.65952	7.53046	7.53244
106.96	7.65928	7.52832	7.53251
107.368	7.6581	7.5318	7.53146
107.778	7.65532	7.53195	7.53185
108.189	7.65946	7.52811	7.53272
108.601	7.66141	7.52748	7.53303
109.015	7.65971	7.52979	7.53198
109.431	7.65774	7.5272	7.5337
109.848	7.65609	7.52776	7.5336
110.267	7.65846	7.53046	7.52941
110.687	7.65715	7.5279	7.52937
111.109	7.65564	7.52719	7.5307
111.533	7.65516	7.52843	7.53325
111.958	7.65967	7.52822	7.53356
112.385	7.66314	7.52772	7.53471
112.814	7.65834	7.52575	7.53282
113.244	7.65777	7.52532	7.53098
113.676	7.65447	7.52549	7.53199
114.109	7.6563	7.52837	7.53027
114.544	7.6572	7.53076	7.53042
114.981	7.65521	7.52644	7.53092
115.419	7.65504	7.52637	7.53087
115.859	7.65681	7.52932	7.52951
116.301	7.65969	7.52927	7.53268
116.744	7.65876	7.52841	7.52986
117.189	7.65561	7.52879	7.53136
117.636	7.65769	7.52826	7.53125
118.085	7.65818	7.52601	7.52983
118.535	7.65352	7.5256	7.529
118.987	7.65563	7.5237	7.53015
119.44	7.65573	7.52729	7.53193
119.896	7.65416	7.52927	7.53364
120.353	7.65519	7.52645	7.53313
120.812	7.65767	7.52761	7.53185
121.272	7.65476	7.5269	7.53249
121.735	7.65359	7.52498	7.53177
122.199	7.65659	7.52485	7.52859
122.665	7.6557	7.52524	7.5277
123.132	7.65489	7.52571	7.52776
123.602	7.65521	7.52517	7.53081
124.073	7.65552	7.52588	7.53278
124.546	7.65379	7.52699	7.53217
125.021	7.65493	7.52678	7.53054
125.497	7.65363	7.52376	7.52894
125.976	7.65508	7.52704	7.52859
126.456	7.65529	7.52559	7.52948
126.938	7.65456	7.52601	7.52896
127.422	7.65464	7.52571	7.52907
127.908	7.65317	7.52552	7.52828
128.395	7.65384	7.52643	7.53061
128.885	7.65364	7.5275	7.52952
129.376	7.6561	7.52668	7.53134
129.869	7.6541	7.52411	7.52776
130.364	7.6551	7.52553	7.52742
130.861	7.65289	7.5248	7.52816
131.36	7.65441	7.52552	7.52757
131.861	7.65354	7.52601	7.53057
132.364	7.6563	7.52464	7.52997
132.868	7.65638	7.52492	7.53012
133.375	7.65369	7.52542	7.53089
133.883	7.65516	7.52282	7.52592
134.393	7.65428	7.5245	7.52599
134.906	7.65524	7.52401	7.52917
135.42	7.65464	7.52394	7.52876
135.936	7.65471	7.52221	7.52976
136.454	7.65487	7.52139	7.52867
136.975	7.65663	7.52097	7.52535
137.497	7.65406	7.52188	7.52627
138.021	7.65158	7.52292	7.52828
138.547	7.65355	7.52219	7.52807
139.075	7.6532	7.52106	7.52749
139.605	7.6519	7.52202	7.5264
140.137	7.65548	7.52329	7.52643
140.671	7.65497	7.52496	7.52717
141.208	7.65267	7.52197	7.525
141.746	7.6512	7.52368	7.52652
142.286	7.65247	7.51981	7.52498
142.829	7.65317	7.52171	7.52641
143.373	7.64919	7.52153	7.52665
143.919	7.65536	7.52287	7.52659
144.468	7.65349	7.52222	7.52434
145.019	7.65277	7.52076	7.52493
145.571	7.65248	7.51879	7.52577
146.126	7.65188	7.5207	7.52823
146.683	7.65246	7.52123	7.52599
147.242	7.65308	7.52181	7.52634
147.804	7.65401	7.52035	7.52566
148.367	7.65031	7.51843	7.52487
148.932	7.65245	7.52106	7.5232
149.5	7.64949	7.52299	7.52623
150.07	7.65107	7.52068	7.52584
150.642	7.65073	7.52129	7.52553
151.216	7.65303	7.52182	7.52423
151.792	7.65303	7.51945	7.52261
152.371	7.65153	7.52056	7.52411
152.952	7.65039	7.51906	7.52188
153.535	7.65005	7.51766	7.52489
154.12	7.65113	7.51968	7.52402
154.707	7.64797	7.52119	7.52197
155.297	7.65081	7.52049	7.52296
155.889	7.65213	7.51873	7.52325
156.483	7.6528	7.51979	7.52403
157.079	7.64933	7.51696	7.52462
157.678	7.6493	7.51614	7.52152
158.279	7.64853	7.51723	7.52149
158.882	7.64771	7.51936	7.52102
159.488	7.65107	7.51858	7.5232
160.096	7.65114	7.51728	7.5223
160.706	7.64925	7.51719	7.52087
161.318	7.64933	7.51631	7.52438
161.933	7.64738	7.51783	7.52007
162.55	7.64993	7.52008	7.52363
163.17	7.64939	7.51844	7.52214
163.792	7.65079	7.51842	7.52126
164.416	7.64803	7.51677	7.52151
165.043	7.64906	7.51461	7.51973
165.672	7.64497	7.51794	7.52056
166.303	7.64723	7.5177	7.51988
166.937	7.64725	7.51919	7.5216
167.573	7.64755	7.51823	7.52109
168.212	7.64754	7.5176	7.52155
168.853	7.64732	7.51688	7.52174
169.496	7.64739	7.51719	7.52017
170.142	7.64802	7.51686	7.51876
170.791	7.64835	7.51649	7.51947
171.441	7.6467	7.51398	7.51964
172.095	7.64678	7.51685	7.51762
172.751	7.64585	7.51684	7.52052
173.409	7.64456	7.51627	7.52095
174.07	7.64829	7.51339	7.52003
174.733	7.64662	7.51543	7.52023
175.399	7.64595	7.51298	7.52155
176.068	7.64529	7.51512	7.51956
176.739	7.64429	7.51439	7.5198
177.412	7.64577	7.51726	7.51725
178.088	7.64508	7.51486	7.51704
178.767	7.64576	7.51384	7.51817
179.448	7.64372	7.51471	7.51647
180.132	7.64406	7.51485	7.51844
180.818	7.6459	7.51183	7.51772
181.507	7.64447	7.51355	7.51648
182.199	7.64393	7.51337	7.51719
182.893	7.64135	7.51361	7.5181
183.59	7.64452	7.51383	7.51559
184.29	7.6477	7.51295	7.51717
184.992	7.64597	7.51238	7.51853
185.697	7.64409	7.51352	7.5171
186.405	7.64455	7.5143	7.51674
187.115	7.64091	7.5125	7.51381
187.828	7.64615	7.51302	7.51578
188.544	7.64588	7.51097	7.51652
189.263	7.64301	7.5107	7.51564
189.984	7.64294	7.5108	7.51586
190.708	7.64198	7.5118	7.5152
191.435	7.64393	7.51011	7.51292
192.164	7.64192	7.51123	7.51266
192.896	7.64221	7.51054	7.5143
193.631	7.64215	7.51503	7.51498
194.369	7.6428	7.50902	7.51574
195.11	7.64389	7.51127	7.51399
195.853	7.64269	7.50855	7.51273
196.6	7.64404	7.51222	7.51409
197.349	7.63974	7.51049	7.51332
198.101	7.63944	7.51227	7.51301
198.856	7.64011	7.50938	7.51239
199.613	7.6409	7.51041	7.51147
200.374	7.6423	7.51095	7.51308
201.138	7.63839	7.51226	7.5133
201.904	7.63893	7.50917	7.5138
202.673	7.64126	7.50844	7.50918
203.446	7.63964	7.50811	7.51248
204.221	7.63899	7.50865	7.51283
204.999	7.63676	7.50666	7.50888
205.78	7.63796	7.50747	7.50852
206.564	7.64001	7.50857	7.5097
207.352	7.6383	7.50644	7.51312
208.142	7.63674	7.50814	7.51193
208.935	7.63625	7.50678	7.50875
209.731	7.63898	7.50875	7.50705
210.53	7.63863	7.5078	7.5076
211.332	7.63576	7.50689	7.51443
212.137	7.63413	7.50595	7.51094
212.946	7.63636	7.50684	7.50885
213.757	7.63899	7.50847	7.50762
214.572	7.6355	7.51008	7.51016
215.389	7.63715	7.51007	7.50918
216.21	7.63691	7.50779	7.50738
217.034	7.63705	7.50999	7.50447
217.861	7.63672	7.50812	7.5076
218.691	7.63807	7.50567	7.50742
219.524	7.63365	7.50584	7.50595
220.361	7.63514	7.50338	7.50393
221.2	7.63635	7.50405	7.50709
222.043	7.63439	7.50601	7.50759
222.889	7.63406	7.50803	7.50387
223.738	7.63576	7.50433	7.50472
224.591	7.63611	7.50583	7.50466
225.447	7.63369	7.50471	7.5051
226.306	7.63344	7.50387	7.50654
227.168	7.63512	7.50471	7.50705
228.033	7.63498	7.50424	7.50569
228.902	7.6335	7.50427	7.5054
229.774	7.63027	7.50364	7.50658
230.65	7.63696	7.50296	7.50731
231.529	7.63623	7.50227	7.5042
232.411	7.6327	7.50258	7.50608
233.296	7.6329	7.50314	7.50503
234.185	7.63501	7.50229	7.50515
235.078	7.63376	7.50176	7.50182
235.973	7.6324	7.50121	7.50345
236.872	7.62931	7.50243	7.50475
237.775	7.6322	7.49999	7.50316
238.681	7.63308	7.50235	7.50122
239.59	7.62829	7.5005	7.50391
240.503	7.62901	7.50162	7.50373
241.419	7.6338	7.50227	7.5028
242.339	7.62792	7.50143	7.50057
243.263	7.62612	7.50036	7.50277
244.189	7.63095	7.50073	7.50198
245.12	7.63258	7.50211	7.49967
246.054	7.63198	7.49928	7.49958
246.991	7.62758	7.50379	7.49885
247.932	7.62894	7.50018	7.50099
248.877	7.63043	7.50029	7.50167
249.825	7.62803	7.49933	7.50059
250.777	7.62789	7.50028	7.49679
251.732	7.63121	7.49926	7.50027
252.691	7.62783	7.50132	7.50261
253.654	7.62797	7.49877	7.4994
254.62	7.62893	7.49829	7.49726
255.591	7.62696	7.49875	7.49874
256.564	7.62482	7.49719	7.50272
257.542	7.62283	7.4962	7.50008
258.523	7.6275	7.49707	7.49789
259.508	7.62907	7.4958	7.49842
260.497	7.62317	7.49511	7.50114
261.489	7.62277	7.49638	7.49991
262.485	7.62838	7.49694	7.49775
263.485	7.62603	7.49654	7.49757
264.489	7.62212	7.49505	7.49601
265.497	7.6244	7.49783	7.50049
266.508	7.6265	7.49498	7.4965
267.524	7.62473	7.49539	7.49662
268.543	7.62168	7.49469	7.49786
269.566	7.62286	7.49318	7.49814
270.593	7.62469	7.4915	7.49701
271.624	7.62407	7.49215	7.49719
272.659	7.62161	7.49561	7.49721
273.698	7.62418	7.49233	7.49415
274.74	7.6234	7.49362	7.49569
275.787	7.62433	7.49309	7.49432
276.838	7.62224	7.49301	7.49389
277.892	7.62006	7.49534	7.4952
278.951	7.62113	7.49213	7.49393
280.014	7.62209	7.49273	7.49515
281.081	7.62047	7.49387	7.49475
282.151	7.61884	7.49301	7.49333
283.226	7.61913	7.49339	7.49402
284.305	7.62079	7.49156	7.49499
285.388	7.61857	7.49128	7.49219
286.476	7.61883	7.49054	7.49147
287.567	7.6182	7.48874	7.49217
288.663	7.62082	7.48971	7.49103
289.762	7.61728	7.49062	7.49022
290.866	7.61985	7.48979	7.49104
291.974	7.61963	7.49007	7.49012
293.087	7.6179	7.48994	7.49083
294.203	7.61749	7.48894	7.49109
295.324	7.61682	7.48934	7.49054
296.449	7.61787	7.48905	7.48834
297.578	7.61757	7.48658	7.49031
298.712	7.61453	7.48749	7.49188
300	7.61768	7.48937	7.48891