0.000575	8.29727	8.21835	8.35723
0.00115	8.17528	8.23521	8.38301
0.001725	8.42825	8.43312	8.35511
0.0023	8.44124	8.39254	8.38012
0.002875	8.46691	8.3153	8.42853
0.0034625	8.37732	8.25458	8.39139
0.00405	8.35461	8.26801	8.27733
0.004625	8.35506	8.27211	8.3072
0.005225	8.30596	8.2704	8.28345
0.0058125	8.29977	8.22249	8.30893
0.0064	8.28872	8.26514	8.33847
0.007	8.30674	8.2023	8.30246
0.0076	8.31392	8.16617	8.24863
0.0082	8.30678	8.16838	8.30626
0.0088	8.26982	8.18524	8.27451
0.0094	8.25152	8.17357	8.27376
0.0100125	8.25659	8.15056	8.21982
0.010625	8.26933	8.15678	8.25257
0.0112375	8.24624	8.19931	8.21901
0.01185	8.24707	8.17752	8.24509
0.0124625	8.24188	8.14593	8.16449
0.013075	8.1829	8.18988	8.22238
0.0137	8.19054	8.13417	8.24475
0.014325	8.29092	8.20082	8.18771
0.01495	8.19286	8.10051	8.24092
0.015575	8.1566	8.10967	8.1819
0.0162125	8.19626	8.11007	8.19832
0.0168375	8.18417	8.10995	8.18758
0.017475	8.19938	8.10872	8.17262
0.0181125	8.21749	8.10629	8.16348
0.01875	8.14158	8.09545	8.13133
0.0194	8.16714	8.14107	8.14517
0.0200375	8.13062	8.06365	8.10594
0.0206875	8.16148	8.07495	8.09543
0.0213375	8.11766	8.06836	8.07415
0.0219875	8.14723	8.03303	8.09499
0.02265	8.11995	8.02354	8.07882
0.0233	8.11447	8.01671	8.10652
0.0239625	8.1199	8.02725	8.0866
0.024625	8.09516	8.01855	8.09791
0.0252875	8.08558	7.96222	8.08875
0.0259625	8.10763	7.97627	8.06678
0.026625	8.10788	8.01957	8.07147
0.0273	8.10181	8.00176	8.10224
0.027975	8.13503	7.92934	8.02692
0.02865	8.09463	7.97215	8.05484
0.0293375	8.07865	7.9893	8.02544
0.0300125	8.05487	8.00479	8.01214
0.0307	8.07325	7.97207	8.03783
0.0313875	8.06062	7.98981	8.05304
0.0320875	8.06221	7.95432	7.99888
0.032775	8.02093	7.97211	7.99084
0.033475	8.0196	7.94441	7.95674
0.034175	8.01745	7.95706	8.02575
0.034875	7.97776	7.95006	8.01565
0.035575	8.00501	7.90245	7.96472
0.0362875	7.99283	7.93082	8.03865
0.0369875	8.02934	7.96184	7.9307
0.0377	8.01004	7.93304	7.93578
0.0384125	7.98304	7.92777	7.9569
0.0391375	7.97182	7.92375	7.95442
0.03985	7.95666	7.81015	7.90152
0.040575	7.92675	7.84355	7.91475
0.0413	7.9625	7.83893	7.93278
0.0420375	7.92519	7.85391	7.93047
0.0427625	7.92984	7.89747	7.90406
0.0435	7.88101	7.82804	7.91779
0.0442375	7.89989	7.80591	7.88982
0.044975	7.87695	7.78121	7.86929
0.0457125	7.87941	7.8052	7.93008
0.0464625	7.97779	7.81887	7.9433
0.0472125	7.89399	7.79827	7.90111
0.0479625	7.89686	7.77541	7.92521
0.0487125	7.82125	7.80978	7.87322
0.049475	7.83891	7.81466	7.8964
0.050225	7.90079	7.71704	7.82299
0.0509875	7.8413	7.79892	7.85937
0.0517625	7.8139	7.75998	7.83816
0.052525	7.78912	7.74497	7.79857
0.0533	7.78592	7.77227	7.80498
0.054075	7.78248	7.74917	7.82984
0.05485	7.8018	7.71353	7.81043
0.055625	7.7554	7.75112	7.85412
0.0564125	7.83578	7.71258	7.81764
0.0572	7.77823	7.69689	7.79223
0.0579875	7.75488	7.71538	7.79107
0.058775	7.76848	7.69828	7.77665
0.059575	7.76684	7.69146	7.74838
0.060375	7.67805	7.69657	7.72822
0.061175	7.7053	7.67494	7.77797
0.061975	7.73312	7.66037	7.76905
0.0627875	7.72224	7.68616	7.77684
0.0636	7.7521	7.69915	7.7585
0.0644125	7.71191	7.6319	7.74521
0.065225	7.69848	7.64188	7.75402
0.0660375	7.67532	7.66814	7.7072
0.0668625	7.65083	7.65781	7.69658
0.0676875	7.66207	7.6292	7.74666
0.068525	7.68509	7.64079	7.734
0.06935	7.69445	7.62188	7.68488
0.0701875	7.6332	7.65626	7.76477
0.071025	7.68935	7.61605	7.74957
0.0718625	7.65174	7.63659	7.70171
0.0727125	7.64694	7.58948	7.70578
0.0735625	7.62747	7.65789	7.71789
0.0744125	7.65603	7.5986	7.6665
0.0752625	7.61584	7.62156	7.69264
0.076125	7.616	7.58741	7.67554
0.0769875	7.58024	7.55912	7.66363
0.07785	7.6098	7.57966	7.63278
0.0787125	7.62701	7.60122	7.67012
0.0795875	7.58499	7.53785	7.65076
0.0804625	7.55006	7.5342	7.67309
0.0813375	7.57433	7.56346	7.63747
0.082225	7.52933	7.52237	7.63865
0.0831	7.57251	7.53905	7.63514
0.0839875	7.54273	7.51685	7.63463
0.0848875	7.56155	7.52924	7.63394
0.085775	7.53525	7.54195	7.60675
0.086675	7.55057	7.51218	7.60682
0.087575	7.47919	7.5212	7.62435
0.088475	7.52537	7.45765	7.60514
0.0893875	7.51103	7.48157	7.59131
0.0903	7.5176	7.49006	7.5941
0.0912125	7.50468	7.47274	7.60187
0.0921375	7.47773	7.49532	7.55408
0.09305	7.5057	7.4649	7.54314
0.0939875	7.52082	7.47109	7.57202
0.0949125	7.46962	7.45442	7.5646
0.0958375	7.48867	7.47445	7.59605
0.096775	7.43975	7.45939	7.49783
0.097725	7.50371	7.42768	7.5251
0.0986625	7.45095	7.44086	7.54722
0.0996125	7.47896	7.4506	7.53439
0.100562	7.43732	7.42664	7.54679
0.101512	7.46058	7.40967	7.53283
0.102475	7.47456	7.4103	7.53113
0.103437	7.4185	7.4227	7.51861
0.1044	7.4521	7.43615	7.475
0.105362	7.41116	7.4402	7.49263
0.106338	7.42629	7.41393	7.50982
0.107313	7.41926	7.40115	7.52322
0.1083	7.37917	7.384	7.49691
0.109275	7.39606	7.39181	7.4279
0.110262	7.39289	7.3746	7.49087
0.11125	7.42184	7.34879	7.46763
0.11225	7.36794	7.35524	7.44997
0.11325	7.36224	7.35887	7.46513
0.11425	7.376	7.37459	7.46623
0.115263	7.33296	7.34804	7.4358
0.116263	7.33572	7.34832	7.43792
0.117288	7.33434	7.36712	7.43637
0.1183	7.32579	7.36411	7.4416
0.119325	7.35314	7.36871	7.43723
0.12035	7.33894	7.27709	7.41093
0.121375	7.31348	7.32856	7.38697
0.122413	7.31232	7.31617	7.4122
0.12345	7.29644	7.30195	7.42351
0.124487	7.2896	7.30283	7.39884
0.125537	7.30446	7.29868	7.38825
0.126587	7.30232	7.30579	7.41699
0.127638	7.30467	7.30084	7.36812
0.128688	7.30993	7.25938	7.39301
0.12975	7.27553	7.28257	7.38118
0.130825	7.28404	7.31173	7.35165
0.131887	7.25701	7.25746	7.35162
0.132962	7.28221	7.24104	7.33827
0.134037	7.28137	7.28553	7.37169
0.135125	7.29752	7.25461	7.35184
0.1362	7.23263	7.27229	7.34648
0.1373	7.21863	7.24067	7.32182
0.138388	7.26174	7.22664	7.37996
0.139488	7.26342	7.24064	7.32272
0.140587	7.21132	7.25143	7.35168
0.1417	7.27221	7.18102	7.2859
0.142813	7.21281	7.21231	7.30433
0.143925	7.25765	7.24334	7.28985
0.145038	7.21593	7.19866	7.28784
0.146162	7.22558	7.21838	7.28785
0.147288	7.22578	7.20848	7.28502
0.148425	7.24981	7.18368	7.28244
0.149562	7.17976	7.21017	7.29809
0.1507	7.20728	7.23077	7.30534
0.15185	7.18057	7.16986	7.288
0.153	7.20507	7.20581	7.29101
0.15415	7.20599	7.16467	7.27048
0.155312	7.14351	7.14291	7.29153
0.156475	7.1447	7.15125	7.26831
0.157638	7.20412	7.15334	7.24485
0.158812	7.13251	7.15021	7.25895
0.159987	7.15781	7.17903	7.27506
0.161162	7.17106	7.1271	7.26057
0.16235	7.16632	7.13826	7.24657
0.163538	7.14013	7.1258	7.24855
0.164737	7.12063	7.13405	7.21438
0.165925	7.14953	7.14892	7.2021
0.167138	7.13958	7.16069	7.20033
0.168337	7.12629	7.10855	7.20309
0.16955	7.13964	7.10384	7.22077
0.170775	7.11145	7.14929	7.1953
0.171988	7.13627	7.11346	7.16659
0.173212	7.10504	7.11953	7.15627
0.17445	7.13897	7.10524	7.19561
0.175688	7.11729	7.10606	7.18015
0.176925	7.09024	7.11203	7.15701
0.178175	7.08831	7.09558	7.18465
0.179412	7.08373	7.10139	7.19073
0.180675	7.11611	7.07001	7.18909
0.181938	7.0899	7.09098	7.20738
0.1832	7.06205	7.06668	7.18883
0.184463	7.05567	7.02742	7.13575
0.185738	7.04613	7.06199	7.13963
0.187012	7.05583	7.05979	7.14973
0.1883	7.05129	7.04108	7.14637
0.189588	7.02796	7.06242	7.13334
0.190875	7.04898	7.02615	7.1445
0.192175	7.04952	7.05514	7.14099
0.193487	7.03843	7.02922	7.1293
0.194788	7.08168	7.04264	7.11596
0.1961	7.03639	7.01513	7.11991
0.197425	7.04704	7.0411	7.11709
0.198738	6.99336	7.03953	7.1115
0.200075	7.00144	7.0137	7.15132
0.2014	7.01064	6.99252	7.07468
0.202737	6.99908	7.02842	7.12056
0.204087	6.97246	7.00729	7.11249
0.205437	7.02333	6.98633	7.07471
0.206787	7.02697	7.01323	7.0677
0.20815	6.97825	7.00162	7.08407
0.209513	7.00224	6.99633	7.10434
0.210875	7.00899	6.99	7.06897
0.21225	6.95624	6.98481	7.06922
0.213638	6.97142	6.98282	7.0587
0.215013	7.02373	7.00119	7.10348
0.2164	6.98782	6.96247	7.06638
0.2178	7.00003	6.99853	7.08459
0.2192	6.95262	6.96684	7.04387
0.220612	6.96925	6.93725	7.07008
0.222013	6.94035	6.95362	7.06859
0.223438	6.97299	6.96892	7.02905
0.224863	6.94116	6.93811	7.01224
0.226287	6.96629	6.9781	7.02908
0.227712	6.96005	6.95461	7.06273
0.22915	6.96058	6.94443	7.03228
0.2306	6.98787	6.93282	7.02024
0.23205	6.93552	6.93342	7.02517
0.2335	6.97153	6.91857	7.03599
0.234962	6.9437	6.91092	7.03422
0.236425	6.90681	6.91883	6.99019
0.2379	6.93607	6.90284	7.03776
0.239375	6.90704	6.93023	6.98
0.240863	6.93458	6.8992	7.02562
0.24235	6.89423	6.92719	6.99134
0.243838	6.92997	6.91381	6.98932
0.245338	6.90596	6.9079	6.99724
0.24685	6.90124	6.8926	7.00531
0.248362	6.89834	6.87487	6.97476
0.249875	6.90977	6.89756	6.97748
0.2514	6.87765	6.87896	6.9891
0.252925	6.90305	6.89909	6.94524
0.254463	6.88971	6.88233	6.96606
0.256	6.90587	6.88403	6.97043
0.25755	6.89022	6.88193	6.96826
0.2591	6.89002	6.85449	6.97003
0.26065	6.87436	6.83974	6.94506
0.262225	6.89385	6.85938	6.98409
0.263788	6.86347	6.86263	6.94793
0.265363	6.86839	6.88022	6.95133
0.26695	6.86419	6.84892	6.938
0.268537	6.88297	6.83386	6.9078
0.270125	6.84868	6.84821	6.93929
0.271725	6.86724	6.83466	6.94658
0.273338	6.86602	6.83275	6.9631
0.27495	6.85329	6.84566	6.9159
0.276563	6.8524	6.84116	6.92169
0.278188	6.84608	6.83248	6.93415
0.279813	6.81636	6.8047	6.90946
0.28145	6.84482	6.84226	6.8867
0.2831	6.82995	6.85503	6.93069
0.28475	6.83425	6.81499	6.8934
0.2864	6.84426	6.81314	6.95418
0.288063	6.82919	6.79982	6.90538
0.289725	6.80878	6.80416	6.91778
0.2914	6.80633	6.80166	6.92251
0.293088	6.81687	6.81651	6.89486
0.294775	6.83383	6.8159	6.89725
0.296463	6.83865	6.83839	6.87902
0.298162	6.81484	6.8456	6.89527
0.299875	6.81023	6.7831	6.8877
0.301587	6.80868	6.7984	6.8891
0.3033	6.81154	6.78705	6.89757
0.305037	6.79316	6.77016	6.90326
0.306762	6.79691	6.77459	6.92376
0.3085	6.78584	6.75779	6.88192
0.31025	6.81715	6.79563	6.91682
0.312	6.78899	6.76039	6.88541
0.313762	6.79777	6.80256	6.87218
0.315525	6.78017	6.78276	6.86654
0.3173	6.76361	6.7618	6.86198
0.319075	6.74559	6.76375	6.84537
0.320863	6.77167	6.78196	6.86034
0.322663	6.79572	6.7695	6.87394
0.324463	6.78748	6.75486	6.85543
0.326263	6.77066	6.79022	6.84803
0.328075	6.77591	6.79052	6.84014
0.3299	6.77654	6.76419	6.83249
0.331725	6.76647	6.73887	6.86837
0.333562	6.7782	6.72071	6.84192
0.3354	6.76362	6.75138	6.81638
0.33725	6.72393	6.76235	6.81921
0.3391	6.7405	6.75738	6.8081
0.340962	6.76849	6.76282	6.84229
0.342838	6.75714	6.7807	6.82496
0.344712	6.7449	6.7272	6.80214
0.3466	6.74375	6.75342	6.81601
0.348487	6.76356	6.71758	6.82041
0.350388	6.71577	6.74906	6.84789
0.352288	6.74948	6.7335	6.79952
0.3542	6.71357	6.72502	6.86314
0.356125	6.72972	6.72667	6.79551
0.35805	6.7415	6.71689	6.82565
0.359987	6.71867	6.74289	6.8111
0.361925	6.72838	6.72649	6.79975
0.363875	6.71753	6.69164	6.81142
0.365838	6.72644	6.69758	6.8103
0.3678	6.71126	6.71131	6.7845
0.369763	6.72033	6.69736	6.82143
0.37175	6.71516	6.71476	6.79878
0.373738	6.73238	6.73159	6.80525
0.375725	6.74132	6.70949	6.79182
0.377725	6.71785	6.74718	6.79781
0.379737	6.70593	6.71694	6.7845
0.381763	6.69994	6.69953	6.79671
0.383775	6.69361	6.70592	6.78979
0.385812	6.70377	6.7003	6.80621
0.38785	6.69933	6.69341	6.8001
0.3899	6.70163	6.7053	6.77174
0.391962	6.69937	6.67374	6.78425
0.394025	6.71096	6.70989	6.78498
0.396087	6.73286	6.69489	6.77962
0.398175	6.68712	6.68419	6.78825
0.400263	6.66638	6.66903	6.76798
0.40235	6.69123	6.69639	6.77675
0.404462	6.67784	6.66456	6.75868
0.406575	6.6656	6.67304	6.75984
0.408688	6.68925	6.67777	6.73675
0.410812	6.65703	6.68311	6.74748
0.41295	6.69842	6.66234	6.75824
0.4151	6.66947	6.67313	6.77752
0.41725	6.67329	6.65542	6.75439
0.4194	6.67307	6.64221	6.78744
0.421575	6.67148	6.67956	6.7749
0.42375	6.67412	6.6541	6.7468
0.425938	6.67246	6.66158	6.78237
0.428125	6.67663	6.65373	6.75621
0.430325	6.65395	6.66249	6.75415
0.432537	6.66637	6.66016	6.72678
0.434763	6.64525	6.68811	6.74604
0.436987	6.6707	6.66903	6.73338
0.439225	6.66819	6.656	6.74085
0.441462	6.63896	6.64988	6.7391
0.443713	6.66372	6.65752	6.73171
0.445975	6.65125	6.65198	6.73923
0.44825	6.62488	6.6695	6.75505
0.450525	6.66286	6.64498	6.73859
0.452812	6.64179	6.65558	6.71852
0.4551	6.6474	6.65939	6.74095
0.457413	6.646	6.63803	6.71084
0.459725	6.65727	6.64225	6.75095
0.462038	6.6293	6.6169	6.72507
0.464375	6.65553	6.64526	6.70289
0.466713	6.64651	6.64555	6.72963
0.469063	6.6524	6.6698	6.73267
0.471413	6.636	6.62283	6.72049
0.473787	6.6428	6.62954	6.72667
0.476162	6.62444	6.62334	6.71774
0.478537	6.64152	6.63107	6.71649
0.480938	6.63065	6.60863	6.71851
0.483337	6.64397	6.623	6.71461
0.48575	6.63639	6.61563	6.70177
0.488175	6.62302	6.6253	6.71876
0.4906	6.64649	6.60166	6.69457
0.493037	6.62503	6.59346	6.70493
0.495488	6.6202	6.61412	6.68866
0.49795	6.63234	6.63239	6.68857
0.500413	6.6292	6.61475	6.69525
0.502887	6.61813	6.59624	6.70849
0.505375	6.61472	6.59898	6.72565
0.507875	6.61215	6.6125	6.69021
0.510375	6.61554	6.6017	6.69069
0.512887	6.6154	6.62298	6.67407
0.515413	6.6073	6.6044	6.70595
0.51795	6.60959	6.61666	6.704
0.520487	6.62172	6.59067	6.67358
0.52305	6.63295	6.60756	6.68186
0.525612	6.61379	6.57989	6.7082
0.528175	6.59596	6.58664	6.68187
0.530762	6.61276	6.60705	6.67665
0.53335	6.59812	6.60389	6.68848
0.535963	6.6345	6.60043	6.67456
0.538575	6.60116	6.59635	6.70177
0.541188	6.61217	6.58225	6.66383
0.543825	6.58554	6.62209	6.6772
0.546462	6.59647	6.58848	6.67741
0.549112	6.62283	6.59867	6.68349
0.551775	6.59233	6.58597	6.68222
0.55445	6.57315	6.60337	6.65468
0.557137	6.5829	6.59681	6.68097
0.559825	6.58201	6.59548	6.68162
0.562525	6.61037	6.60951	6.67634
0.565238	6.60238	6.59649	6.67407
0.567963	6.59744	6.58619	6.67513
0.5707	6.59385	6.57169	6.66516
0.573438	6.59655	6.5898	6.67659
0.5762	6.62873	6.592	6.68467
0.578963	6.60631	6.56563	6.66673
0.581738	6.60118	6.58096	6.68496
0.584525	6.58326	6.56822	6.66031
0.587325	6.61049	6.57523	6.66613
0.590125	6.5803	6.57103	6.6656
0.59295	6.60694	6.58506	6.67256
0.595775	6.58161	6.57375	6.65515
0.598612	6.58323	6.57266	6.65959
0.601462	6.57715	6.58158	6.6769
0.604325	6.57555	6.56821	6.67052
0.6072	6.58155	6.59673	6.664
0.610088	6.58529	6.56047	6.67529
0.612975	6.58741	6.57656	6.66296
0.615888	6.58476	6.57041	6.64913
0.6188	6.58872	6.55884	6.65615
0.621725	6.58514	6.55493	6.66951
0.624663	6.5835	6.58168	6.62586
0.627612	6.58314	6.55955	6.66249
0.630575	6.58978	6.5722	6.64678
0.63355	6.58754	6.57949	6.65527
0.636525	6.58352	6.5781	6.66629
0.639525	6.58016	6.54561	6.63695
0.642537	6.59193	6.54781	6.63987
0.64555	6.57245	6.57495	6.66759
0.648575	6.57142	6.57865	6.66349
0.651625	6.58386	6.56071	6.62991
0.654675	6.56828	6.54858	6.66165
0.657737	6.56868	6.56299	6.63895
0.660812	6.56021	6.55947	6.64692
0.6639	6.57949	6.56108	6.64786
0.667	6.54897	6.54961	6.65266
0.670112	6.56636	6.5624	6.66359
0.673238	6.56712	6.55939	6.64509
0.676363	6.56888	6.57213	6.62877
0.679513	6.56927	6.58024	6.65823
0.682675	6.56855	6.56719	6.63849
0.685838	6.56479	6.56185	6.63425
0.689025	6.58199	6.5521	6.623
0.692225	6.57001	6.57725	6.63177
0.695425	6.55223	6.55353	6.64531
0.69865	6.56111	6.54542	6.63288
0.701875	6.5451	6.5752	6.64535
0.705125	6.54964	6.56399	6.62586
0.708375	6.56001	6.55156	6.63295
0.71165	6.55865	6.53531	6.63198
0.714925	6.56128	6.56556	6.63447
0.718225	6.55635	6.5643	6.634
0.721525	6.54797	6.54415	6.63741
0.724837	6.55211	6.56537	6.62796
0.728175	6.57396	6.5325	6.6318
0.731512	6.54686	6.56455	6.63044
0.734875	6.5486	6.53533	6.65329
0.73825	6.57224	6.54377	6.6483
0.741625	6.53677	6.56587	6.59963
0.745025	6.55381	6.55122	6.65511
0.748425	6.56355	6.54383	6.64179
0.75185	6.55814	6.54423	6.62441
0.755288	6.54682	6.55874	6.63297
0.758725	6.55354	6.5308	6.63118
0.762187	6.54946	6.54635	6.6332
0.765662	6.54664	6.56246	6.62776
0.76915	6.54415	6.52849	6.61931
0.77265	6.56314	6.54384	6.62391
0.776163	6.56274	6.53425	6.60777
0.779688	6.53101	6.53318	6.62213
0.783225	6.56285	6.53079	6.62961
0.786788	6.54526	6.53753	6.62464
0.79035	6.57187	6.55024	6.62347
0.793938	6.55334	6.54375	6.61855
0.797525	6.53073	6.54896	6.62761
0.801138	6.54413	6.52895	6.6332
0.80475	6.55592	6.54034	6.61092
0.808388	6.57689	6.53935	6.61795
0.812038	6.54537	6.53418	6.62256
0.8157	6.55017	6.53932	6.61354
0.819375	6.53543	6.53709	6.6236
0.823075	6.54082	6.52277	6.60695
0.826775	6.56395	6.54828	6.62939
0.8305	6.54482	6.52812	6.62415
0.834225	6.54708	6.53418	6.60777
0.837975	6.53962	6.54026	6.61846
0.841738	6.53967	6.54754	6.61683
0.845513	6.54464	6.52497	6.59876
0.8493	6.55679	6.53046	6.61814
0.853113	6.54744	6.52325	6.63312
0.856925	6.54386	6.52306	6.61111
0.860762	6.54941	6.5372	6.59988
0.864613	6.53361	6.551	6.60728
0.868475	6.52568	6.54199	6.60415
0.87235	6.54445	6.5197	6.60333
0.87625	6.54796	6.53569	6.59459
0.88015	6.55509	6.51559	6.6108
0.884075	6.55322	6.54093	6.62638
0.888013	6.53017	6.53906	6.59285
0.891963	6.52759	6.53892	6.58603
0.895938	6.5206	6.51319	6.61605
0.899912	6.54485	6.55178	6.6129
0.903912	6.5548	6.52969	6.59799
0.907925	6.53721	6.53301	6.60329
0.91195	6.55645	6.54204	6.6027
0.916	6.56073	6.53941	6.61017
0.920062	6.53946	6.53291	6.61635
0.924137	6.52598	6.51889	6.59006
0.928225	6.54649	6.54124	6.60546
0.932325	6.54995	6.50943	6.60661
0.93645	6.54406	6.53686	6.59814
0.940588	6.55047	6.53089	6.60806
0.944737	6.53607	6.52727	6.59468
0.948913	6.53914	6.51912	6.62157
0.953088	6.54326	6.51597	6.60641
0.957287	6.53824	6.53109	6.61502
0.961513	6.54254	6.52461	6.60922
0.965738	6.53561	6.52085	6.58569
0.969988	6.54106	6.51139	6.59682
0.97425	6.54549	6.54935	6.60725
0.978537	6.55904	6.50866	6.61838
0.982837	6.54398	6.52292	6.61542
0.98715	6.53876	6.51331	6.59776
0.991475	6.55223	6.51464	6.59697
0.995825	6.54516	6.52862	6.60059
1.00019	6.53528	6.51367	6.60206
1.00456	6.53525	6.51512	6.59118
1.00896	6.5462	6.50687	6.59602
1.01338	6.53354	6.5237	6.60096
1.0178	6.53412	6.51598	6.59548
1.02225	6.5333	6.5053	6.61305
1.02671	6.51492	6.5301	6.60343
1.03119	6.54139	6.50793	6.60615
1.03569	6.54339	6.5196	6.59935
1.0402	6.53294	6.53236	6.59801
1.04474	6.527	6.52975	6.59737
1.04929	6.53754	6.52138	6.59234
1.05385	6.52113	6.52227	6.59035
1.05844	6.53762	6.53415	6.60287
1.06304	6.53175	6.52661	6.59327
1.06766	6.52373	6.52634	6.60535
1.07229	6.53442	6.52164	6.586
1.07695	6.52214	6.50762	6.60802
1.08162	6.53733	6.51943	6.61275
1.08631	6.53738	6.50928	6.59524
1.09101	6.52539	6.52908	6.59253
1.09574	6.5362	6.51079	6.59159
1.10049	6.52969	6.52069	6.59503
1.10525	6.53814	6.51909	6.60746
1.11003	6.53887	6.51768	6.57379
1.11483	6.54595	6.51465	6.59275
1.11964	6.52981	6.51607	6.58774
1.12448	6.51848	6.52193	6.5842
1.12933	6.52953	6.51322	6.5755
1.1342	6.53207	6.51986	6.59277
1.13909	6.52563	6.519	6.60984
1.144	6.53421	6.51723	6.58944
1.14892	6.53663	6.5272	6.5951
1.15387	6.53852	6.52764	6.59474
1.15884	6.54934	6.50859	6.57519
1.16381	6.52073	6.50748	6.58947
1.16883	6.53401	6.52887	6.58579
1.17384	6.53988	6.52947	6.5971
1.17889	6.52405	6.51845	6.59481
1.18394	6.53602	6.53728	6.57986
1.18903	6.52886	6.51854	6.58259
1.19413	6.53631	6.52571	6.58992
1.19924	6.52797	6.52528	6.58124
1.20438	6.53474	6.51564	6.58361
1.20954	6.5278	6.53159	6.58146
1.21471	6.5322	6.50873	6.59557
1.21991	6.53373	6.50928	6.5829
1.22512	6.53563	6.52237	6.58967
1.23036	6.53797	6.50904	6.58951
1.23561	6.54147	6.51476	6.59002
1.24089	6.51899	6.50533	6.58816
1.24619	6.52544	6.51014	6.61004
1.2515	6.53666	6.48875	6.57433
1.25684	6.53698	6.5195	6.58976
1.2622	6.53399	6.51843	6.58934
1.26758	6.55787	6.51328	6.59756
1.27297	6.53434	6.52088	6.58191
1.27839	6.53885	6.50836	6.5852
1.28383	6.54064	6.51203	6.58578
1.28929	6.53632	6.51573	6.58636
1.29476	6.53711	6.51955	6.58259
1.30027	6.53144	6.51236	6.59144
1.30579	6.54313	6.51561	6.58511
1.31134	6.53573	6.51401	6.58203
1.3169	6.52422	6.5319	6.58249
1.32249	6.52471	6.51225	6.59018
1.32809	6.5259	6.48619	6.59736
1.33372	6.52789	6.51226	6.56337
1.33938	6.53787	6.51785	6.58834
1.34504	6.53884	6.51598	6.57854
1.35074	6.52088	6.52205	6.58542
1.35645	6.53757	6.50877	6.59486
1.36219	6.54861	6.50089	6.58066
1.36794	6.53134	6.50919	6.56788
1.37373	6.529	6.51416	6.58112
1.37952	6.52323	6.53174	6.58706
1.38535	6.52649	6.52085	6.60547
1.39119	6.53468	6.5109	6.58244
1.39706	6.52644	6.52725	6.58194
1.40295	6.52599	6.49891	6.58948
1.40886	6.53284	6.50324	6.58368
1.4148	6.51153	6.52638	6.58341
1.42076	6.53629	6.50449	6.58495
1.42674	6.53	6.52835	6.58768
1.43274	6.52203	6.5131	6.59719
1.43877	6.52275	6.51743	6.57797
1.44483	6.52416	6.51205	6.57815
1.45089	6.52779	6.51976	6.58975
1.45699	6.52918	6.50968	6.60217
1.46311	6.53033	6.50437	6.574
1.46925	6.53798	6.49133	6.58133
1.47541	6.51942	6.51817	6.5821
1.4816	6.53127	6.51905	6.60491
1.48781	6.53389	6.51067	6.57391
1.49405	6.53767	6.51455	6.58311
1.50031	6.52252	6.52261	6.5916
1.5066	6.5308	6.52053	6.57185
1.5129	6.51301	6.49889	6.58011
1.51924	6.52553	6.5082	6.59064
1.52559	6.5131	6.50481	6.57915
1.53198	6.53531	6.50885	6.59132
1.53838	6.52584	6.50297	6.57223
1.5448	6.52977	6.50271	6.57792
1.55126	6.54134	6.51603	6.59515
1.55774	6.52688	6.51343	6.5902
1.56424	6.53163	6.4976	6.58293
1.57076	6.52213	6.5056	6.58847
1.57731	6.53057	6.50432	6.58533
1.5839	6.52853	6.51916	6.57888
1.5905	6.52952	6.50927	6.57303
1.59713	6.52476	6.51518	6.5836
1.60378	6.52863	6.51029	6.58365
1.61045	6.53557	6.50681	6.59069
1.61716	6.52918	6.51219	6.57138
1.62389	6.53344	6.5096	6.57855
1.63064	6.5185	6.49967	6.57166
1.63742	6.52799	6.51265	6.57596
1.64423	6.52981	6.49863	6.58548
1.65106	6.52037	6.50456	6.5775
1.65791	6.52249	6.51613	6.59186
1.6648	6.52731	6.5252	6.58708
1.67171	6.51425	6.50066	6.59185
1.67865	6.53034	6.50565	6.58543
1.68561	6.5422	6.49474	6.59214
1.6926	6.51755	6.5051	6.58093
1.69961	6.52306	6.5	6.58369
1.70666	6.52444	6.52772	6.60174
1.71372	6.52133	6.51388	6.57873
1.72082	6.52265	6.51558	6.57966
1.72795	6.52984	6.50218	6.57343
1.7351	6.53045	6.50776	6.5753
1.74227	6.52858	6.50901	6.58822
1.74949	6.52697	6.5058	6.58294
1.75671	6.53039	6.49847	6.58901
1.76398	6.52731	6.51256	6.57835
1.77126	6.52159	6.5124	6.5873
1.77857	6.52915	6.49827	6.57087
1.78593	6.53502	6.50412	6.57842
1.79329	6.53639	6.50319	6.57957
1.80069	6.52739	6.51586	6.58716
1.80813	6.51956	6.51249	6.58686
1.81558	6.52269	6.5174	6.58647
1.82306	6.53145	6.51694	6.58337
1.83057	6.52899	6.51118	6.57139
1.83811	6.5263	6.50289	6.56453
1.84569	6.52119	6.4972	6.57791
1.85329	6.52751	6.51452	6.58472
1.86091	6.51948	6.51312	6.58688
1.86856	6.52235	6.51456	6.57787
1.87625	6.52716	6.51542	6.57625
1.88398	6.53483	6.50207	6.57084
1.89171	6.53599	6.50219	6.57967
1.89949	6.52682	6.49599	6.56862
1.90729	6.52602	6.50541	6.57716
1.91513	6.53657	6.50545	6.57427
1.92299	6.52299	6.50297	6.57024
1.93089	6.5287	6.50774	6.58473
1.9388	6.53259	6.50383	6.58418
1.94676	6.52605	6.48759	6.58853
1.95474	6.52484	6.50295	6.57613
1.96276	6.51791	6.51143	6.59115
1.9708	6.51389	6.51675	6.56989
1.97888	6.53359	6.49593	6.56939
1.98699	6.535	6.49987	6.57888
1.99513	6.52917	6.51253	6.58504
2.00329	6.53562	6.49364	6.58098
2.01149	6.52613	6.50773	6.58004
2.01971	6.52851	6.51175	6.5873
2.02798	6.52622	6.50894	6.58692
2.03627	6.52013	6.51193	6.58929
2.0446	6.51913	6.51571	6.58437
2.05295	6.53103	6.49463	6.57795
2.06134	6.52234	6.50967	6.58871
2.06976	6.52796	6.52186	6.59255
2.07821	6.52524	6.50693	6.58127
2.0867	6.52191	6.50795	6.57282
2.09521	6.53415	6.50893	6.57765
2.10376	6.51171	6.50523	6.57639
2.11235	6.52154	6.50627	6.56979
2.12096	6.53178	6.50649	6.58955
2.12961	6.5332	6.49582	6.57891
2.13829	6.53382	6.5125	6.57472
2.147	6.52889	6.50448	6.57211
2.15575	6.51553	6.51417	6.57414
2.16453	6.5204	6.49561	6.57605
2.17334	6.52693	6.50765	6.58558
2.18219	6.52177	6.50493	6.58481
2.19106	6.5231	6.49664	6.57809
2.19998	6.52024	6.50499	6.57205
2.20893	6.52153	6.5137	6.58248
2.21791	6.53287	6.50312	6.58574
2.22692	6.53003	6.50153	6.56331
2.23598	6.51765	6.5019	6.58406
2.24506	6.51512	6.50255	6.57848
2.25419	6.52831	6.51004	6.5718
2.26334	6.54071	6.50351	6.57144
2.27253	6.52431	6.49977	6.57651
2.28175	6.52671	6.51493	6.59174
2.29101	6.52655	6.51405	6.58251
2.3003	6.526	6.50229	6.58013
2.30964	6.51583	6.51376	6.57637
2.319	6.52946	6.50663	6.57858
2.3284	6.51135	6.50745	6.57284
2.33784	6.52719	6.50468	6.58152
2.34731	6.5227	6.50855	6.58021
2.35681	6.52165	6.50905	6.57779
2.36636	6.52583	6.50349	6.58359
2.37595	6.52362	6.49891	6.58443
2.38556	6.52798	6.50256	6.56879
2.39521	6.52804	6.50904	6.58356
2.40491	6.52192	6.50565	6.58895
2.41464	6.5402	6.50879	6.58014
2.4244	6.53198	6.5049	6.56318
2.4342	6.52173	6.49696	6.57638
2.44405	6.52389	6.50577	6.59071
2.45392	6.53635	6.50847	6.57745
2.46384	6.52225	6.50638	6.57651
2.47379	6.52636	6.50442	6.58368
2.48377	6.53758	6.50376	6.57898
2.49381	6.53128	6.50439	6.5709
2.50388	6.53202	6.50411	6.57515
2.51397	6.52331	6.51026	6.58154
2.52413	6.53503	6.50329	6.58204
2.53431	6.51843	6.50052	6.5835
2.54452	6.52733	6.5048	6.57639
2.55479	6.531	6.50037	6.57944
2.56509	6.5263	6.50148	6.58078
2.57542	6.52438	6.50024	6.57322
2.5858	6.533	6.49364	6.5767
2.59623	6.53843	6.50392	6.57706
2.60667	6.52632	6.50502	6.57761
2.61718	6.53246	6.49766	6.56202
2.62771	6.53034	6.49632	6.58225
2.63829	6.53191	6.50906	6.57077
2.6489	6.53247	6.51467	6.57347
2.65956	6.52692	6.4951	6.56058
2.67026	6.53312	6.50664	6.57432
2.681	6.53191	6.49767	6.56953
2.69178	6.52179	6.50437	6.57182
2.7026	6.51854	6.49942	6.58145
2.71346	6.51639	6.49554	6.57148
2.72436	6.52632	6.49269	6.57317
2.73531	6.5254	6.49833	6.58302
2.74629	6.52672	6.51538	6.56586
2.75732	6.53314	6.50469	6.57808
2.76839	6.52046	6.51064	6.57532
2.7795	6.52307	6.51578	6.58217
2.79066	6.52838	6.49425	6.57482
2.80185	6.52993	6.50451	6.57
2.8131	6.53179	6.50252	6.56867
2.82437	6.53052	6.50327	6.57116
2.8357	6.52702	6.50256	6.57215
2.84707	6.52807	6.50941	6.56808
2.85849	6.53373	6.50958	6.56687
2.86994	6.52383	6.49605	6.5878
2.88144	6.52727	6.50598	6.58082
2.89298	6.53386	6.50187	6.56741
2.90456	6.53496	6.50115	6.57085
2.9162	6.53893	6.49568	6.57096
2.92788	6.52737	6.50714	6.57918
2.93959	6.52678	6.50515	6.58034
2.95136	6.52511	6.49902	6.57663
2.96316	6.5278	6.50501	6.57531
2.97502	6.52787	6.50323	6.56868
2.98691	6.53144	6.49296	6.56985
2.99886	6.5291	6.49633	6.56763
3.01085	6.52387	6.50471	6.57669
3.02289	6.52369	6.50097	6.57242
3.03498	6.52594	6.50933	6.57608
3.0471	6.52197	6.50615	6.5708
3.05927	6.53255	6.50661	6.56836
3.07149	6.5227	6.5021	6.58073
3.08376	6.5241	6.50327	6.57734
3.09608	6.51894	6.50928	6.56723
3.10842	6.52532	6.4956	6.56679
3.12084	6.52017	6.49777	6.57532
3.13329	6.53284	6.50376	6.57787
3.14579	6.52897	6.49698	6.57324
3.15834	6.52984	6.50167	6.57181
3.17094	6.54226	6.5004	6.57195
3.18359	6.53062	6.50493	6.57258
3.19627	6.5304	6.50049	6.57276
3.20902	6.53178	6.49854	6.57269
3.22181	6.52875	6.5066	6.58156
3.23465	6.51637	6.49847	6.56779
3.24754	6.52331	6.503	6.58338
3.26047	6.53107	6.50473	6.57799
3.27346	6.52627	6.50925	6.57184
3.2865	6.53475	6.50443	6.58106
3.29958	6.54064	6.50448	6.57097
3.31271	6.52892	6.50746	6.58067
3.3259	6.52035	6.50132	6.58186
3.33914	6.52023	6.50978	6.57357
3.35243	6.5203	6.50752	6.57501
3.36575	6.53678	6.49557	6.57869
3.37914	6.53241	6.50209	6.57436
3.39258	6.52056	6.49865	6.5736
3.40608	6.53138	6.49928	6.58007
3.41961	6.53342	6.49788	6.56843
3.4332	6.52234	6.49581	6.5764
3.44685	6.52073	6.50875	6.5756
3.46054	6.528	6.50141	6.57629
3.47429	6.51265	6.50882	6.57877
3.48809	6.52381	6.50987	6.57918
3.50194	6.52221	6.50411	6.5812
3.51585	6.53659	6.50025	6.57392
3.5298	6.52825	6.49423	6.57797
3.54381	6.52287	6.50293	6.5788
3.55789	6.53319	6.50327	6.58192
3.572	6.53258	6.49805	6.57335
3.58617	6.52681	6.4931	6.57797
3.6004	6.52233	6.50467	6.57382
3.61468	6.52919	6.50501	6.58158
3.62901	6.52452	6.49787	6.56959
3.6434	6.52795	6.50287	6.57546
3.65785	6.52173	6.50499	6.57309
3.67235	6.52361	6.50151	6.57442
3.6869	6.52842	6.50883	6.5764
3.70151	6.52149	6.50142	6.56973
3.71618	6.52233	6.50861	6.57781
3.7309	6.52655	6.49675	6.57636
3.74568	6.52921	6.5044	6.58005
3.76051	6.52978	6.49534	6.57679
3.7754	6.52681	6.50188	6.56848
3.79035	6.53317	6.50136	6.57118
3.80535	6.53168	6.49955	6.57494
3.82041	6.52761	6.50027	6.57875
3.83553	6.53159	6.49586	6.57628
3.8507	6.52472	6.49869	6.57236
3.86594	6.52414	6.5019	6.5771
3.88123	6.53034	6.51	6.573
3.89657	6.52994	6.51183	6.57801
3.91199	6.52249	6.51821	6.57814
3.92745	6.525	6.508	6.58253
3.94298	6.53347	6.50162	6.57928
3.95856	6.52638	6.51025	6.56752
3.9742	6.54061	6.50138	6.576
3.98991	6.52591	6.51017	6.57561
4.00567	6.52891	6.50381	6.57534
4.0215	6.53479	6.50247	6.56983
4.03737	6.53767	6.50049	6.58318
4.05333	6.53359	6.5056	6.57867
4.06932	6.53202	6.50388	6.57809
4.0854	6.52972	6.51061	6.57109
4.10152	6.52333	6.50847	6.57901
4.11771	6.53387	6.5047	6.56902
4.13396	6.52481	6.50556	6.58345
4.15028	6.53226	6.50862	6.57201
4.16665	6.53736	6.49719	6.57709
4.18309	6.52484	6.5109	6.57582
4.19959	6.53699	6.5069	6.58096
4.21615	6.53687	6.50556	6.57547
4.23278	6.53408	6.51566	6.56938
4.24946	6.52723	6.50472	6.57661
4.26621	6.53192	6.5	6.56679
4.28302	6.53405	6.50598	6.5723
4.2999	6.52648	6.50148	6.57604
4.31685	6.53317	6.50213	6.56977
4.33385	6.52812	6.50375	6.56313
4.35092	6.5352	6.50306	6.57369
4.36806	6.53209	6.50473	6.57332
4.38527	6.52495	6.50815	6.57398
4.40254	6.53566	6.50848	6.57641
4.41988	6.53202	6.50795	6.56363
4.43727	6.53639	6.50747	6.57137
4.45474	6.53576	6.50773	6.57288
4.47227	6.52341	6.51273	6.57128
4.48987	6.53335	6.50778	6.57142
4.50754	6.53592	6.51445	6.57344
4.52528	6.53662	6.50412	6.57432
4.54308	6.54124	6.49891	6.56678
4.56095	6.52738	6.49932	6.56925
4.57889	6.53247	6.50003	6.56525
4.59689	6.54097	6.50743	6.56768
4.61496	6.52728	6.50465	6.57202
4.63311	6.53595	6.50452	6.57142
4.65133	6.53228	6.50175	6.57846
4.6696	6.53117	6.50763	6.57234
4.68796	6.5371	6.50062	6.56774
4.70638	6.52837	6.50657	6.57288
4.72487	6.52966	6.50752	6.5755
4.74344	6.54031	6.50456	6.57893
4.76206	6.5388	6.50426	6.56638
4.78076	6.53945	6.50936	6.5763
4.79954	6.53861	6.51207	6.56729
4.81839	6.53867	6.50795	6.57165
4.83731	6.52456	6.51308	6.57763
4.8563	6.53884	6.50464	6.56783
4.87536	6.5354	6.51577	6.5724
4.8945	6.53256	6.50599	6.57519
4.9137	6.53539	6.50605	6.5736
4.93299	6.53078	6.51702	6.57386
4.95234	6.53582	6.50353	6.57408
4.97176	6.53639	6.49692	6.57169
4.99126	6.53119	6.49819	6.57752
5.01085	6.53256	6.49931	6.56709
5.0305	6.53413	6.50136	6.57439
5.05022	6.53737	6.50273	6.56394
5.07002	6.53762	6.50699	6.57315
5.0899	6.5303	6.50102	6.57937
5.10985	6.53694	6.50861	6.57164
5.12988	6.53627	6.49378	6.56592
5.14997	6.55166	6.50037	6.57977
5.17016	6.54031	6.49665	6.57823
5.19042	6.54222	6.5066	6.56968
5.21075	6.53081	6.50586	6.56768
5.23116	6.5393	6.50336	6.58042
5.25165	6.53956	6.50612	6.57084
5.27222	6.52748	6.50139	6.57724
5.29287	6.54257	6.50267	6.57611
5.3136	6.53998	6.50433	6.57919
5.3344	6.53611	6.50241	6.57533
5.35528	6.53346	6.50158	6.56393
5.37624	6.53748	6.5054	6.56648
5.39729	6.53882	6.50498	6.57659
5.41841	6.53685	6.50236	6.56958
5.43961	6.53033	6.50076	6.57203
5.4609	6.53123	6.50391	6.56399
5.48226	6.53246	6.51029	6.56511
5.5037	6.53606	6.50486	6.57334
5.52524	6.5315	6.50521	6.56934
5.54684	6.53019	6.5062	6.5764
5.56854	6.53278	6.50537	6.57411
5.59031	6.53185	6.50584	6.57006
5.61216	6.53073	6.50184	6.56688
5.6341	6.53252	6.50079	6.56484
5.65613	6.53751	6.50548	6.5732
5.67824	6.53543	6.50443	6.5655
5.70043	6.54271	6.5071	6.57819
5.7227	6.54271	6.50833	6.57892
5.74506	6.53402	6.50102	6.5726
5.76751	6.54175	6.5018	6.56762
5.79005	6.54131	6.50484	6.57106
5.81266	6.53069	6.50898	6.56889
5.83536	6.53839	6.50797	6.57163
5.85816	6.53154	6.50608	6.57489
5.88104	6.53636	6.50675	6.57165
5.904	6.5342	6.50766	6.57385
5.92705	6.54516	6.50166	6.57201
5.95019	6.53111	6.50594	6.55693
5.97341	6.53088	6.5025	6.56992
5.99674	6.53534	6.49597	6.57081
6.02014	6.54057	6.50134	6.56869
6.04364	6.5365	6.51373	6.56769
6.06721	6.54259	6.50258	6.57326
6.09089	6.54004	6.50504	6.57427
6.11465	6.53714	6.50044	6.57565
6.13851	6.53972	6.49631	6.57599
6.16245	6.53365	6.50339	6.56288
6.18649	6.53111	6.50285	6.57129
6.21061	6.5391	6.50361	6.56969
6.23484	6.53824	6.50984	6.56926
6.25915	6.53527	6.5059	6.57077
6.28355	6.5273	6.5012	6.56868
6.30805	6.53512	6.49928	6.5718
6.33264	6.53569	6.50333	6.57213
6.35733	6.53848	6.5004	6.57185
6.3821	6.54134	6.50547	6.57507
6.40697	6.54141	6.50353	6.57661
6.43194	6.532	6.50352	6.57017
6.457	6.53847	6.49466	6.57868
6.48215	6.53369	6.50148	6.57219
6.50741	6.543	6.50449	6.57478
6.53276	6.54295	6.49738	6.57858
6.5582	6.54301	6.50485	6.57597
6.58375	6.53467	6.49561	6.57152
6.60939	6.54115	6.50427	6.57588
6.63513	6.53865	6.5024	6.56979
6.66096	6.54219	6.50818	6.57362
6.6869	6.54198	6.49695	6.57432
6.71292	6.53686	6.50045	6.57401
6.73906	6.54099	6.50216	6.57449
6.76529	6.54069	6.49914	6.57664
6.79163	6.53826	6.51155	6.5813
6.81805	6.54313	6.50604	6.58051
6.84459	6.54187	6.49971	6.573
6.87121	6.54016	6.50715	6.57536
6.89795	6.54748	6.49865	6.57374
6.92479	6.53931	6.50337	6.57481
6.95173	6.54147	6.50705	6.5764
6.97876	6.53937	6.5053	6.57837
7.00591	6.53977	6.50804	6.57627
7.03316	6.5426	6.5061	6.57599
7.06051	6.53376	6.50296	6.57954
7.08796	6.53834	6.5052	6.57555
7.11552	6.53979	6.50513	6.57053
7.14319	6.5402	6.50305	6.57883
7.17096	6.5411	6.50889	6.58482
7.19884	6.54288	6.51217	6.57319
7.22683	6.53851	6.5097	6.57297
7.25491	6.54181	6.50951	6.57514
7.2831	6.53766	6.50931	6.57682
7.3114	6.54526	6.51602	6.56867
7.33981	6.53743	6.50686	6.57952
7.36834	6.53629	6.51135	6.57756
7.39696	6.52966	6.50316	6.57595
7.4257	6.54513	6.50733	6.5786
7.45455	6.53433	6.50628	6.57577
7.4835	6.54292	6.50656	6.57736
7.51256	6.54867	6.5128	6.57706
7.54174	6.55081	6.50604	6.57805
7.57104	6.54059	6.50797	6.56829
7.60042	6.54242	6.50446	6.5809
7.62994	6.54107	6.50545	6.57496
7.65956	6.54506	6.50589	6.57528
7.6893	6.54425	6.50846	6.57865
7.71915	6.53748	6.50517	6.57532
7.74911	6.53978	6.51518	6.57822
7.77919	6.53795	6.50633	6.57738
7.80939	6.54272	6.50471	6.57905
7.83969	6.54053	6.51228	6.57015
7.87011	6.54838	6.50325	6.57578
7.90065	6.55056	6.51178	6.5769
7.9313	6.5455	6.50803	6.57277
7.96208	6.54321	6.51063	6.58183
7.99296	6.54274	6.50348	6.57098
8.02398	6.54221	6.51199	6.57568
8.0551	6.53937	6.50915	6.57262
8.08634	6.53975	6.50973	6.57309
8.1177	6.54166	6.51106	6.57128
8.14917	6.54709	6.51437	6.57206
8.18077	6.54593	6.51302	6.57402
8.2125	6.53782	6.51194	6.57557
8.24434	6.54449	6.51353	6.57717
8.2763	6.54551	6.5167	6.57799
8.30839	6.54209	6.51054	6.57065
8.3406	6.54193	6.50853	6.57735
8.37292	6.54831	6.51108	6.57624
8.40537	6.54096	6.5103	6.57052
8.43795	6.53992	6.5048	6.57426
8.47065	6.5408	6.50912	6.57513
8.50348	6.54253	6.5066	6.57444
8.53642	6.54087	6.50302	6.58139
8.5695	6.5482	6.50849	6.57274
8.6027	6.54105	6.50732	6.58003
8.63604	6.54347	6.50866	6.57581
8.66949	6.53602	6.50593	6.5778
8.70308	6.54394	6.51179	6.57556
8.73678	6.54229	6.51092	6.58167
8.77061	6.54188	6.51696	6.57236
8.80459	6.54385	6.51259	6.57634
8.83867	6.54455	6.5087	6.57634
8.8729	6.54399	6.51274	6.57886
8.90726	6.54294	6.51245	6.57934
8.94175	6.54131	6.51528	6.57752
8.97636	6.53973	6.51163	6.58331
9.01111	6.54475	6.50347	6.57911
9.046	6.54391	6.51316	6.57657
9.08101	6.54502	6.51667	6.58284
9.11616	6.55022	6.51549	6.57839
9.15145	6.54335	6.50776	6.57751
9.18686	6.54478	6.51562	6.5809
9.22241	6.54903	6.50682	6.58354
9.2581	6.54005	6.50695	6.58723
9.29393	6.54212	6.51166	6.57391
9.32989	6.54807	6.50929	6.57495
9.36599	6.55252	6.51042	6.57477
9.40221	6.54231	6.51606	6.5774
9.43859	6.53761	6.513	6.57653
9.4751	6.55041	6.51453	6.58162
9.51175	6.54642	6.51647	6.58111
9.54854	6.55009	6.5093	6.57353
9.58546	6.54795	6.51091	6.57622
9.62254	6.54175	6.51477	6.57929
9.65975	6.54607	6.51022	6.57778
9.6971	6.54867	6.51322	6.5779
9.73459	6.55065	6.51413	6.57636
9.77223	6.54395	6.51177	6.58083
9.81001	6.54337	6.51073	6.57926
9.84794	6.54984	6.51394	6.57719
9.886	6.54207	6.51173	6.57805
9.92421	6.54586	6.50949	6.58167
9.96257	6.54792	6.51351	6.58012
10.0011	6.54377	6.51411	6.57647
10.0397	6.54822	6.50773	6.57422
10.0785	6.5484	6.51452	6.57376
10.1175	6.54448	6.51424	6.58067
10.1566	6.54076	6.51137	6.57837
10.1958	6.54557	6.51232	6.58271
10.2352	6.54263	6.50925	6.58315
10.2748	6.54444	6.50327	6.58153
10.3145	6.54391	6.51104	6.57648
10.3543	6.5398	6.51126	6.58329
10.3943	6.545	6.5095	6.57693
10.4345	6.54261	6.5108	6.57686
10.4747	6.54228	6.51386	6.57942
10.5152	6.5423	6.50866	6.58093
10.5558	6.54122	6.51285	6.58071
10.5966	6.54129	6.50937	6.5789
10.6375	6.53998	6.50686	6.58302
10.6786	6.54541	6.51029	6.58169
10.7198	6.54327	6.51034	6.58051
10.7612	6.55105	6.51052	6.58135
10.8027	6.54394	6.51186	6.57794
10.8444	6.54508	6.50797	6.57732
10.8863	6.54593	6.51659	6.58275
10.9283	6.54437	6.51125	6.57691
10.9705	6.54562	6.50914	6.58072
11.0128	6.54718	6.51429	6.57929
11.0554	6.54771	6.51355	6.58068
11.098	6.5475	6.50854	6.57734
11.1409	6.54824	6.50943	6.58332
11.1839	6.54693	6.50636	6.5804
11.227	6.55263	6.50875	6.5807
11.2703	6.54376	6.51086	6.57714
11.3138	6.54853	6.51274	6.5826
11.3575	6.54976	6.50734	6.57967
11.4013	6.54523	6.51016	6.57718
11.4453	6.54591	6.51057	6.58075
11.4894	6.54887	6.51505	6.58007
11.5337	6.55601	6.51029	6.58197
11.5782	6.54906	6.51477	6.57501
11.6229	6.55003	6.50943	6.58328
11.6677	6.54663	6.51222	6.58807
11.7127	6.5439	6.51345	6.58172
11.7579	6.5479	6.51283	6.58006
11.8032	6.5508	6.51423	6.58228
11.8487	6.54899	6.51282	6.5862
11.8944	6.55068	6.51456	6.58109
11.9403	6.55533	6.50885	6.58274
11.9863	6.55167	6.50932	6.58147
12.0325	6.54463	6.51478	6.58144
12.0789	6.54872	6.50962	6.57749
12.1255	6.54824	6.51118	6.58344
12.1722	6.54757	6.51615	6.58074
12.2191	6.54961	6.50943	6.58011
12.2662	6.55102	6.51477	6.57906
12.3135	6.54683	6.51535	6.57887
12.361	6.54467	6.5106	6.5753
12.4086	6.54829	6.5078	6.57838
12.4564	6.55256	6.51674	6.57881
12.5044	6.55139	6.51043	6.58152
12.5526	6.55134	6.51479	6.57575
12.601	6.54551	6.51032	6.57793
12.6495	6.55293	6.51457	6.57827
12.6983	6.5483	6.51169	6.58052
12.7472	6.55446	6.51634	6.57878
12.7963	6.55173	6.51094	6.57809
12.8456	6.55177	6.5079	6.57697
12.8951	6.54925	6.50834	6.57936
12.9447	6.54414	6.51163	6.57797
12.9946	6.55053	6.51054	6.57626
13.0447	6.54866	6.51288	6.5827
13.0949	6.55012	6.51252	6.5797
13.1453	6.54978	6.51013	6.58048
13.1959	6.55056	6.51225	6.58268
13.2468	6.54347	6.51072	6.57807
13.2978	6.55263	6.51636	6.58405
13.349	6.54978	6.51121	6.5808
13.4004	6.54824	6.50614	6.58722
13.452	6.55398	6.51344	6.58026
13.5038	6.54977	6.51142	6.58186
13.5558	6.55147	6.5097	6.58481
13.608	6.55258	6.51393	6.57967
13.6603	6.55577	6.51278	6.58511
13.7129	6.5574	6.511	6.58255
13.7657	6.5496	6.51229	6.58252
13.8187	6.55371	6.51714	6.58534
13.8719	6.54694	6.51368	6.57875
13.9253	6.55213	6.51566	6.58371
13.9789	6.55329	6.51658	6.58429
14.0327	6.54982	6.51573	6.58912
14.0867	6.55097	6.51682	6.58645
14.1409	6.55461	6.51994	6.58499
14.1953	6.54612	6.51266	6.58625
14.2499	6.55521	6.51743	6.58738
14.3047	6.55115	6.52015	6.58592
14.3598	6.5535	6.5218	6.58813
14.415	6.55624	6.51814	6.58752
14.4705	6.54938	6.51559	6.58465
14.5262	6.54993	6.51798	6.58463
14.582	6.5527	6.52081	6.58654
14.6381	6.55326	6.51707	6.58713
14.6944	6.55274	6.52283	6.58936
14.751	6.55373	6.51895	6.58122
14.8077	6.55173	6.51709	6.58412
14.8647	6.55629	6.51933	6.58508
14.9218	6.56101	6.51995	6.58116
14.9792	6.55884	6.51255	6.58443
15.0368	6.55343	6.51209	6.58291
15.0947	6.55262	6.51806	6.5853
15.1527	6.55977	6.51431	6.58554
15.211	6.56146	6.51555	6.5876
15.2695	6.55454	6.51765	6.58739
15.3282	6.55727	6.51458	6.58213
15.3871	6.5578	6.51438	6.57936
15.4463	6.55692	6.51722	6.58883
15.5056	6.55805	6.51489	6.58452
15.5653	6.55596	6.51457	6.58678
15.6251	6.55891	6.5152	6.58434
15.6852	6.55833	6.52092	6.58985
15.7455	6.55968	6.5103	6.58403
15.806	6.55405	6.51991	6.58667
15.8667	6.55422	6.51893	6.58935
15.9277	6.55168	6.51506	6.5882
15.9889	6.5552	6.51796	6.58805
16.0504	6.55909	6.51897	6.58653
16.1121	6.55426	6.51846	6.58513
16.174	6.55666	6.51853	6.58519
16.2362	6.55647	6.52118	6.58608
16.2986	6.5538	6.5201	6.58964
16.3612	6.55423	6.51844	6.58539
16.4241	6.55742	6.51036	6.58649
16.4872	6.55379	6.51834	6.5851
16.5505	6.55598	6.51805	6.5854
16.6141	6.5603	6.51536	6.58615
16.6779	6.55561	6.51546	6.5813
16.742	6.5529	6.51438	6.5882
16.8063	6.55593	6.51546	6.58419
16.8709	6.5543	6.51265	6.58118
16.9357	6.55448	6.51528	6.58537
17.0008	6.55932	6.51294	6.58527
17.0661	6.55836	6.51621	6.58502
17.1316	6.5556	6.51234	6.59025
17.1974	6.55447	6.51189	6.5853
17.2635	6.55583	6.51227	6.58751
17.3298	6.5529	6.51407	6.59071
17.3963	6.55219	6.51283	6.58636
17.4632	6.55708	6.51383	6.58767
17.5302	6.55418	6.51551	6.58404
17.5975	6.55517	6.51536	6.58778
17.6651	6.55667	6.51925	6.58733
17.733	6.55493	6.51968	6.58815
17.801	6.55786	6.52013	6.58664
17.8694	6.55603	6.51867	6.58871
17.938	6.55696	6.52276	6.58421
18.0069	6.55322	6.52213	6.58575
18.076	6.56303	6.51996	6.58662
18.1454	6.55296	6.52287	6.58782
18.2151	6.55907	6.51766	6.58596
18.285	6.56124	6.52218	6.59051
18.3552	6.55937	6.5173	6.58669
18.4257	6.55999	6.51664	6.58546
18.4964	6.56118	6.52502	6.58417
18.5674	6.55929	6.52356	6.58243
18.6387	6.55833	6.52386	6.58641
18.7102	6.56056	6.52018	6.58805
18.782	6.56087	6.52267	6.58625
18.8541	6.55757	6.52307	6.58517
18.9265	6.56103	6.51579	6.58664
18.9991	6.56173	6.52161	6.58611
19.072	6.56505	6.52435	6.58279
19.1452	6.56308	6.51759	6.58534
19.2187	6.55743	6.52115	6.58759
19.2924	6.55917	6.51987	6.58577
19.3665	6.56082	6.51681	6.58989
19.4408	6.55961	6.51889	6.58673
19.5154	6.5617	6.51914	6.58497
19.5903	6.55935	6.51815	6.58642
19.6654	6.55943	6.51743	6.58653
19.7409	6.55712	6.5195	6.58745
19.8166	6.55905	6.52208	6.58584
19.8926	6.56004	6.52275	6.58266
19.9689	6.5595	6.51844	6.58834
20.0455	6.55632	6.52467	6.58445
20.1224	6.56096	6.52059	6.58518
20.1996	6.56172	6.52139	6.58655
20.2771	6.56278	6.51654	6.58855
20.3549	6.56621	6.51699	6.58654
20.433	6.56292	6.51612	6.58969
20.5114	6.56222	6.51991	6.58864
20.59	6.56284	6.51837	6.59108
20.669	6.56756	6.51626	6.58555
20.7483	6.56302	6.51584	6.58697
20.8278	6.5641	6.51811	6.5891
20.9077	6.5626	6.51819	6.59173
20.9879	6.56029	6.51669	6.58849
21.0684	6.56281	6.5224	6.59221
21.1492	6.56014	6.5211	6.59218
21.2303	6.56541	6.51771	6.58996
21.3117	6.55793	6.51774	6.59072
21.3934	6.55931	6.52204	6.59125
21.4754	6.55906	6.52463	6.58944
21.5578	6.56056	6.5212	6.58657
21.6404	6.55626	6.52284	6.59293
21.7234	6.56797	6.52291	6.58971
21.8067	6.56079	6.52472	6.5884
21.8903	6.56514	6.52729	6.58862
21.9742	6.56119	6.52534	6.59009
22.0585	6.56558	6.52502	6.5882
22.143	6.56413	6.52238	6.58943
22.2279	6.56037	6.52533	6.59324
22.3131	6.56184	6.52577	6.58916
22.3986	6.5623	6.52662	6.59071
22.4845	6.56595	6.52088	6.59642
22.5707	6.56211	6.52244	6.59141
22.6572	6.5618	6.52559	6.59076
22.744	6.5648	6.52609	6.59316
22.8312	6.56244	6.52713	6.59104
22.9187	6.56298	6.52678	6.5907
23.0066	6.5661	6.52435	6.58962
23.0947	6.56644	6.52608	6.59392
23.1833	6.56599	6.52151	6.59435
23.2721	6.56698	6.52341	6.58859
23.3613	6.56357	6.52271	6.58399
23.4508	6.56381	6.52405	6.58672
23.5407	6.5649	6.52153	6.58822
23.6309	6.56618	6.52416	6.58429
23.7214	6.56584	6.51845	6.58738
23.8123	6.56546	6.52638	6.58978
23.9036	6.55976	6.52284	6.58706
23.9951	6.56331	6.52444	6.59002
24.0871	6.56001	6.52364	6.59044
24.1794	6.56161	6.52635	6.59119
24.272	6.56294	6.52505	6.59402
24.365	6.56227	6.52594	6.59021
24.4583	6.56537	6.52318	6.59279
24.552	6.56088	6.52212	6.59239
24.6461	6.56064	6.52688	6.59329
24.7405	6.56384	6.52726	6.59404
24.8353	6.56505	6.5207	6.59401
24.9304	6.56607	6.52674	6.59311
25.0259	6.56654	6.52467	6.59198
25.1218	6.5653	6.52412	6.5913
25.218	6.56543	6.52377	6.59295
25.3146	6.56337	6.52369	6.59374
25.4116	6.56236	6.52744	6.5931
25.5089	6.56568	6.52445	6.5963
25.6066	6.56747	6.52607	6.59182
25.7047	6.5666	6.52445	6.59309
25.8031	6.56824	6.52305	6.58943
25.9019	6.57248	6.52744	6.59387
26.0011	6.57235	6.52557	6.5912
26.1007	6.57211	6.52693	6.58934
26.2007	6.57231	6.52581	6.59389
26.301	6.56935	6.52643	6.59439
26.4017	6.56509	6.52616	6.59276
26.5028	6.56398	6.52378	6.59305
26.6043	6.56622	6.52344	6.59675
26.7062	6.56463	6.52827	6.5928
26.8084	6.56312	6.52936	6.59237
26.9111	6.56471	6.52785	6.5902
27.0141	6.56456	6.5333	6.59096
27.1176	6.56819	6.52846	6.59113
27.2214	6.56845	6.5281	6.59109
27.3256	6.56835	6.52537	6.59194
27.4302	6.56908	6.52333	6.58849
27.5352	6.5674	6.52482	6.58576
27.6407	6.57247	6.52581	6.5871
27.7465	6.56945	6.5205	6.59016
27.8527	6.57066	6.52702	6.59113
27.9593	6.57148	6.52411	6.59491
28.0664	6.56857	6.52634	6.59412
28.1738	6.56886	6.52567	6.5961
28.2816	6.5638	6.52503	6.59391
28.3899	6.56265	6.52861	6.59557
28.4986	6.56584	6.52925	6.59643
28.6077	6.57178	6.52592	6.59751
28.7172	6.56883	6.52612	6.59869
28.8271	6.57088	6.52683	6.5965
28.9374	6.57259	6.52733	6.59532
29.0482	6.57361	6.52738	6.5924
29.1593	6.5726	6.52498	6.59285
29.2709	6.56966	6.52837	6.59372
29.383	6.56937	6.52732	6.59677
29.4954	6.56808	6.52875	6.59595
29.6083	6.56798	6.52846	6.59872
29.7216	6.56997	6.52827	6.59845
29.8354	6.57298	6.52465	6.59583
29.9495	6.57182	6.52988	6.5957
30.0641	6.57408	6.52723	6.59674
30.1792	6.57068	6.52776	6.59227
30.2947	6.56898	6.52932	6.59378
30.4106	6.57041	6.52662	6.59399
30.527	6.56918	6.5237	6.59358
30.6438	6.5693	6.52696	6.59289
30.761	6.57284	6.52496	6.59197
30.8787	6.56944	6.52504	6.59059
30.9969	6.57294	6.52509	6.59378
31.1155	6.56979	6.5249	6.59625
31.2345	6.5686	6.52702	6.59357
31.354	6.56647	6.52578	6.5949
31.474	6.56637	6.5281	6.59274
31.5944	6.56854	6.52546	6.59332
31.7153	6.56876	6.52757	6.59443
31.8366	6.56748	6.52231	6.59646
31.9584	6.57034	6.5228	6.59807
32.0806	6.56987	6.52796	6.59853
32.2034	6.57313	6.52727	6.5958
32.3266	6.57052	6.5303	6.59593
32.4502	6.56989	6.53194	6.59486
32.5743	6.57242	6.53003	6.59544
32.699	6.57444	6.5318	6.59723
32.824	6.57677	6.528	6.59639
32.9496	6.57197	6.53021	6.59516
33.0756	6.57529	6.53049	6.59742
33.2021	6.57286	6.52889	6.59788
33.3291	6.57486	6.52982	6.59593
33.4566	6.57305	6.52643	6.5965
33.5846	6.57271	6.52904	6.59423
33.713	6.57327	6.53156	6.59835
33.842	6.57372	6.52748	6.59616
33.9714	6.57071	6.52909	6.59622
34.1013	6.5738	6.52925	6.59581
34.2317	6.57443	6.53018	6.59562
34.3626	6.57281	6.52806	6.5926
34.4941	6.57416	6.52907	6.59462
34.626	6.57688	6.52665	6.59238
34.7584	6.57447	6.52798	6.59248
34.8913	6.57303	6.52993	6.59761
35.0247	6.5705	6.52801	6.59432
35.1587	6.56924	6.53036	6.59725
35.2931	6.57132	6.52898	6.59549
35.4281	6.57304	6.53056	6.59561
35.5635	6.57109	6.52576	6.59851
35.6995	6.57288	6.52919	6.59656
35.836	6.57757	6.53256	6.59755
35.973	6.57334	6.53203	6.59732
36.1106	6.5775	6.53083	6.59559
36.2487	6.57627	6.53372	6.59746
36.3873	6.57645	6.52915	6.59618
36.5264	6.57702	6.53217	6.59524
36.666	6.57857	6.53547	6.59533
36.8062	6.57846	6.53166	6.59486
36.9469	6.57671	6.53229	6.59763
37.0882	6.5756	6.53289	6.59631
37.23	6.57585	6.5335	6.59736
37.3723	6.57798	6.5314	6.59481
37.5152	6.57688	6.53074	6.59462
37.6586	6.57687	6.53325	6.60075
37.8026	6.5747	6.53021	6.59822
37.9471	6.57549	6.52874	6.59867
38.0921	6.5767	6.53135	6.59944
38.2378	6.57432	6.53438	6.59824
38.3839	6.5727	6.53313	6.59558
38.5306	6.5734	6.52992	6.59552
38.6779	6.57358	6.53157	6.59594
38.8258	6.57435	6.52991	6.59588
38.9742	6.5756	6.53088	6.59678
39.1231	6.57463	6.52992	6.59942
39.2727	6.5775	6.53098	6.59671
39.4228	6.57529	6.53356	6.5985
39.5735	6.5773	6.53209	6.59708
39.7247	6.57604	6.52918	6.59654
39.8766	6.57945	6.53198	6.60059
40.029	6.57935	6.53218	6.59933
40.182	6.57817	6.53266	6.60049
40.3355	6.57687	6.5292	6.60025
40.4897	6.57892	6.53673	6.6028
40.6444	6.57904	6.53456	6.59881
40.7998	6.57756	6.53423	6.59713
40.9557	6.57855	6.53476	6.5993
41.1122	6.57695	6.53414	6.59554
41.2693	6.57561	6.53572	6.59603
41.427	6.57743	6.53304	6.59822
41.5853	6.57918	6.53392	6.59702
41.7443	6.57821	6.53424	6.59485
41.9038	6.58259	6.53406	6.59874
42.0639	6.57877	6.53311	6.6024
42.2246	6.57582	6.53415	6.60149
42.386	6.57753	6.53639	6.59993
42.548	6.57669	6.53154	6.59955
42.7105	6.57965	6.5309	6.60097
42.8737	6.5791	6.53044	6.60016
43.0376	6.57749	6.53284	6.60005
43.202	6.57833	6.53339	6.60167
43.3671	6.57971	6.5339	6.60261
43.5328	6.57988	6.53173	6.60653
43.6991	6.57997	6.53416	6.60417
43.8661	6.57766	6.53278	6.60084
44.0337	6.57919	6.53232	6.60028
44.2019	6.57941	6.53545	6.60225
44.3708	6.57738	6.53321	6.60087
44.5403	6.5762	6.53618	6.60248
44.7105	6.57806	6.53233	6.59889
44.8813	6.57946	6.53292	6.59898
45.0527	6.5753	6.53519	6.59854
45.2249	6.57709	6.53619	6.60089
45.3976	6.57777	6.53475	6.60221
45.5711	6.57843	6.53409	6.60349
45.7452	6.57694	6.53281	6.60448
45.9199	6.57885	6.53422	6.60468
46.0953	6.57793	6.53372	6.60119
46.2714	6.58032	6.53365	6.60308
46.4482	6.57785	6.53706	6.60567
46.6256	6.57938	6.53464	6.60099
46.8037	6.58147	6.53425	6.60417
46.9825	6.58327	6.53685	6.60266
47.162	6.57918	6.53529	6.60217
47.3421	6.57877	6.53613	6.60595
47.5229	6.57863	6.53808	6.59985
47.7045	6.58024	6.53735	6.60212
47.8867	6.57863	6.53758	6.59947
48.0696	6.57775	6.53678	6.60227
48.2532	6.58063	6.53404	6.59937
48.4375	6.57884	6.533	6.60144
48.6225	6.58111	6.53596	6.60053
48.8082	6.57972	6.53469	6.60343
48.9946	6.58186	6.53543	6.59987
49.1818	6.5813	6.53439	6.60273
49.3696	6.57906	6.53234	6.60218
49.5582	6.57995	6.53244	6.60086
49.7474	6.58242	6.53535	6.59941
49.9374	6.5817	6.53401	6.60267
50.1281	6.58454	6.53671	6.60122
50.3196	6.5836	6.53413	6.60152
50.5117	6.58098	6.53444	6.60259
50.7047	6.5821	6.53714	6.60349
50.8983	6.58184	6.53614	6.60206
51.0927	6.579	6.53416	6.60233
51.2878	6.58313	6.53571	6.60158
51.4837	6.58371	6.53463	6.60182
51.6802	6.58203	6.53581	6.60072
51.8776	6.58327	6.53663	6.60049
52.0757	6.5805	6.53355	6.60206
52.2746	6.57866	6.53685	6.60126
52.4742	6.57967	6.5341	6.59874
52.6746	6.57881	6.53301	6.60234
52.8757	6.58212	6.53315	6.60141
53.0776	6.58422	6.53556	6.60362
53.2803	6.58258	6.53397	6.6053
53.4837	6.58729	6.53574	6.60425
53.688	6.58349	6.5359	6.6069
53.8929	6.58342	6.53621	6.60412
54.0987	6.58587	6.53942	6.60425
54.3053	6.58404	6.53609	6.60627
54.5126	6.58489	6.5363	6.60457
54.7208	6.58125	6.53738	6.60134
54.9297	6.58167	6.53762	6.6036
55.1394	6.58292	6.53859	6.6044
55.3499	6.58652	6.5379	6.60249
55.5613	6.5876	6.53756	6.59762
55.7734	6.58664	6.536	6.60002
55.9864	6.58339	6.53715	6.60229
56.2001	6.58294	6.53492	6.60477
56.4147	6.58208	6.53331	6.6033
56.63	6.58438	6.53399	6.60427
56.8462	6.58616	6.5361	6.60614
57.0633	6.58158	6.53544	6.60858
57.2811	6.58425	6.53562	6.60407
57.4998	6.58355	6.53688	6.60358
57.7193	6.58586	6.53825	6.6024
57.9397	6.58006	6.53976	6.60379
58.1608	6.58131	6.53872	6.60214
58.3829	6.58353	6.53567	6.60235
58.6057	6.58361	6.53755	6.60557
58.8295	6.58554	6.53728	6.60198
59.054	6.58227	6.53647	6.59952
59.2795	6.58278	6.53441	6.60101
59.5058	6.58268	6.53539	6.60103
59.7329	6.58551	6.53397	6.60133
59.9609	6.58371	6.53495	6.60209
60.1898	6.58578	6.53695	6.60296
60.4196	6.58681	6.53909	6.60398
60.6502	6.58601	6.54064	6.60604
60.8817	6.58521	6.54126	6.60177
61.1141	6.58617	6.53607	6.60473
61.3474	6.58384	6.53784	6.60533
61.5815	6.58368	6.53713	6.60145
61.8166	6.58368	6.53767	6.60589
62.0525	6.58394	6.53848	6.60138
62.2894	6.58348	6.53914	6.60135
62.5271	6.58366	6.53727	6.60275
62.7658	6.58362	6.54008	6.60033
63.0053	6.58054	6.5383	6.60185
63.2458	6.5844	6.53686	6.60367
63.4872	6.5831	6.53791	6.60299
63.7295	6.58572	6.53906	6.60552
63.9728	6.58586	6.53744	6.60675
64.2169	6.5854	6.53748	6.60685
64.462	6.58299	6.53511	6.60545
64.708	6.58452	6.53836	6.60495
64.955	6.58424	6.53947	6.6057
65.2029	6.58399	6.53467	6.6068
65.4517	6.58241	6.53669	6.60796
65.7015	6.58219	6.53848	6.60537
65.9523	6.5819	6.53359	6.60364
66.2039	6.58004	6.53573	6.60081
66.4566	6.5811	6.53726	6.60036
66.7102	6.58036	6.53332	6.60354
66.9648	6.58339	6.53439	6.60641
67.2204	6.58489	6.53684	6.60572
67.4769	6.58868	6.53764	6.60536
67.7344	6.5894	6.53891	6.60318
67.9929	6.58757	6.5389	6.6033
68.2523	6.58672	6.53755	6.60459
68.5128	6.58481	6.53742	6.60537
68.7742	6.5859	6.53665	6.60404
69.0367	6.5868	6.53689	6.60566
69.3001	6.58726	6.53765	6.60421
69.5646	6.58959	6.53757	6.60307
69.83	6.58871	6.53708	6.60501
70.0965	6.58436	6.53588	6.6031
70.364	6.58685	6.53455	6.60292
70.6324	6.58712	6.53405	6.60399
70.902	6.58793	6.53724	6.60606
71.1725	6.58865	6.53889	6.60558
71.4441	6.58549	6.53699	6.60511
71.7167	6.58501	6.5388	6.60505
71.9903	6.58648	6.53685	6.60295
72.265	6.58504	6.5361	6.60395
72.5407	6.58617	6.53746	6.60413
72.8175	6.58608	6.53636	6.60483
73.0954	6.58505	6.54183	6.60081
73.3743	6.58275	6.5382	6.60279
73.6542	6.58436	6.53642	6.60505
73.9352	6.58719	6.53385	6.60439
74.2173	6.58628	6.53709	6.60362
74.5005	6.58776	6.53851	6.60484
74.7848	6.59089	6.53848	6.60069
75.0701	6.5888	6.53793	6.60424
75.3565	6.5846	6.5363	6.60252
75.644	6.58668	6.53389	6.60499
75.9326	6.58467	6.53594	6.60429
76.2223	6.58643	6.53687	6.60252
76.5131	6.58506	6.53766	6.60139
76.805	6.58598	6.5378	6.60381
77.098	6.58625	6.53584	6.60416
77.3922	6.58453	6.53516	6.60343
77.6874	6.58711	6.53713	6.60694
77.9838	6.58691	6.53639	6.60574
78.2813	6.58853	6.53779	6.60484
78.5799	6.58627	6.53739	6.60457
78.8797	6.58578	6.53664	6.6015
79.1806	6.584	6.53566	6.60767
79.4827	6.58522	6.53279	6.60555
79.7859	6.58526	6.53551	6.60418
80.0903	6.58389	6.53629	6.60383
80.3958	6.5825	6.53582	6.60241
80.7025	6.58399	6.53674	6.60507
81.0104	6.58611	6.53975	6.60319
81.3194	6.58957	6.53925	6.60533
81.6296	6.58866	6.53917	6.60265
81.941	6.59029	6.53703	6.60544
82.2536	6.58621	6.53711	6.6024
82.5674	6.58607	6.53659	6.60367
82.8823	6.58537	6.53728	6.60527
83.1985	6.58712	6.53604	6.60261
83.5158	6.58589	6.53624	6.60382
83.8344	6.58605	6.53437	6.6041
84.1542	6.58399	6.53648	6.60355
84.4752	6.58502	6.53979	6.60627
84.7974	6.58722	6.53778	6.60652
85.1209	6.58812	6.53771	6.6039
85.4456	6.58912	6.53699	6.60364
85.7715	6.58974	6.53495	6.60444
86.0986	6.58904	6.53938	6.60424
86.4271	6.58967	6.53911	6.6042
86.7567	6.58878	6.5387	6.60299
87.0876	6.58532	6.53971	6.60144
87.4198	6.58244	6.53731	6.60376
87.7533	6.58411	6.53575	6.60113
88.088	6.58792	6.53845	6.60573
88.4239	6.59311	6.53773	6.60381
88.7612	6.58962	6.53889	6.60185
89.0997	6.58912	6.53658	6.5991
89.4396	6.58895	6.53684	6.60262
89.7807	6.5897	6.53668	6.60308
90.1231	6.58898	6.53642	6.60294
90.4669	6.58856	6.5364	6.60204
90.8119	6.58775	6.53426	6.59976
91.1583	6.58683	6.53629	6.60238
91.5059	6.58881	6.5377	6.60382
91.8549	6.58848	6.53564	6.60415
92.2053	6.58754	6.53912	6.60266
92.5569	6.59119	6.53807	6.60275
92.9099	6.58916	6.53703	6.60228
93.2643	6.58938	6.53451	6.60133
93.6199	6.58753	6.53698	6.60051
93.977	6.58663	6.5372	6.59917
94.3354	6.58395	6.53614	6.60239
94.6952	6.58657	6.535	6.60474
95.0563	6.58866	6.53607	6.60382
95.4188	6.58639	6.53863	6.60597
95.7827	6.58689	6.53727	6.60487
96.148	6.5892	6.53648	6.59992
96.5147	6.58628	6.53864	6.60212
96.8827	6.58617	6.53739	6.60417
97.2522	6.58641	6.53496	6.60387
97.6231	6.58687	6.53348	6.60051
97.9954	6.58654	6.53522	6.59978
98.3691	6.58599	6.53574	6.60242
98.7442	6.59065	6.53531	6.60149
99.1208	6.59028	6.53907	6.60331
99.4988	6.58958	6.53609	6.60121
99.8782	6.58633	6.53519	6.60078
100.259	6.5898	6.53577	6.60065
100.641	6.59108	6.53439	6.60293
101.025	6.58894	6.53793	6.60009
101.41	6.58575	6.53578	6.59939
101.797	6.58632	6.53596	6.60233
102.185	6.58974	6.53593	6.60361
102.575	6.58967	6.53698	6.60116
102.966	6.59077	6.53425	6.60013
103.359	6.59036	6.53523	6.6004
103.753	6.5872	6.53613	6.60214
104.148	6.58946	6.53614	6.60045
104.546	6.58916	6.53342	6.59938
104.944	6.58854	6.53354	6.60255
105.344	6.589	6.53568	6.60092
105.746	6.58893	6.53751	6.60077
106.149	6.58834	6.53757	6.60241
106.554	6.58826	6.53568	6.59859
106.96	6.58824	6.53529	6.59959
107.368	6.58779	6.5337	6.60029
107.778	6.5872	6.53546	6.60143
108.189	6.58486	6.53131	6.5982
108.601	6.58672	6.53302	6.60004
109.015	6.58804	6.53543	6.60253
109.431	6.58739	6.5364	6.59984
109.848	6.58795	6.53616	6.59724
110.267	6.58794	6.53566	6.59895
110.687	6.58671	6.53561	6.60194
111.109	6.58657	6.53716	6.60012
111.533	6.58418	6.53604	6.59903
111.958	6.58491	6.53531	6.60198
112.385	6.58779	6.53421	6.59792
112.814	6.59131	6.53578	6.59919
113.244	6.58978	6.53491	6.60016
113.676	6.58611	6.53307	6.59992
114.109	6.5873	6.53295	6.60162
114.544	6.58798	6.53727	6.60114
114.981	6.58635	6.53515	6.60006
115.419	6.58304	6.53174	6.6004
115.859	6.58737	6.53525	6.6018
116.301	6.59042	6.53344	6.59821
116.744	6.59015	6.53358	6.60141
117.189	6.58836	6.53303	6.59985
117.636	6.58733	6.53387	6.59921
118.085	6.58795	6.53098	6.59813
118.535	6.58783	6.53116	6.60009
118.987	6.58415	6.53396	6.60217
119.44	6.58709	6.5337	6.59879
119.896	6.5877	6.53629	6.60134
120.353	6.58744	6.53407	6.5972
120.812	6.58496	6.53243	6.5986
121.272	6.58745	6.53279	6.59801
121.735	6.58637	6.5348	6.5976
122.199	6.58397	6.53174	6.59967
122.665	6.58672	6.53286	6.59769
123.132	6.5869	6.53616	6.60024
123.602	6.5877	6.53469	6.60014
124.073	6.58455	6.53335	6.59679
124.546	6.5854	6.53306	6.59797
125.021	6.58488	6.53102	6.59872
125.497	6.58408	6.5313	6.59836
125.976	6.58581	6.53287	6.59871
126.456	6.58555	6.53335	6.59954
126.938	6.5882	6.5342	6.59797
127.422	6.58572	6.53175	6.59758
127.908	6.58405	6.53244	6.59624
128.395	6.58681	6.53306	6.59482
128.885	6.58447	6.53304	6.59472
129.376	6.5836	6.53066	6.59834
129.869	6.58542	6.53527	6.59636
130.364	6.5879	6.5334	6.59524
130.861	6.58826	6.53346	6.59656
131.36	6.58649	6.53214	6.59489
131.861	6.58525	6.53176	6.59432
132.364	6.5875	6.53034	6.59701
132.868	6.58458	6.53148	6.59733
133.375	6.58617	6.53339	6.59673
133.883	6.58706	6.53627	6.5944
134.393	6.58994	6.53283	6.59278
134.906	6.58658	6.53048	6.5932
135.42	6.58803	6.53325	6.59518
135.936	6.58848	6.52881	6.59646
136.454	6.58428	6.52989	6.59819
136.975	6.58695	6.53303	6.59676
137.497	6.58766	6.53107	6.59292
138.021	6.58889	6.53146	6.59357
138.547	6.58652	6.53184	6.59379
139.075	6.58655	6.53008	6.59358
139.605	6.58403	6.53075	6.59558
140.137	6.58625	6.53145	6.59567
140.671	6.58279	6.53395	6.59318
141.208	6.58463	6.53262	6.59603
141.746	6.58727	6.53123	6.59444
142.286	6.58724	6.53405	6.59208
142.829	6.58535	6.5294	6.59602
143.373	6.5851	6.53138	6.59463
143.919	6.58299	6.53239	6.59431
144.468	6.58322	6.53063	6.59325
145.019	6.58564	6.53118	6.58922
145.571	6.58773	6.53031	6.59054
146.126	6.58599	6.53006	6.59417
146.683	6.58632	6.52858	6.59589
147.242	6.58656	6.53131	6.5939
147.804	6.58482	6.53233	6.59357
148.367	6.58355	6.5306	6.59327
148.932	6.58463	6.53332	6.5913
149.5	6.58535	6.53128	6.59309
150.07	6.58582	6.52731	6.59213
150.642	6.58521	6.53015	6.59139
151.216	6.58258	6.53237	6.59018
151.792	6.58414	6.52976	6.59041
152.371	6.58629	6.53062	6.59122
152.952	6.58586	6.53049	6.59194
153.535	6.58701	6.52817	6.59334
154.12	6.58655	6.52889	6.59156
154.707	6.58544	6.53137	6.58922
155.297	6.58382	6.5297	6.59204
155.889	6.58467	6.5318	6.58827
156.483	6.58574	6.52957	6.58953
157.079	6.58713	6.52881	6.59247
157.678	6.58579	6.52925	6.59175
158.279	6.58328	6.53127	6.59016
158.882	6.58003	6.53048	6.58926
159.488	6.58305	6.52931	6.58607
160.096	6.58399	6.53077	6.58973
160.706	6.58297	6.52776	6.59115
161.318	6.58193	6.52965	6.59203
161.933	6.58214	6.52955	6.58924
162.55	6.58331	6.52872	6.58817
163.17	6.58552	6.52991	6.58615
163.792	6.58415	6.52697	6.58912
164.416	6.58412	6.5279	6.59277
165.043	6.58391	6.53007	6.59172
165.672	6.57982	6.53012	6.58925
166.303	6.58409	6.52981	6.5882
166.937	6.58515	6.53	6.5894
167.573	6.58251	6.52678	6.58883
168.212	6.58251	6.53027	6.59069
168.853	6.58072	6.52902	6.58852
169.496	6.58092	6.52766	6.59098
170.142	6.58272	6.52667	6.5887
170.791	6.58268	6.52711	6.58855
171.441	6.58222	6.52584	6.58972
172.095	6.58255	6.52834	6.58901
172.751	6.5806	6.52506	6.58849
173.409	6.58173	6.52718	6.58545
174.07	6.58209	6.52574	6.5863
174.733	6.58079	6.5243	6.58786
175.399	6.58088	6.5254	6.5876
176.068	6.57875	6.52608	6.58724
176.739	6.58205	6.5251	6.588
177.412	6.58145	6.524	6.58651
178.088	6.58082	6.52391	6.58826
178.767	6.58091	6.52747	6.58805
179.448	6.57903	6.52807	6.5879
180.132	6.57998	6.52523	6.58584
180.818	6.58174	6.52347	6.58672
181.507	6.57973	6.52117	6.58784
182.199	6.57978	6.5261	6.58906
182.893	6.57905	6.52604	6.58778
183.59	6.58109	6.52488	6.59033
184.29	6.58171	6.52638	6.58556
184.992	6.58074	6.52282	6.58598
185.697	6.58184	6.52317	6.58713
186.405	6.57856	6.52274	6.5871
187.115	6.57947	6.52339	6.58583
187.828	6.57947	6.52228	6.58595
188.544	6.57752	6.52194	6.58552
189.263	6.57925	6.52383	6.58554
189.984	6.57755	6.52594	6.58596
190.708	6.58143	6.52048	6.5849
191.435	6.57981	6.52242	6.58547
192.164	6.57868	6.52264	6.58726
192.896	6.57966	6.52362	6.58791
193.631	6.57767	6.52213	6.58724
194.369	6.57927	6.52059	6.58701
195.11	6.57722	6.51856	6.58164
195.853	6.57781	6.52034	6.58258
196.6	6.57565	6.52255	6.58354
197.349	6.57897	6.52243	6.58636
198.101	6.57833	6.52231	6.58481
198.856	6.57698	6.52028	6.58251
199.613	6.57799	6.52141	6.58325
200.374	6.57724	6.52227	6.58269
201.138	6.5781	6.52216	6.5847
201.904	6.57721	6.52192	6.58177
202.673	6.57549	6.5203	6.58457
203.446	6.57802	6.52308	6.58161
204.221	6.57697	6.52365	6.58456
204.999	6.57643	6.52242	6.58312
205.78	6.57606	6.51872	6.5826
206.564	6.57367	6.52038	6.58191
207.352	6.57513	6.52083	6.58121
208.142	6.57731	6.52129	6.58135
208.935	6.57738	6.51964	6.57998
209.731	6.57629	6.5193	6.58353
210.53	6.5756	6.52115	6.58165
211.332	6.57665	6.51873	6.58272
212.137	6.57611	6.52088	6.57977
212.946	6.57676	6.51837	6.58021
213.757	6.5724	6.52102	6.5795
214.572	6.57568	6.51984	6.58151
215.389	6.57675	6.52189	6.58217
216.21	6.57213	6.52148	6.58081
217.034	6.5752	6.52127	6.5805
217.861	6.57589	6.52137	6.57905
218.691	6.57533	6.52045	6.58136
219.524	6.57317	6.52126	6.57929
220.361	6.57298	6.52084	6.58017
221.2	6.57301	6.51929	6.57982
222.043	6.57677	6.51936	6.58033
222.889	6.57287	6.52096	6.57856
223.738	6.57478	6.52066	6.57909
224.591	6.57191	6.51853	6.57871
225.447	6.57487	6.51647	6.57761
226.306	6.57318	6.51486	6.57654
227.168	6.57404	6.5173	6.57674
228.033	6.57318	6.51929	6.57763
228.902	6.5739	6.51697	6.57708
229.774	6.57277	6.51561	6.57621
230.65	6.57278	6.51489	6.57885
231.529	6.57142	6.51761	6.57893
232.411	6.57355	6.51593	6.5757
233.296	6.57219	6.51549	6.57808
234.185	6.57096	6.51686	6.57678
235.078	6.56893	6.51524	6.57768
235.973	6.57447	6.51483	6.57717
236.872	6.57185	6.51601	6.57614
237.775	6.57175	6.51553	6.57693
238.681	6.56982	6.51467	6.57536
239.59	6.57282	6.5137	6.57491
240.503	6.5712	6.51293	6.57675
241.419	6.56938	6.51472	6.57479
242.339	6.57088	6.51455	6.57501
243.263	6.57089	6.51271	6.57311
244.189	6.5693	6.51516	6.57559
245.12	6.56872	6.51661	6.57571
246.054	6.57237	6.51622	6.57337
246.991	6.57006	6.51445	6.57303
247.932	6.56843	6.51447	6.57423
248.877	6.56622	6.5153	6.57365
249.825	6.57154	6.5152	6.57285
250.777	6.5678	6.51309	6.57261
251.732	6.56928	6.51113	6.57245
252.691	6.56814	6.51417	6.57517
253.654	6.56794	6.5107	6.57339
254.62	6.56886	6.51073	6.5727
255.591	6.56599	6.514	6.57379
256.564	6.56926	6.51162	6.57236
257.542	6.56672	6.51157	6.57082
258.523	6.56783	6.51063	6.57274
259.508	6.56773	6.51291	6.57421
260.497	6.56744	6.51261	6.57265
261.489	6.5659	6.50887	6.56917
262.485	6.56593	6.51111	6.57077
263.485	6.56826	6.51017	6.5705
264.489	6.56677	6.50872	6.56807
265.497	6.56608	6.50933	6.57095
266.508	6.56592	6.51022	6.57017
267.524	6.56758	6.51058	6.56871
268.543	6.5651	6.50889	6.57019
269.566	6.56479	6.51156	6.56946
270.593	6.56821	6.5103	6.57067
271.624	6.56655	6.5078	6.56902
272.659	6.56395	6.50795	6.56642
273.698	6.56464	6.50846	6.56982
274.74	6.56373	6.50754	6.56631
275.787	6.56284	6.50668	6.56606
276.838	6.56533	6.50778	6.56664
277.892	6.56503	6.5074	6.56744
278.951	6.56304	6.50473	6.56497
280.014	6.56226	6.50703	6.56434
281.081	6.5659	6.50792	6.56745
282.151	6.56255	6.50677	6.56431
283.226	6.56182	6.50747	6.56279
284.305	6.56384	6.50633	6.5681
285.388	6.56473	6.50453	6.5643
286.476	6.56327	6.5057	6.56126
287.567	6.56343	6.50648	6.56499
288.663	6.56174	6.50439	6.56541
289.762	6.55964	6.5039	6.56235
290.866	6.56344	6.50363	6.56359
291.974	6.56242	6.50245	6.56371
293.087	6.56075	6.50277	6.56334
294.203	6.56118	6.50503	6.56477
295.324	6.56085	6.50391	6.56445
296.449	6.55965	6.50165	6.56214
297.578	6.5594	6.50227	6.56348
298.712	6.56019	6.50111	6.5642
300	6.55896	6.50168	6.56323