0.000575	8.80103	8.52531	8.53288
0.00115	8.89508	8.57117	8.47722
0.001725	8.91327	8.61148	8.44301
0.0023	8.92489	8.63981	8.58121
0.002875	8.85299	8.61687	8.54202
0.0034625	8.82874	8.58049	8.47229
0.00405	8.83897	8.53698	8.50786
0.004625	8.83433	8.46456	8.47693
0.005225	8.81978	8.53369	8.36521
0.0058125	8.84347	8.54761	8.43898
0.0064	8.87502	8.64304	8.48252
0.007	8.82088	8.53707	8.3913
0.0076	8.81125	8.53432	8.39876
0.0082	8.80659	8.55152	8.45818
0.0088	8.83904	8.54298	8.36973
0.0094	8.82096	8.49797	8.42313
0.0100125	8.83137	8.57785	8.46647
0.010625	8.75498	8.53831	8.41875
0.0112375	8.79856	8.57143	8.48101
0.01185	8.78162	8.49181	8.40672
0.0124625	8.78688	8.45553	8.46288
0.013075	8.80145	8.51086	8.41572
0.0137	8.72881	8.48913	8.42652
0.014325	8.71661	8.53433	8.4526
0.01495	8.79585	8.47954	8.40737
0.015575	8.77149	8.53831	8.39029
0.0162125	8.69868	8.47614	8.37949
0.0168375	8.71781	8.52881	8.42434
0.017475	8.67406	8.45242	8.40801
0.0181125	8.76095	8.47517	8.41886
0.01875	8.72453	8.50013	8.39667
0.0194	8.71244	8.4798	8.37689
0.0200375	8.72858	8.44151	8.39591
0.0206875	8.70357	8.49247	8.45814
0.0213375	8.70003	8.43793	8.31813
0.0219875	8.69258	8.42802	8.37332
0.02265	8.65047	8.43429	8.32615
0.0233	8.68147	8.44693	8.34192
0.0239625	8.61825	8.45008	8.31393
0.024625	8.64852	8.45762	8.30152
0.0252875	8.69313	8.42938	8.34131
0.0259625	8.71549	8.4413	8.28556
0.026625	8.66284	8.42887	8.32158
0.0273	8.66123	8.42963	8.28932
0.027975	8.69177	8.38131	8.3536
0.02865	8.6647	8.37948	8.35335
0.0293375	8.64013	8.37548	8.30221
0.0300125	8.67436	8.41996	8.30449
0.0307	8.66013	8.43279	8.29071
0.0313875	8.62978	8.3811	8.32737
0.0320875	8.64346	8.4085	8.28724
0.032775	8.63585	8.37356	8.25323
0.033475	8.64399	8.38068	8.24219
0.034175	8.59884	8.38858	8.25588
0.034875	8.67142	8.31463	8.32216
0.035575	8.59663	8.35605	8.24777
0.0362875	8.56306	8.30987	8.26245
0.0369875	8.603	8.3393	8.26915
0.0377	8.57099	8.34084	8.2596
0.0384125	8.61674	8.35202	8.20154
0.0391375	8.59724	8.32576	8.26673
0.03985	8.59038	8.31324	8.29923
0.040575	8.54413	8.31824	8.15553
0.0413	8.61068	8.30312	8.2078
0.0420375	8.58521	8.2817	8.19604
0.0427625	8.54302	8.23745	8.21255
0.0435	8.53921	8.27579	8.16978
0.0442375	8.58384	8.2939	8.15707
0.044975	8.46932	8.30682	8.20115
0.0457125	8.58049	8.28566	8.14836
0.0464625	8.5636	8.2449	8.16419
0.0472125	8.55116	8.27666	8.21589
0.0479625	8.55953	8.28143	8.12416
0.0487125	8.56827	8.25866	8.16947
0.049475	8.54698	8.26936	8.18481
0.050225	8.5204	8.2627	8.22666
0.0509875	8.50411	8.2537	8.17713
0.0517625	8.48867	8.22942	8.12969
0.052525	8.50622	8.26478	8.13083
0.0533	8.5286	8.22926	8.15657
0.054075	8.52189	8.26688	8.15809
0.05485	8.52495	8.26284	8.15455
0.055625	8.51009	8.19159	8.14669
0.0564125	8.48068	8.25517	8.10493
0.0572	8.47781	8.20554	8.10206
0.0579875	8.47935	8.26965	8.08716
0.058775	8.52971	8.23193	8.06732
0.059575	8.4977	8.25101	8.12854
0.060375	8.50348	8.20726	8.10294
0.061175	8.52488	8.1955	8.09668
0.061975	8.45797	8.21788	8.11474
0.0627875	8.53393	8.21671	8.09883
0.0636	8.45433	8.23223	8.09543
0.0644125	8.43851	8.21788	8.05988
0.065225	8.4509	8.13689	8.08829
0.0660375	8.45904	8.20047	8.0854
0.0668625	8.48989	8.15917	8.11736
0.0676875	8.48142	8.19088	8.11273
0.068525	8.44411	8.22689	8.03654
0.06935	8.44632	8.12906	8.07313
0.0701875	8.40591	8.16578	8.05166
0.071025	8.4194	8.13476	8.10584
0.0718625	8.45402	8.18732	8.075
0.0727125	8.42775	8.15361	8.06538
0.0735625	8.42694	8.14408	8.08386
0.0744125	8.42624	8.15824	8.08008
0.0752625	8.41026	8.13911	8.06396
0.076125	8.39331	8.18231	8.08638
0.0769875	8.40818	8.14837	8.00337
0.07785	8.4142	8.09739	7.96763
0.0787125	8.42311	8.13682	8.02481
0.0795875	8.41484	8.11057	7.99479
0.0804625	8.41946	8.168	8.02246
0.0813375	8.40512	8.08303	8.001
0.082225	8.41204	8.08731	8.01285
0.0831	8.41708	8.10962	7.97107
0.0839875	8.35411	8.09008	8.02503
0.0848875	8.36681	8.10723	8.00717
0.085775	8.36958	8.10301	8.02532
0.086675	8.41147	8.12736	8.03385
0.087575	8.3605	8.05989	7.943
0.088475	8.32868	8.06995	7.9829
0.0893875	8.34263	8.08894	7.96957
0.0903	8.32456	8.10282	7.96783
0.0912125	8.41848	8.11651	7.97773
0.0921375	8.31067	8.10273	7.92597
0.09305	8.38015	8.04575	7.94589
0.0939875	8.3416	8.07209	7.93437
0.0949125	8.35355	8.09412	7.94697
0.0958375	8.30856	8.04736	7.93698
0.096775	8.31207	8.08008	7.92605
0.097725	8.31853	8.02655	7.92166
0.0986625	8.32654	8.04668	7.95302
0.0996125	8.37916	8.04217	7.87209
0.100562	8.33665	8.02737	7.89923
0.101512	8.33008	8.09865	7.9357
0.102475	8.32411	8.02062	7.99328
0.103437	8.33558	8.01416	7.95852
0.1044	8.33627	8.0804	7.94113
0.105362	8.26163	8.03052	7.92763
0.106338	8.27857	8.03675	7.92463
0.107313	8.27509	8.00994	7.9138
0.1083	8.27601	8.05107	7.89375
0.109275	8.30163	7.99414	7.86586
0.110262	8.28448	8.0397	7.93899
0.11125	8.35366	8.02798	7.91568
0.11225	8.32413	7.9775	7.91397
0.11325	8.24782	7.97392	7.89322
0.11425	8.26776	7.96925	7.90952
0.115263	8.27707	7.98383	7.96449
0.116263	8.27974	7.98534	7.85102
0.117288	8.28219	7.952	7.85078
0.1183	8.22944	7.98301	7.88416
0.119325	8.26054	7.99604	7.87297
0.12035	8.24131	7.95969	7.92458
0.121375	8.21717	7.97431	7.85595
0.122413	8.27172	7.9656	7.91969
0.12345	8.24758	7.97665	7.85703
0.124487	8.24277	8.0124	7.84806
0.125537	8.20459	7.887	7.88255
0.126587	8.21334	7.97125	7.85837
0.127638	8.18533	7.95469	7.86964
0.128688	8.21364	7.94717	7.83969
0.12975	8.20903	7.94265	7.83688
0.130825	8.19528	7.97162	7.89123
0.131887	8.18922	7.93431	7.85879
0.132962	8.23125	7.96078	7.85535
0.134037	8.23222	7.91998	7.87314
0.135125	8.19198	7.96059	7.854
0.1362	8.22028	7.94245	7.8155
0.1373	8.1856	7.94484	7.80244
0.138388	8.1908	7.94795	7.8439
0.139488	8.19827	7.87274	7.83446
0.140587	8.16279	7.91769	7.80169
0.1417	8.2356	7.91506	7.82469
0.142813	8.1579	7.88917	7.86445
0.143925	8.2023	7.93722	7.79675
0.145038	8.18682	7.90283	7.80814
0.146162	8.18718	7.87664	7.81566
0.147288	8.18609	7.91945	7.84762
0.148425	8.19911	7.92143	7.7741
0.149562	8.14999	7.91247	7.76165
0.1507	8.19962	7.88554	7.79357
0.15185	8.1819	7.8906	7.81542
0.153	8.17525	7.90276	7.79924
0.15415	8.17544	7.89255	7.80431
0.155312	8.11409	7.89943	7.83502
0.156475	8.12307	7.88893	7.76675
0.157638	8.12366	7.88452	7.77048
0.158812	8.17273	7.86665	7.83428
0.159987	8.14248	7.89733	7.82273
0.161162	8.11715	7.86901	7.77695
0.16235	8.16049	7.88307	7.79386
0.163538	8.11254	7.88877	7.75287
0.164737	8.147	7.85089	7.75419
0.165925	8.08392	7.91048	7.77561
0.167138	8.13193	7.8574	7.76234
0.168337	8.1064	7.85372	7.73431
0.16955	8.16901	7.87847	7.75241
0.170775	8.1508	7.88263	7.74431
0.171988	8.12275	7.81295	7.75451
0.173212	8.11277	7.83516	7.73478
0.17445	8.09203	7.86808	7.77018
0.175688	8.15934	7.84956	7.74842
0.176925	8.13441	7.8199	7.68405
0.178175	8.15504	7.82748	7.74719
0.179412	8.10116	7.843	7.74101
0.180675	8.10327	7.84337	7.75279
0.181938	8.06517	7.83157	7.7189
0.1832	8.11826	7.80753	7.71283
0.184463	8.09494	7.81318	7.70071
0.185738	8.11574	7.8011	7.70574
0.187012	8.09858	7.85842	7.7268
0.1883	8.10309	7.82296	7.69192
0.189588	8.10005	7.81459	7.70522
0.190875	8.06838	7.85885	7.69967
0.192175	8.04324	7.79233	7.72129
0.193487	8.07286	7.83697	7.66514
0.194788	8.056	7.78503	7.69356
0.1961	8.06903	7.81196	7.68823
0.197425	8.07131	7.80192	7.68399
0.198738	8.06837	7.79771	7.72423
0.200075	8.05	7.77652	7.68348
0.2014	8.0912	7.80928	7.68812
0.202737	8.08758	7.80166	7.69279
0.204087	8.04094	7.80745	7.68812
0.205437	8.0886	7.77528	7.69389
0.206787	8.08589	7.77735	7.69917
0.20815	8.06198	7.77534	7.67138
0.209513	8.02424	7.77615	7.65668
0.210875	8.05015	7.76345	7.67599
0.21225	8.01093	7.73763	7.63176
0.213638	8.02496	7.80854	7.61828
0.215013	8.05605	7.79013	7.69027
0.2164	8.008	7.76578	7.6718
0.2178	8.01319	7.76872	7.6549
0.2192	8.06115	7.76886	7.63417
0.220612	8.00094	7.75851	7.5995
0.222013	8.0301	7.76905	7.66865
0.223438	7.99933	7.73607	7.68076
0.224863	8.02549	7.75435	7.62249
0.226287	8.0202	7.74984	7.65167
0.227712	8.01884	7.77872	7.658
0.22915	8.02142	7.77672	7.64025
0.2306	8.02336	7.77651	7.64708
0.23205	7.99885	7.73825	7.65595
0.2335	8.00206	7.7322	7.61981
0.234962	7.97978	7.73724	7.62713
0.236425	7.98951	7.73078	7.62909
0.2379	8.03293	7.75014	7.62026
0.239375	8.0095	7.73216	7.66566
0.240863	8.00669	7.72571	7.57722
0.24235	7.98759	7.71123	7.56527
0.243838	7.97959	7.73733	7.58065
0.245338	7.98902	7.74912	7.58994
0.24685	8.01965	7.73763	7.6019
0.248362	7.94524	7.72184	7.61691
0.249875	7.99346	7.72434	7.58845
0.2514	7.96592	7.71353	7.64246
0.252925	7.97473	7.69236	7.60454
0.254463	7.94868	7.67895	7.5926
0.256	7.9902	7.70869	7.60338
0.25755	7.94626	7.71717	7.57911
0.2591	7.98405	7.73486	7.56804
0.26065	7.98058	7.69681	7.57921
0.262225	7.95774	7.70204	7.57814
0.263788	7.95576	7.72025	7.58916
0.265363	7.99824	7.67498	7.57042
0.26695	7.95697	7.65518	7.57533
0.268537	7.95705	7.67098	7.61715
0.270125	7.95306	7.71752	7.56341
0.271725	7.92135	7.6769	7.55227
0.273338	7.9504	7.68926	7.57101
0.27495	7.94188	7.70628	7.59496
0.276563	7.94211	7.69287	7.54759
0.278188	7.95973	7.65895	7.5949
0.279813	7.94812	7.65665	7.5494
0.28145	7.96774	7.69435	7.56756
0.2831	7.94481	7.71135	7.58226
0.28475	7.91926	7.66506	7.57544
0.2864	7.96865	7.68335	7.5668
0.288063	7.99693	7.67018	7.5592
0.289725	7.94497	7.68042	7.55022
0.2914	7.92894	7.69619	7.56425
0.293088	7.91447	7.63716	7.56378
0.294775	7.95454	7.64383	7.58196
0.296463	7.8964	7.6653	7.52722
0.298162	7.94072	7.70494	7.55869
0.299875	7.92238	7.63154	7.53136
0.301587	7.95679	7.68277	7.58042
0.3033	7.93325	7.65431	7.54862
0.305037	7.89745	7.67502	7.55818
0.306762	7.92507	7.64593	7.52394
0.3085	7.93143	7.63445	7.56809
0.31025	7.96524	7.66993	7.53572
0.312	7.94649	7.62577	7.53894
0.313762	7.92631	7.67996	7.49617
0.315525	7.90916	7.62071	7.53343
0.3173	7.92259	7.6565	7.50968
0.319075	7.93255	7.67637	7.53198
0.320863	7.90915	7.63009	7.54882
0.322663	7.91216	7.64975	7.5986
0.324463	7.89542	7.59146	7.55241
0.326263	7.94349	7.65941	7.54438
0.328075	7.92569	7.60996	7.5322
0.3299	7.89969	7.65737	7.53992
0.331725	7.8814	7.6091	7.53444
0.333562	7.91919	7.63442	7.48383
0.3354	7.89706	7.64229	7.53201
0.33725	7.89118	7.63636	7.49835
0.3391	7.87593	7.62948	7.52295
0.340962	7.87463	7.62455	7.54209
0.342838	7.90595	7.62958	7.52567
0.344712	7.88219	7.62635	7.52556
0.3466	7.9166	7.61206	7.53263
0.348487	7.87587	7.58755	7.52706
0.350388	7.87819	7.60308	7.5174
0.352288	7.87386	7.62208	7.49129
0.3542	7.86376	7.62078	7.47968
0.356125	7.89272	7.5883	7.47149
0.35805	7.87188	7.59573	7.50924
0.359987	7.88754	7.64879	7.49284
0.361925	7.87653	7.59101	7.49659
0.363875	7.886	7.59154	7.51606
0.365838	7.86296	7.60935	7.50076
0.3678	7.86189	7.63221	7.52956
0.369763	7.8636	7.61585	7.48193
0.37175	7.87224	7.55556	7.50063
0.373738	7.84255	7.61661	7.48016
0.375725	7.92355	7.60536	7.48175
0.377725	7.88549	7.61262	7.45376
0.379737	7.86423	7.599	7.50555
0.381763	7.85149	7.56256	7.46945
0.383775	7.88001	7.58859	7.44966
0.385812	7.84287	7.61623	7.46915
0.38785	7.84909	7.58966	7.49632
0.3899	7.87611	7.59289	7.50939
0.391962	7.85172	7.56159	7.43873
0.394025	7.85367	7.56873	7.47116
0.396087	7.84271	7.56963	7.49551
0.398175	7.84021	7.57069	7.47263
0.400263	7.86055	7.58986	7.51027
0.40235	7.82012	7.59282	7.49561
0.404462	7.86169	7.56245	7.46983
0.406575	7.83518	7.58393	7.48534
0.408688	7.81953	7.59737	7.47284
0.410812	7.84899	7.58207	7.4646
0.41295	7.83145	7.57679	7.4562
0.4151	7.82836	7.57256	7.44306
0.41725	7.80375	7.56823	7.47029
0.4194	7.82291	7.57938	7.47627
0.421575	7.82724	7.53549	7.44705
0.42375	7.83711	7.56003	7.45804
0.425938	7.82488	7.55125	7.46594
0.428125	7.84388	7.56247	7.47661
0.430325	7.85141	7.61415	7.46825
0.432537	7.83748	7.57545	7.44081
0.434763	7.83025	7.57588	7.47803
0.436987	7.83453	7.57489	7.47283
0.439225	7.80306	7.58774	7.46547
0.441462	7.83735	7.54615	7.44416
0.443713	7.81914	7.56218	7.46043
0.445975	7.82661	7.55827	7.41692
0.44825	7.84527	7.55017	7.44155
0.450525	7.85639	7.56725	7.44311
0.452812	7.83432	7.55421	7.43215
0.4551	7.80916	7.556	7.44708
0.457413	7.78996	7.56601	7.41627
0.459725	7.82359	7.52929	7.45768
0.462038	7.8015	7.56574	7.44497
0.464375	7.82945	7.53799	7.4392
0.466713	7.80812	7.56863	7.44866
0.469063	7.81958	7.55368	7.43282
0.471413	7.8157	7.54429	7.42544
0.473787	7.79527	7.55379	7.45424
0.476162	7.80998	7.53124	7.42745
0.478537	7.80418	7.54568	7.39317
0.480938	7.8095	7.54145	7.46077
0.483337	7.80313	7.54905	7.42984
0.48575	7.79164	7.54425	7.42312
0.488175	7.79775	7.50594	7.42979
0.4906	7.81025	7.52122	7.43052
0.493037	7.79003	7.53951	7.43019
0.495488	7.79519	7.52721	7.43258
0.49795	7.82215	7.54944	7.42433
0.500413	7.80838	7.55481	7.4495
0.502887	7.76548	7.54299	7.44315
0.505375	7.78809	7.52002	7.41897
0.507875	7.82288	7.5305	7.41666
0.510375	7.79274	7.54811	7.42602
0.512887	7.7873	7.52937	7.44203
0.515413	7.80649	7.54008	7.40925
0.51795	7.78461	7.53579	7.4433
0.520487	7.78063	7.50115	7.44777
0.52305	7.83077	7.5207	7.42912
0.525612	7.82196	7.50869	7.44274
0.528175	7.78181	7.52215	7.45424
0.530762	7.78766	7.50511	7.44885
0.53335	7.79222	7.52126	7.42089
0.535963	7.80751	7.50122	7.38736
0.538575	7.77321	7.47698	7.39994
0.541188	7.80607	7.54398	7.38627
0.543825	7.78585	7.53689	7.39098
0.546462	7.74913	7.53758	7.38914
0.549112	7.76709	7.48272	7.39826
0.551775	7.74865	7.51793	7.39866
0.55445	7.77281	7.52495	7.42014
0.557137	7.78951	7.49621	7.42846
0.559825	7.75713	7.5128	7.42915
0.562525	7.76649	7.52295	7.42159
0.565238	7.77485	7.50015	7.42995
0.567963	7.77714	7.52263	7.41102
0.5707	7.78979	7.49407	7.40944
0.573438	7.79242	7.51579	7.42434
0.5762	7.79512	7.48935	7.42316
0.578963	7.76665	7.49096	7.40561
0.581738	7.80755	7.5215	7.38988
0.584525	7.78739	7.51583	7.38982
0.587325	7.75612	7.52183	7.42635
0.590125	7.76173	7.50558	7.4288
0.59295	7.76199	7.50894	7.3844
0.595775	7.77209	7.49993	7.40756
0.598612	7.7687	7.49625	7.39658
0.601462	7.75801	7.51253	7.41042
0.604325	7.77119	7.48546	7.40926
0.6072	7.74607	7.50987	7.39254
0.610088	7.76989	7.50522	7.39832
0.612975	7.7748	7.50122	7.3865
0.615888	7.75089	7.50277	7.40059
0.6188	7.79222	7.50848	7.39243
0.621725	7.76886	7.4843	7.40421
0.624663	7.75075	7.51798	7.40657
0.627612	7.75415	7.50615	7.42542
0.630575	7.75887	7.49715	7.41986
0.63355	7.76081	7.49419	7.38832
0.636525	7.74378	7.50887	7.40768
0.639525	7.74671	7.51712	7.39499
0.642537	7.76717	7.48806	7.40748
0.64555	7.76412	7.49451	7.36988
0.648575	7.76528	7.51269	7.38816
0.651625	7.75254	7.46316	7.39519
0.654675	7.73699	7.49139	7.38888
0.657737	7.74565	7.48092	7.39712
0.660812	7.74531	7.50927	7.40578
0.6639	7.75606	7.49296	7.37485
0.667	7.74748	7.50339	7.35886
0.670112	7.76503	7.50689	7.40241
0.673238	7.76098	7.49003	7.38535
0.676363	7.79008	7.48417	7.39909
0.679513	7.7805	7.50011	7.40826
0.682675	7.75072	7.51656	7.38305
0.685838	7.75004	7.49226	7.37137
0.689025	7.75676	7.52136	7.40074
0.692225	7.76722	7.48918	7.39543
0.695425	7.78074	7.49047	7.37861
0.69865	7.74016	7.49605	7.35778
0.701875	7.75174	7.49616	7.39182
0.705125	7.77688	7.48499	7.37336
0.708375	7.75202	7.46663	7.39278
0.71165	7.7459	7.48173	7.38157
0.714925	7.75004	7.50344	7.37565
0.718225	7.73561	7.48364	7.37487
0.721525	7.75988	7.4838	7.37463
0.724837	7.73922	7.48667	7.39773
0.728175	7.75823	7.47262	7.37663
0.731512	7.74767	7.50006	7.38997
0.734875	7.72727	7.47938	7.38177
0.73825	7.74014	7.48518	7.37218
0.741625	7.76522	7.49051	7.37264
0.745025	7.75774	7.47584	7.34986
0.748425	7.7429	7.49135	7.3792
0.75185	7.77394	7.48814	7.38844
0.755288	7.72433	7.48184	7.38909
0.758725	7.76055	7.50647	7.3951
0.762187	7.76993	7.49412	7.36873
0.765662	7.71552	7.4733	7.37241
0.76915	7.75278	7.48327	7.37691
0.77265	7.76065	7.48587	7.37301
0.776163	7.73555	7.47436	7.36727
0.779688	7.75158	7.45641	7.37665
0.783225	7.74693	7.49991	7.3805
0.786788	7.74483	7.45749	7.3595
0.79035	7.75269	7.49869	7.36886
0.793938	7.74881	7.46926	7.3926
0.797525	7.74219	7.4673	7.38913
0.801138	7.75428	7.47709	7.38847
0.80475	7.72362	7.47739	7.37562
0.808388	7.70929	7.49104	7.36305
0.812038	7.7464	7.46613	7.36714
0.8157	7.7442	7.48545	7.35716
0.819375	7.73408	7.4609	7.39668
0.823075	7.73147	7.45027	7.35859
0.826775	7.73906	7.48408	7.40575
0.8305	7.72245	7.48158	7.36582
0.834225	7.74936	7.49462	7.362
0.837975	7.75747	7.45832	7.37398
0.841738	7.72113	7.4913	7.37494
0.845513	7.74054	7.48046	7.35325
0.8493	7.72174	7.46493	7.38825
0.853113	7.70705	7.48853	7.37095
0.856925	7.76297	7.46494	7.34117
0.860762	7.731	7.47266	7.36383
0.864613	7.73738	7.46936	7.37401
0.868475	7.74322	7.47958	7.36443
0.87235	7.73883	7.45437	7.38329
0.87625	7.74923	7.47452	7.36449
0.88015	7.71395	7.48285	7.35551
0.884075	7.7498	7.46657	7.3792
0.888013	7.74826	7.486	7.36766
0.891963	7.72406	7.45458	7.36679
0.895938	7.737	7.44484	7.36778
0.899912	7.73127	7.46784	7.36921
0.903912	7.71473	7.45443	7.36062
0.907925	7.72701	7.4802	7.34123
0.91195	7.72568	7.46818	7.36911
0.916	7.73622	7.45956	7.35602
0.920062	7.71818	7.44731	7.36886
0.924137	7.73622	7.4798	7.35531
0.928225	7.71704	7.48467	7.36523
0.932325	7.72345	7.47363	7.34312
0.93645	7.73045	7.45726	7.38828
0.940588	7.72483	7.46525	7.3822
0.944737	7.73013	7.46189	7.36358
0.948913	7.72899	7.45838	7.35552
0.953088	7.70677	7.45489	7.37367
0.957287	7.71887	7.46904	7.36025
0.961513	7.73778	7.47728	7.37417
0.965738	7.74631	7.4523	7.37161
0.969988	7.72505	7.45693	7.36349
0.97425	7.72536	7.4702	7.37712
0.978537	7.74586	7.47749	7.37179
0.982837	7.71651	7.46075	7.3504
0.98715	7.7111	7.45108	7.36738
0.991475	7.74832	7.47481	7.36568
0.995825	7.72903	7.4426	7.36919
1.00019	7.73864	7.44709	7.35152
1.00456	7.72881	7.47937	7.35779
1.00896	7.71195	7.45041	7.33873
1.01338	7.72094	7.47006	7.37531
1.0178	7.73593	7.45115	7.35018
1.02225	7.72868	7.46801	7.35884
1.02671	7.72144	7.44136	7.3585
1.03119	7.70815	7.47081	7.34161
1.03569	7.74295	7.46286	7.36733
1.0402	7.71454	7.48266	7.3694
1.04474	7.7178	7.46422	7.36143
1.04929	7.7225	7.45419	7.34999
1.05385	7.73995	7.47163	7.35928
1.05844	7.71302	7.46826	7.36269
1.06304	7.71226	7.44788	7.34805
1.06766	7.73211	7.46749	7.35792
1.07229	7.72084	7.4609	7.33575
1.07695	7.71963	7.46607	7.36664
1.08162	7.74081	7.44217	7.33922
1.08631	7.73284	7.44565	7.37506
1.09101	7.71994	7.46916	7.35894
1.09574	7.7436	7.46514	7.37363
1.10049	7.7211	7.4739	7.35074
1.10525	7.70761	7.4522	7.34709
1.11003	7.73561	7.46574	7.37146
1.11483	7.71854	7.46182	7.34682
1.11964	7.71498	7.45546	7.36559
1.12448	7.72677	7.46073	7.36012
1.12933	7.73177	7.46283	7.35352
1.1342	7.70275	7.45313	7.34332
1.13909	7.70167	7.44824	7.34802
1.144	7.71503	7.4782	7.35349
1.14892	7.7356	7.44721	7.36069
1.15387	7.69985	7.44818	7.34613
1.15884	7.71635	7.46922	7.35018
1.16381	7.7078	7.47503	7.36325
1.16883	7.718	7.45935	7.33548
1.17384	7.70046	7.46122	7.35157
1.17889	7.72821	7.45316	7.35404
1.18394	7.73387	7.47084	7.34652
1.18903	7.71796	7.45145	7.34386
1.19413	7.70728	7.46177	7.3479
1.19924	7.6901	7.44014	7.34453
1.20438	7.69669	7.45976	7.35467
1.20954	7.74376	7.45433	7.35513
1.21471	7.73325	7.45253	7.37034
1.21991	7.70131	7.45494	7.34546
1.22512	7.71627	7.45216	7.35763
1.23036	7.70762	7.45419	7.35782
1.23561	7.73147	7.45408	7.36895
1.24089	7.72658	7.44168	7.3509
1.24619	7.7124	7.45604	7.35602
1.2515	7.72951	7.45449	7.34843
1.25684	7.70107	7.45396	7.35216
1.2622	7.73335	7.47529	7.36817
1.26758	7.7214	7.46137	7.34818
1.27297	7.72117	7.45169	7.34507
1.27839	7.70381	7.46151	7.35855
1.28383	7.71127	7.456	7.33891
1.28929	7.7123	7.42927	7.34577
1.29476	7.70044	7.46747	7.37426
1.30027	7.70339	7.47538	7.35684
1.30579	7.71221	7.44293	7.3611
1.31134	7.71761	7.45652	7.36661
1.3169	7.70818	7.44634	7.35437
1.32249	7.70547	7.44486	7.33721
1.32809	7.73478	7.4556	7.36223
1.33372	7.71667	7.45896	7.34982
1.33938	7.70735	7.46464	7.34723
1.34504	7.71367	7.4462	7.35225
1.35074	7.69853	7.43511	7.34512
1.35645	7.70088	7.46587	7.36988
1.36219	7.68713	7.46185	7.35458
1.36794	7.69735	7.46203	7.36601
1.37373	7.71106	7.47814	7.35281
1.37952	7.70426	7.47561	7.3509
1.38535	7.69439	7.43774	7.34747
1.39119	7.72779	7.45598	7.34355
1.39706	7.69989	7.44185	7.35191
1.40295	7.72234	7.46647	7.35338
1.40886	7.70456	7.45573	7.34857
1.4148	7.70182	7.45769	7.33929
1.42076	7.71923	7.43561	7.35365
1.42674	7.72136	7.46601	7.35979
1.43274	7.6967	7.44675	7.32352
1.43877	7.71594	7.45573	7.36586
1.44483	7.71643	7.45846	7.36497
1.45089	7.71714	7.44597	7.36346
1.45699	7.69598	7.46796	7.36399
1.46311	7.71501	7.44873	7.33763
1.46925	7.70128	7.44229	7.34976
1.47541	7.70723	7.45427	7.3373
1.4816	7.70768	7.4535	7.35072
1.48781	7.72265	7.45196	7.36018
1.49405	7.70941	7.45045	7.35272
1.50031	7.71244	7.45909	7.36051
1.5066	7.71648	7.44681	7.35464
1.5129	7.68549	7.46691	7.37509
1.51924	7.69775	7.44948	7.3414
1.52559	7.7137	7.45248	7.33457
1.53198	7.7146	7.45505	7.36081
1.53838	7.71605	7.4358	7.34432
1.5448	7.70387	7.44556	7.35773
1.55126	7.73058	7.4659	7.3687
1.55774	7.72221	7.45068	7.36349
1.56424	7.70553	7.44406	7.33035
1.57076	7.69942	7.45009	7.33461
1.57731	7.70268	7.43539	7.36346
1.5839	7.71801	7.46368	7.35209
1.5905	7.67948	7.44771	7.33123
1.59713	7.71043	7.45511	7.34932
1.60378	7.6792	7.46565	7.35003
1.61045	7.69804	7.43371	7.35889
1.61716	7.69424	7.43863	7.35755
1.62389	7.69952	7.45644	7.34487
1.63064	7.69531	7.45335	7.34507
1.63742	7.69067	7.45424	7.34899
1.64423	7.71439	7.44146	7.35055
1.65106	7.70063	7.45568	7.34967
1.65791	7.70447	7.45748	7.33402
1.6648	7.69911	7.44452	7.36278
1.67171	7.71196	7.46273	7.3409
1.67865	7.70451	7.43376	7.35833
1.68561	7.69866	7.47595	7.34381
1.6926	7.7139	7.44874	7.33655
1.69961	7.71173	7.45144	7.36359
1.70666	7.70165	7.44811	7.37031
1.71372	7.7007	7.449	7.35071
1.72082	7.69566	7.46372	7.34804
1.72795	7.71335	7.43318	7.34922
1.7351	7.70885	7.44141	7.34274
1.74227	7.69766	7.44641	7.35407
1.74949	7.69161	7.44996	7.35611
1.75671	7.71031	7.44579	7.37304
1.76398	7.70864	7.44223	7.35759
1.77126	7.71798	7.43889	7.34476
1.77857	7.69716	7.43383	7.36025
1.78593	7.68317	7.48059	7.34855
1.79329	7.68674	7.43588	7.36397
1.80069	7.68554	7.45149	7.35801
1.80813	7.69623	7.45759	7.34906
1.81558	7.71302	7.44968	7.35415
1.82306	7.70378	7.45761	7.35297
1.83057	7.72692	7.45541	7.35733
1.83811	7.6987	7.45524	7.35578
1.84569	7.70708	7.45099	7.35043
1.85329	7.69443	7.43251	7.33884
1.86091	7.69101	7.44329	7.35867
1.86856	7.71292	7.43561	7.34959
1.87625	7.70387	7.44081	7.35212
1.88398	7.70103	7.45134	7.34088
1.89171	7.69561	7.4389	7.35928
1.89949	7.69442	7.44882	7.34388
1.90729	7.70257	7.43714	7.35244
1.91513	7.71206	7.43776	7.37609
1.92299	7.69076	7.46468	7.34018
1.93089	7.67976	7.44655	7.35331
1.9388	7.68762	7.45254	7.34298
1.94676	7.69929	7.43046	7.35007
1.95474	7.70622	7.4376	7.36112
1.96276	7.71573	7.46792	7.34644
1.9708	7.71403	7.45491	7.3465
1.97888	7.69025	7.43528	7.3614
1.98699	7.70757	7.44464	7.348
1.99513	7.7025	7.45541	7.35332
2.00329	7.70692	7.44301	7.35183
2.01149	7.70252	7.45795	7.36768
2.01971	7.70743	7.43856	7.32799
2.02798	7.70281	7.43592	7.35548
2.03627	7.68141	7.45568	7.33337
2.0446	7.71145	7.45484	7.3648
2.05295	7.69407	7.42698	7.35517
2.06134	7.69936	7.44087	7.35042
2.06976	7.68747	7.45635	7.33215
2.07821	7.67121	7.45156	7.35153
2.0867	7.70261	7.45506	7.36405
2.09521	7.71106	7.44758	7.3526
2.10376	7.71079	7.46001	7.35199
2.11235	7.70609	7.44449	7.33596
2.12096	7.70178	7.46076	7.34485
2.12961	7.71676	7.44692	7.34246
2.13829	7.69018	7.43196	7.35537
2.147	7.69071	7.45113	7.34802
2.15575	7.68495	7.43201	7.35525
2.16453	7.69915	7.45629	7.34747
2.17334	7.69997	7.44819	7.347
2.18219	7.68951	7.44577	7.35309
2.19106	7.6947	7.44333	7.34268
2.19998	7.70308	7.45273	7.33966
2.20893	7.69581	7.44175	7.33887
2.21791	7.71177	7.44423	7.35261
2.22692	7.69404	7.44277	7.33951
2.23598	7.69286	7.44502	7.35501
2.24506	7.69137	7.44715	7.35094
2.25419	7.70243	7.44497	7.34595
2.26334	7.69396	7.44537	7.3665
2.27253	7.69676	7.43927	7.35936
2.28175	7.68106	7.4541	7.35184
2.29101	7.71	7.44676	7.34001
2.3003	7.6919	7.44475	7.34992
2.30964	7.69198	7.45516	7.33917
2.319	7.68353	7.45234	7.32996
2.3284	7.71328	7.44071	7.33657
2.33784	7.69035	7.44818	7.34819
2.34731	7.68801	7.4599	7.34625
2.35681	7.68277	7.44047	7.35568
2.36636	7.70486	7.46138	7.35317
2.37595	7.69591	7.44047	7.34439
2.38556	7.69311	7.44931	7.35523
2.39521	7.68979	7.45801	7.35608
2.40491	7.69775	7.44468	7.34663
2.41464	7.69918	7.44829	7.36752
2.4244	7.6962	7.46578	7.34409
2.4342	7.69494	7.45203	7.35433
2.44405	7.69402	7.44556	7.35516
2.45392	7.7063	7.43854	7.35147
2.46384	7.70281	7.44989	7.36356
2.47379	7.68487	7.45011	7.36082
2.48377	7.691	7.45855	7.34678
2.49381	7.69637	7.46066	7.34872
2.50388	7.69094	7.44343	7.36306
2.51397	7.68805	7.45367	7.34781
2.52413	7.68929	7.44776	7.35526
2.53431	7.6862	7.46005	7.35722
2.54452	7.70733	7.43957	7.35072
2.55479	7.69509	7.43841	7.35477
2.56509	7.71392	7.44262	7.36175
2.57542	7.69794	7.45045	7.33169
2.5858	7.71491	7.45414	7.3466
2.59623	7.69561	7.46265	7.35848
2.60667	7.69414	7.44786	7.34818
2.61718	7.7072	7.44707	7.34809
2.62771	7.6955	7.44756	7.35099
2.63829	7.70365	7.4494	7.34758
2.6489	7.69944	7.44601	7.35007
2.65956	7.69976	7.45399	7.35352
2.67026	7.6848	7.45613	7.34714
2.681	7.69577	7.44587	7.3439
2.69178	7.69562	7.45889	7.34987
2.7026	7.70121	7.45102	7.34329
2.71346	7.70043	7.44537	7.34956
2.72436	7.69974	7.44927	7.35336
2.73531	7.6788	7.43792	7.34681
2.74629	7.69872	7.44559	7.34466
2.75732	7.68357	7.45469	7.34759
2.76839	7.69746	7.45445	7.34284
2.7795	7.68678	7.43862	7.34597
2.79066	7.70625	7.45259	7.34011
2.80185	7.69855	7.45485	7.35337
2.8131	7.70052	7.44997	7.3669
2.82437	7.68627	7.44136	7.35646
2.8357	7.69452	7.44799	7.34733
2.84707	7.68716	7.45161	7.34804
2.85849	7.71225	7.44349	7.35077
2.86994	7.68388	7.44769	7.3581
2.88144	7.70058	7.4469	7.36122
2.89298	7.69737	7.46051	7.35212
2.90456	7.70872	7.44429	7.35554
2.9162	7.69647	7.43785	7.34745
2.92788	7.69919	7.44762	7.34282
2.93959	7.69022	7.44909	7.36751
2.95136	7.69421	7.44606	7.34415
2.96316	7.70212	7.44067	7.34338
2.97502	7.70062	7.44645	7.343
2.98691	7.69549	7.45978	7.34454
2.99886	7.70365	7.43371	7.34733
3.01085	7.7049	7.43959	7.36307
3.02289	7.69197	7.45404	7.34069
3.03498	7.68283	7.45464	7.35048
3.0471	7.69655	7.44684	7.35327
3.05927	7.69471	7.4568	7.3616
3.07149	7.687	7.45007	7.34064
3.08376	7.7057	7.45055	7.3616
3.09608	7.68817	7.45098	7.3563
3.10842	7.68199	7.43951	7.35135
3.12084	7.69527	7.44574	7.34242
3.13329	7.69397	7.45209	7.34529
3.14579	7.70488	7.45032	7.34847
3.15834	7.70041	7.45424	7.35551
3.17094	7.69405	7.4503	7.34227
3.18359	7.69128	7.44781	7.36196
3.19627	7.69081	7.45495	7.34283
3.20902	7.68841	7.45529	7.35655
3.22181	7.69721	7.45957	7.35412
3.23465	7.67842	7.44766	7.36266
3.24754	7.68527	7.45267	7.3511
3.26047	7.69984	7.44463	7.34521
3.27346	7.6993	7.4494	7.34627
3.2865	7.69656	7.4539	7.35085
3.29958	7.69557	7.45625	7.34947
3.31271	7.69708	7.45399	7.33979
3.3259	7.68198	7.44668	7.35365
3.33914	7.68529	7.46829	7.3618
3.35243	7.68965	7.46174	7.35679
3.36575	7.69527	7.45486	7.34441
3.37914	7.70535	7.44047	7.34309
3.39258	7.70055	7.45262	7.35172
3.40608	7.68559	7.44331	7.36263
3.41961	7.70479	7.44815	7.35669
3.4332	7.68903	7.45079	7.35659
3.44685	7.70093	7.45841	7.34779
3.46054	7.7	7.44287	7.3628
3.47429	7.69391	7.44349	7.35558
3.48809	7.68631	7.45483	7.35284
3.50194	7.69582	7.44529	7.36438
3.51585	7.69261	7.46615	7.34917
3.5298	7.69427	7.45826	7.3564
3.54381	7.69269	7.44074	7.35521
3.55789	7.69216	7.45172	7.36117
3.572	7.69773	7.44799	7.3512
3.58617	7.69552	7.44159	7.35233
3.6004	7.69239	7.45425	7.35371
3.61468	7.69623	7.4462	7.35386
3.62901	7.69382	7.45467	7.3491
3.6434	7.69625	7.44173	7.35219
3.65785	7.70239	7.44732	7.34451
3.67235	7.69907	7.44477	7.35028
3.6869	7.69689	7.45069	7.35741
3.70151	7.70193	7.44428	7.3454
3.71618	7.6912	7.45344	7.36297
3.7309	7.68901	7.45272	7.34533
3.74568	7.70061	7.45687	7.35019
3.76051	7.70342	7.44214	7.34029
3.7754	7.69487	7.4548	7.35705
3.79035	7.69696	7.44909	7.34924
3.80535	7.69411	7.45577	7.35611
3.82041	7.68902	7.4609	7.35461
3.83553	7.69537	7.45614	7.34508
3.8507	7.69253	7.45307	7.35495
3.86594	7.6888	7.45357	7.34493
3.88123	7.68906	7.46077	7.35462
3.89657	7.69617	7.45408	7.36061
3.91199	7.69513	7.45885	7.35115
3.92745	7.70061	7.45482	7.34878
3.94298	7.70204	7.44249	7.35076
3.95856	7.69187	7.45663	7.34852
3.9742	7.70287	7.45085	7.35181
3.98991	7.68925	7.45283	7.3442
4.00567	7.69024	7.43827	7.36246
4.0215	7.69435	7.44936	7.35917
4.03737	7.6988	7.46053	7.34765
4.05333	7.6954	7.43947	7.34922
4.06932	7.69405	7.46245	7.34502
4.0854	7.6873	7.46352	7.34855
4.10152	7.69178	7.46195	7.33614
4.11771	7.69919	7.45011	7.33997
4.13396	7.69266	7.44826	7.35602
4.15028	7.70399	7.45508	7.34119
4.16665	7.7005	7.45325	7.35105
4.18309	7.70134	7.46073	7.34903
4.19959	7.69881	7.45048	7.35078
4.21615	7.69675	7.45615	7.34772
4.23278	7.69226	7.45094	7.34829
4.24946	7.69153	7.44827	7.35377
4.26621	7.69719	7.45511	7.34181
4.28302	7.69416	7.44604	7.34873
4.2999	7.70303	7.45117	7.34883
4.31685	7.69165	7.45114	7.34976
4.33385	7.70118	7.45184	7.36076
4.35092	7.69549	7.45045	7.35721
4.36806	7.69911	7.46316	7.3504
4.38527	7.69667	7.45951	7.35404
4.40254	7.68586	7.45126	7.35506
4.41988	7.6963	7.45812	7.34866
4.43727	7.6972	7.45902	7.3466
4.45474	7.69106	7.45394	7.35569
4.47227	7.70468	7.44939	7.36147
4.48987	7.69102	7.44766	7.3483
4.50754	7.70456	7.4525	7.34795
4.52528	7.69383	7.45302	7.34185
4.54308	7.70074	7.45271	7.34788
4.56095	7.70284	7.45761	7.35561
4.57889	7.6975	7.44738	7.35757
4.59689	7.70226	7.46554	7.34745
4.61496	7.6903	7.45627	7.36323
4.63311	7.69034	7.4563	7.34883
4.65133	7.69017	7.44746	7.34795
4.6696	7.69994	7.44189	7.35339
4.68796	7.6985	7.43924	7.3551
4.70638	7.70206	7.45048	7.34084
4.72487	7.69882	7.44922	7.35414
4.74344	7.71854	7.45352	7.36186
4.76206	7.69907	7.44828	7.35271
4.78076	7.69157	7.45011	7.35143
4.79954	7.69584	7.44794	7.35912
4.81839	7.70202	7.45313	7.35435
4.83731	7.69673	7.45253	7.35534
4.8563	7.70042	7.45913	7.35171
4.87536	7.692	7.45501	7.35385
4.8945	7.70009	7.44513	7.36836
4.9137	7.68379	7.45174	7.35327
4.93299	7.70163	7.45458	7.35637
4.95234	7.68933	7.45226	7.35356
4.97176	7.69912	7.45417	7.36004
4.99126	7.69462	7.44852	7.3649
5.01085	7.69595	7.44712	7.35287
5.0305	7.70494	7.44662	7.36467
5.05022	7.6951	7.44487	7.36662
5.07002	7.70168	7.4535	7.34971
5.0899	7.69425	7.45059	7.34864
5.10985	7.69001	7.45056	7.35585
5.12988	7.69207	7.45348	7.34893
5.14997	7.69369	7.45253	7.35088
5.17016	7.68955	7.45837	7.35186
5.19042	7.69822	7.45363	7.35147
5.21075	7.69763	7.44678	7.35278
5.23116	7.69906	7.46328	7.35623
5.25165	7.69734	7.44451	7.35717
5.27222	7.69007	7.45621	7.35355
5.29287	7.69727	7.44908	7.35252
5.3136	7.69153	7.45804	7.3422
5.3344	7.68761	7.45726	7.35392
5.35528	7.69231	7.46213	7.34447
5.37624	7.69484	7.44924	7.35781
5.39729	7.69613	7.44709	7.36755
5.41841	7.69748	7.45461	7.35269
5.43961	7.68322	7.44853	7.34958
5.4609	7.69862	7.45214	7.35436
5.48226	7.6928	7.43323	7.35414
5.5037	7.68816	7.43704	7.36423
5.52524	7.69539	7.45452	7.34784
5.54684	7.69435	7.44734	7.35038
5.56854	7.69508	7.44864	7.35404
5.59031	7.68351	7.44698	7.35546
5.61216	7.69142	7.44478	7.35297
5.6341	7.69016	7.4477	7.35613
5.65613	7.69483	7.45594	7.35048
5.67824	7.68716	7.45997	7.35006
5.70043	7.69506	7.4471	7.36112
5.7227	7.68765	7.43452	7.35918
5.74506	7.69179	7.45414	7.36227
5.76751	7.69635	7.45633	7.35614
5.79005	7.69242	7.45406	7.36568
5.81266	7.70416	7.45283	7.35267
5.83536	7.69518	7.45687	7.35561
5.85816	7.6891	7.4465	7.3579
5.88104	7.69877	7.45002	7.34869
5.904	7.69732	7.44034	7.35494
5.92705	7.69691	7.45586	7.348
5.95019	7.6995	7.44695	7.34693
5.97341	7.69141	7.45367	7.35144
5.99674	7.68932	7.44876	7.3629
6.02014	7.68297	7.44758	7.35391
6.04364	7.71265	7.45916	7.35134
6.06721	7.69589	7.44413	7.35049
6.09089	7.69876	7.45363	7.36269
6.11465	7.68992	7.44701	7.35794
6.13851	7.69126	7.45061	7.35605
6.16245	7.694	7.44857	7.35505
6.18649	7.69989	7.45448	7.35898
6.21061	7.69	7.45635	7.34588
6.23484	7.69211	7.45393	7.36614
6.25915	7.70013	7.45073	7.36023
6.28355	7.69517	7.45155	7.35255
6.30805	7.68699	7.45622	7.35681
6.33264	7.69696	7.44762	7.36384
6.35733	7.69618	7.44904	7.36052
6.3821	7.69771	7.46219	7.36061
6.40697	7.69787	7.44664	7.35864
6.43194	7.69382	7.45421	7.35565
6.457	7.70027	7.45739	7.35387
6.48215	7.69427	7.43918	7.35684
6.50741	7.69705	7.45325	7.36273
6.53276	7.69626	7.45919	7.35953
6.5582	7.70123	7.46039	7.35927
6.58375	7.69208	7.45392	7.35546
6.60939	7.69054	7.44748	7.36067
6.63513	7.7013	7.45751	7.36358
6.66096	7.69858	7.4472	7.34928
6.6869	7.70118	7.44981	7.35613
6.71292	7.69031	7.45007	7.35738
6.73906	7.70006	7.45084	7.35628
6.76529	7.70021	7.45102	7.362
6.79163	7.7029	7.44097	7.35263
6.81805	7.7013	7.44741	7.34674
6.84459	7.70252	7.45188	7.35148
6.87121	7.70377	7.44578	7.35819
6.89795	7.68644	7.45037	7.34594
6.92479	7.7018	7.4477	7.35368
6.95173	7.69902	7.44818	7.35664
6.97876	7.69556	7.45113	7.36277
7.00591	7.697	7.45574	7.35902
7.03316	7.7021	7.44302	7.36561
7.06051	7.69792	7.45497	7.34215
7.08796	7.69529	7.45892	7.34279
7.11552	7.69001	7.45379	7.3548
7.14319	7.69936	7.45551	7.35383
7.17096	7.69084	7.4533	7.34491
7.19884	7.69912	7.45308	7.35907
7.22683	7.70511	7.44725	7.35667
7.25491	7.69979	7.45314	7.35702
7.2831	7.69856	7.45346	7.35525
7.3114	7.69326	7.4585	7.35403
7.33981	7.70284	7.45801	7.36189
7.36834	7.70513	7.45932	7.36365
7.39696	7.70314	7.45676	7.35879
7.4257	7.69551	7.45511	7.34613
7.45455	7.698	7.45332	7.36229
7.4835	7.69647	7.4554	7.35956
7.51256	7.6909	7.45108	7.36094
7.54174	7.6915	7.45597	7.35369
7.57104	7.70424	7.45732	7.36068
7.60042	7.70008	7.45438	7.34847
7.62994	7.69407	7.46281	7.35636
7.65956	7.69658	7.45268	7.35283
7.6893	7.69872	7.45281	7.35721
7.71915	7.70214	7.46305	7.35899
7.74911	7.69691	7.45222	7.35581
7.77919	7.70206	7.45363	7.35369
7.80939	7.70209	7.45922	7.34698
7.83969	7.70062	7.46273	7.35706
7.87011	7.69836	7.44947	7.35135
7.90065	7.69984	7.46378	7.36125
7.9313	7.68956	7.4577	7.36074
7.96208	7.70213	7.45983	7.35822
7.99296	7.70183	7.45126	7.35418
8.02398	7.70028	7.45126	7.35667
8.0551	7.69779	7.45562	7.35736
8.08634	7.697	7.45947	7.35964
8.1177	7.70379	7.45704	7.36027
8.14917	7.69866	7.46576	7.34233
8.18077	7.69816	7.45682	7.35769
8.2125	7.70524	7.44813	7.35457
8.24434	7.70999	7.45702	7.35394
8.2763	7.70024	7.44964	7.35659
8.30839	7.70162	7.45299	7.35295
8.3406	7.69852	7.45228	7.35854
8.37292	7.70644	7.44457	7.35415
8.40537	7.69509	7.46013	7.35818
8.43795	7.70829	7.45014	7.35758
8.47065	7.70709	7.45926	7.35134
8.50348	7.7037	7.4536	7.35789
8.53642	7.70523	7.45821	7.35477
8.5695	7.70922	7.44728	7.3555
8.6027	7.7078	7.44534	7.36244
8.63604	7.71445	7.45223	7.3555
8.66949	7.70969	7.46333	7.35753
8.70308	7.69762	7.45273	7.35193
8.73678	7.70327	7.44623	7.35847
8.77061	7.70479	7.46005	7.35778
8.80459	7.6956	7.46303	7.36049
8.83867	7.70156	7.46234	7.36431
8.8729	7.69737	7.46024	7.35125
8.90726	7.70495	7.45477	7.36381
8.94175	7.70863	7.45238	7.36137
8.97636	7.70141	7.45875	7.3535
9.01111	7.69929	7.46036	7.35634
9.046	7.70393	7.44954	7.35705
9.08101	7.70398	7.4543	7.36043
9.11616	7.69865	7.46226	7.35409
9.15145	7.69939	7.45463	7.35389
9.18686	7.70506	7.45236	7.35426
9.22241	7.70499	7.45294	7.35328
9.2581	7.69997	7.45309	7.36252
9.29393	7.70429	7.45634	7.35742
9.32989	7.70014	7.45811	7.36002
9.36599	7.69578	7.4521	7.35001
9.40221	7.69723	7.45208	7.35109
9.43859	7.70614	7.45401	7.35372
9.4751	7.69516	7.45178	7.35189
9.51175	7.69689	7.45682	7.3476
9.54854	7.70057	7.45523	7.35215
9.58546	7.69763	7.44354	7.35487
9.62254	7.70193	7.45346	7.35619
9.65975	7.70487	7.44647	7.35552
9.6971	7.70085	7.46754	7.35067
9.73459	7.6996	7.45559	7.36388
9.77223	7.70097	7.45501	7.36075
9.81001	7.70182	7.45854	7.35829
9.84794	7.70319	7.44987	7.35295
9.886	7.69015	7.45355	7.3646
9.92421	7.70309	7.45157	7.35544
9.96257	7.69312	7.45841	7.35056
10.0011	7.70486	7.45124	7.35676
10.0397	7.70096	7.45774	7.35637
10.0785	7.70238	7.45197	7.35345
10.1175	7.70219	7.45836	7.36157
10.1566	7.69983	7.45285	7.35262
10.1958	7.70945	7.45749	7.35811
10.2352	7.70486	7.45387	7.36281
10.2748	7.70683	7.45882	7.36241
10.3145	7.71159	7.46175	7.36983
10.3543	7.7011	7.45386	7.35303
10.3943	7.70851	7.45488	7.36326
10.4345	7.70272	7.45405	7.35938
10.4747	7.69598	7.45787	7.3588
10.5152	7.70124	7.4553	7.35508
10.5558	7.7075	7.45209	7.3611
10.5966	7.7034	7.45735	7.35085
10.6375	7.71231	7.46326	7.35159
10.6786	7.71157	7.44878	7.36253
10.7198	7.70357	7.45835	7.36258
10.7612	7.70377	7.45831	7.3582
10.8027	7.69957	7.46064	7.35758
10.8444	7.70384	7.45558	7.36265
10.8863	7.70144	7.45397	7.36105
10.9283	7.70532	7.45886	7.35563
10.9705	7.70565	7.45283	7.36001
11.0128	7.70805	7.45773	7.3601
11.0554	7.70936	7.45628	7.36205
11.098	7.70326	7.44765	7.36131
11.1409	7.69939	7.46291	7.36937
11.1839	7.70793	7.45938	7.35774
11.227	7.69913	7.46039	7.35651
11.2703	7.70493	7.46212	7.36958
11.3138	7.69971	7.45537	7.36646
11.3575	7.69904	7.45998	7.36349
11.4013	7.70245	7.46119	7.36283
11.4453	7.69974	7.45793	7.35731
11.4894	7.70975	7.46329	7.37139
11.5337	7.70898	7.45837	7.36136
11.5782	7.70208	7.46137	7.36167
11.6229	7.70619	7.46062	7.36857
11.6677	7.70464	7.45767	7.36132
11.7127	7.70114	7.45808	7.35915
11.7579	7.70248	7.46397	7.36039
11.8032	7.71679	7.45446	7.36154
11.8487	7.69972	7.46624	7.36636
11.8944	7.70786	7.46227	7.36492
11.9403	7.7055	7.46357	7.36243
11.9863	7.70694	7.45625	7.36256
12.0325	7.70322	7.45653	7.36295
12.0789	7.70613	7.4606	7.36211
12.1255	7.70795	7.46248	7.35448
12.1722	7.70581	7.45535	7.36487
12.2191	7.70392	7.45298	7.35909
12.2662	7.70037	7.46129	7.36152
12.3135	7.70079	7.46254	7.36524
12.361	7.70591	7.46007	7.36432
12.4086	7.70644	7.45482	7.35436
12.4564	7.70972	7.46022	7.35676
12.5044	7.70826	7.45716	7.35765
12.5526	7.71197	7.46315	7.3612
12.601	7.70475	7.45819	7.36198
12.6495	7.71138	7.45845	7.36801
12.6983	7.70535	7.46741	7.36354
12.7472	7.70344	7.45526	7.36048
12.7963	7.70146	7.46216	7.35811
12.8456	7.70469	7.46238	7.36387
12.8951	7.70704	7.45796	7.35589
12.9447	7.70719	7.45515	7.36633
12.9946	7.71153	7.46098	7.36806
13.0447	7.70855	7.46282	7.35967
13.0949	7.71403	7.46297	7.36173
13.1453	7.71429	7.46156	7.36559
13.1959	7.71147	7.45738	7.36352
13.2468	7.70495	7.46282	7.36506
13.2978	7.70744	7.46163	7.35942
13.349	7.71246	7.45849	7.35653
13.4004	7.71147	7.46175	7.36309
13.452	7.7155	7.45919	7.3624
13.5038	7.70889	7.4659	7.36123
13.5558	7.71476	7.46135	7.36215
13.608	7.70825	7.46502	7.35756
13.6603	7.71052	7.45935	7.35853
13.7129	7.70831	7.45766	7.36416
13.7657	7.70687	7.46332	7.35953
13.8187	7.71067	7.46544	7.36194
13.8719	7.70796	7.46752	7.36336
13.9253	7.70789	7.45504	7.3604
13.9789	7.7121	7.45903	7.36181
14.0327	7.70642	7.46222	7.36587
14.0867	7.71216	7.46608	7.36832
14.1409	7.70863	7.4632	7.36502
14.1953	7.70993	7.46032	7.3654
14.2499	7.71158	7.46024	7.36042
14.3047	7.71087	7.46491	7.3619
14.3598	7.70582	7.46329	7.3669
14.415	7.71548	7.46012	7.36236
14.4705	7.70839	7.46089	7.36135
14.5262	7.70254	7.46247	7.36453
14.582	7.70851	7.46535	7.36289
14.6381	7.70995	7.46702	7.36481
14.6944	7.71427	7.46358	7.35624
14.751	7.71626	7.46197	7.36576
14.8077	7.715	7.45574	7.35754
14.8647	7.70948	7.45895	7.36161
14.9218	7.70606	7.45485	7.36668
14.9792	7.71395	7.46206	7.36127
15.0368	7.70847	7.45847	7.36504
15.0947	7.70994	7.45935	7.36399
15.1527	7.70344	7.45711	7.36648
15.211	7.71304	7.46411	7.36441
15.2695	7.72051	7.46471	7.35946
15.3282	7.71315	7.4589	7.35998
15.3871	7.71492	7.46182	7.35833
15.4463	7.71077	7.46001	7.36714
15.5056	7.71423	7.46794	7.36415
15.5653	7.71271	7.46026	7.36156
15.6251	7.71052	7.46709	7.36515
15.6852	7.71262	7.46233	7.36566
15.7455	7.71533	7.46163	7.36614
15.806	7.71083	7.46627	7.36335
15.8667	7.71335	7.45865	7.36222
15.9277	7.71151	7.46434	7.35895
15.9889	7.71011	7.46044	7.35949
16.0504	7.7205	7.46112	7.36155
16.1121	7.71917	7.46228	7.3641
16.174	7.71435	7.45788	7.36406
16.2362	7.71537	7.46017	7.37024
16.2986	7.71449	7.46167	7.36639
16.3612	7.71125	7.46201	7.3673
16.4241	7.70982	7.45988	7.36467
16.4872	7.71809	7.45846	7.36308
16.5505	7.71761	7.46087	7.36583
16.6141	7.71668	7.46271	7.36605
16.6779	7.71777	7.46043	7.36266
16.742	7.71322	7.46228	7.36532
16.8063	7.70945	7.46249	7.36158
16.8709	7.71483	7.46248	7.36832
16.9357	7.71431	7.47069	7.35989
17.0008	7.7164	7.46376	7.36664
17.0661	7.71536	7.46962	7.36487
17.1316	7.71701	7.46456	7.36597
17.1974	7.71789	7.47045	7.36826
17.2635	7.70781	7.46193	7.36973
17.3298	7.7089	7.46335	7.36905
17.3963	7.71355	7.46036	7.36932
17.4632	7.71782	7.46125	7.3702
17.5302	7.71363	7.46679	7.36267
17.5975	7.71048	7.4605	7.37297
17.6651	7.71861	7.46551	7.36447
17.733	7.71885	7.46659	7.36458
17.801	7.71422	7.4642	7.36732
17.8694	7.7198	7.46184	7.36994
17.938	7.71604	7.45963	7.36595
18.0069	7.71953	7.45941	7.37053
18.076	7.7165	7.46876	7.36922
18.1454	7.71784	7.47084	7.36662
18.2151	7.71969	7.46259	7.36326
18.285	7.71771	7.46977	7.3647
18.3552	7.71869	7.46362	7.36347
18.4257	7.71499	7.46504	7.368
18.4964	7.71941	7.4612	7.35942
18.5674	7.72138	7.46621	7.35953
18.6387	7.71758	7.46363	7.3672
18.7102	7.71984	7.46617	7.36447
18.782	7.71348	7.46041	7.36492
18.8541	7.71339	7.46146	7.36541
18.9265	7.71939	7.46639	7.36484
18.9991	7.71292	7.45993	7.362
19.072	7.71191	7.46885	7.37118
19.1452	7.71758	7.46492	7.36556
19.2187	7.70921	7.46243	7.36381
19.2924	7.71033	7.46925	7.3693
19.3665	7.71496	7.46426	7.36587
19.4408	7.71323	7.46288	7.36382
19.5154	7.71987	7.46841	7.36514
19.5903	7.71206	7.46687	7.36398
19.6654	7.71609	7.46369	7.36883
19.7409	7.71231	7.46555	7.36494
19.8166	7.71414	7.46816	7.36929
19.8926	7.71575	7.4672	7.368
19.9689	7.71698	7.47065	7.36738
20.0455	7.71917	7.46763	7.36485
20.1224	7.71639	7.46872	7.36611
20.1996	7.71918	7.46762	7.36965
20.2771	7.72029	7.46761	7.37171
20.3549	7.71801	7.47118	7.37219
20.433	7.71572	7.47003	7.37298
20.5114	7.71908	7.46901	7.3681
20.59	7.72134	7.46671	7.36872
20.669	7.71859	7.46497	7.36985
20.7483	7.7129	7.47037	7.36888
20.8278	7.71943	7.46528	7.36426
20.9077	7.71868	7.46772	7.37215
20.9879	7.71527	7.46268	7.37006
21.0684	7.72364	7.46971	7.36921
21.1492	7.7164	7.46932	7.36877
21.2303	7.71926	7.46467	7.36994
21.3117	7.71514	7.46975	7.36842
21.3934	7.71823	7.46958	7.36896
21.4754	7.72002	7.46631	7.36793
21.5578	7.70947	7.47153	7.36488
21.6404	7.7209	7.46712	7.36381
21.7234	7.71749	7.46685	7.36517
21.8067	7.7151	7.47369	7.36771
21.8903	7.71569	7.47322	7.36624
21.9742	7.71544	7.47415	7.36914
22.0585	7.71565	7.4705	7.37161
22.143	7.71749	7.46392	7.36829
22.2279	7.72136	7.47014	7.36466
22.3131	7.7131	7.46717	7.36273
22.3986	7.72348	7.46631	7.36718
22.4845	7.7126	7.46587	7.36689
22.5707	7.71979	7.46427	7.36993
22.6572	7.72342	7.46696	7.3683
22.744	7.72293	7.4635	7.36577
22.8312	7.72123	7.46551	7.36942
22.9187	7.72116	7.46874	7.36727
23.0066	7.72081	7.46935	7.36623
23.0947	7.71353	7.46938	7.36259
23.1833	7.72351	7.47317	7.36601
23.2721	7.72372	7.47397	7.37074
23.3613	7.71975	7.47012	7.36884
23.4508	7.71743	7.47124	7.37207
23.5407	7.72139	7.47091	7.3693
23.6309	7.72322	7.4731	7.35957
23.7214	7.72805	7.46936	7.36768
23.8123	7.72131	7.46606	7.37483
23.9036	7.72158	7.46664	7.36748
23.9951	7.71923	7.46856	7.36806
24.0871	7.71866	7.46888	7.37284
24.1794	7.71767	7.46844	7.37287
24.272	7.71902	7.46676	7.3665
24.365	7.71584	7.46508	7.37164
24.4583	7.72175	7.47485	7.36769
24.552	7.71522	7.47238	7.36757
24.6461	7.72052	7.46829	7.37289
24.7405	7.71948	7.468	7.37786
24.8353	7.71775	7.46844	7.37208
24.9304	7.72487	7.4698	7.37149
25.0259	7.72149	7.47158	7.36923
25.1218	7.72081	7.47127	7.37467
25.218	7.72436	7.4715	7.37022
25.3146	7.72161	7.47183	7.37138
25.4116	7.72139	7.47784	7.36684
25.5089	7.72261	7.46878	7.36874
25.6066	7.72095	7.46838	7.36697
25.7047	7.72373	7.47333	7.36571
25.8031	7.7239	7.47645	7.36169
25.9019	7.71951	7.47573	7.36767
26.0011	7.72273	7.47582	7.36514
26.1007	7.71411	7.47073	7.36832
26.2007	7.72632	7.47272	7.37348
26.301	7.72539	7.46542	7.37246
26.4017	7.72455	7.46721	7.37173
26.5028	7.72543	7.4652	7.36685
26.6043	7.72686	7.47006	7.36716
26.7062	7.71987	7.46406	7.37148
26.8084	7.72662	7.4657	7.36931
26.9111	7.72114	7.47276	7.37326
27.0141	7.7197	7.47559	7.37254
27.1176	7.72103	7.4735	7.37742
27.2214	7.72104	7.4674	7.37011
27.3256	7.71859	7.46633	7.37491
27.4302	7.729	7.47089	7.37693
27.5352	7.72243	7.47409	7.3687
27.6407	7.72032	7.47309	7.37499
27.7465	7.72231	7.4719	7.37031
27.8527	7.724	7.47113	7.3709
27.9593	7.72386	7.47068	7.36871
28.0664	7.72504	7.46548	7.36937
28.1738	7.72045	7.47036	7.3702
28.2816	7.72267	7.47502	7.37256
28.3899	7.72181	7.47694	7.37293
28.4986	7.72449	7.47378	7.37494
28.6077	7.72376	7.47157	7.37069
28.7172	7.72313	7.47517	7.37097
28.8271	7.72756	7.47286	7.37057
28.9374	7.72488	7.47214	7.36825
29.0482	7.72592	7.4749	7.36819
29.1593	7.72677	7.47145	7.3666
29.2709	7.72416	7.47568	7.3716
29.383	7.72565	7.46922	7.36656
29.4954	7.72365	7.47087	7.36629
29.6083	7.73021	7.47819	7.37139
29.7216	7.72883	7.47599	7.36741
29.8354	7.73189	7.47347	7.37004
29.9495	7.72975	7.47421	7.37298
30.0641	7.72935	7.47162	7.37313
30.1792	7.73025	7.47392	7.37318
30.2947	7.72557	7.47506	7.37183
30.4106	7.72109	7.47559	7.37209
30.527	7.72589	7.47497	7.37269
30.6438	7.73226	7.47501	7.37427
30.761	7.7259	7.46847	7.37423
30.8787	7.72495	7.46671	7.3722
30.9969	7.72566	7.46572	7.37015
31.1155	7.72673	7.46638	7.37883
31.2345	7.73072	7.46752	7.373
31.354	7.7273	7.46806	7.36715
31.474	7.72509	7.46576	7.37226
31.5944	7.72666	7.47237	7.36984
31.7153	7.73437	7.47143	7.37001
31.8366	7.73018	7.47567	7.37395
31.9584	7.72776	7.47021	7.36826
32.0806	7.72441	7.47534	7.37381
32.2034	7.72705	7.46885	7.36595
32.3266	7.72395	7.47574	7.37297
32.4502	7.72854	7.47667	7.37441
32.5743	7.72758	7.47644	7.37491
32.699	7.72703	7.47866	7.37599
32.824	7.72795	7.47255	7.36998
32.9496	7.72429	7.47757	7.3714
33.0756	7.72801	7.4772	7.3728
33.2021	7.72272	7.47599	7.37159
33.3291	7.7297	7.47444	7.37256
33.4566	7.72719	7.47786	7.3697
33.5846	7.72444	7.47388	7.37283
33.713	7.7284	7.47466	7.37455
33.842	7.72937	7.47869	7.37348
33.9714	7.73219	7.47322	7.37512
34.1013	7.73129	7.47506	7.37277
34.2317	7.73021	7.47102	7.37266
34.3626	7.73104	7.4721	7.38147
34.4941	7.73161	7.4741	7.37567
34.626	7.72728	7.46972	7.37558
34.7584	7.72937	7.47505	7.37295
34.8913	7.73485	7.47488	7.37241
35.0247	7.72957	7.47265	7.37326
35.1587	7.73007	7.47364	7.377
35.2931	7.73207	7.47047	7.37685
35.4281	7.73009	7.47502	7.37539
35.5635	7.73198	7.47673	7.37697
35.6995	7.73083	7.47065	7.37354
35.836	7.73183	7.47822	7.3753
35.973	7.73142	7.48336	7.37509
36.1106	7.7273	7.47935	7.37912
36.2487	7.72755	7.47988	7.37813
36.3873	7.73158	7.47585	7.37581
36.5264	7.729	7.47604	7.3766
36.666	7.73233	7.48172	7.37846
36.8062	7.73269	7.47612	7.37224
36.9469	7.73069	7.47367	7.37352
37.0882	7.7341	7.47348	7.37566
37.23	7.7265	7.46832	7.37869
37.3723	7.72692	7.4738	7.37645
37.5152	7.72827	7.476	7.37526
37.6586	7.72192	7.47476	7.3756
37.8026	7.72698	7.474	7.37552
37.9471	7.73025	7.47191	7.37747
38.0921	7.72858	7.47269	7.37962
38.2378	7.73461	7.47086	7.3779
38.3839	7.73201	7.47163	7.37733
38.5306	7.73205	7.47944	7.37506
38.6779	7.73525	7.47981	7.3774
38.8258	7.73226	7.47933	7.37809
38.9742	7.72977	7.47548	7.37531
39.1231	7.73147	7.47913	7.37964
39.2727	7.73196	7.47984	7.37638
39.4228	7.73506	7.48023	7.37593
39.5735	7.73357	7.47756	7.38159
39.7247	7.73757	7.47792	7.37905
39.8766	7.73259	7.47782	7.37763
40.029	7.73192	7.48196	7.37585
40.182	7.73144	7.48456	7.37569
40.3355	7.72697	7.48186	7.37111
40.4897	7.72896	7.48093	7.3723
40.6444	7.73105	7.48067	7.37589
40.7998	7.73448	7.47973	7.37628
40.9557	7.73076	7.48273	7.37822
41.1122	7.73144	7.47616	7.37489
41.2693	7.73406	7.48075	7.37772
41.427	7.73105	7.4782	7.36959
41.5853	7.73	7.47822	7.3769
41.7443	7.73432	7.47756	7.38188
41.9038	7.73322	7.47758	7.3791
42.0639	7.7319	7.47968	7.37605
42.2246	7.73547	7.48019	7.37662
42.386	7.73894	7.47957	7.37914
42.548	7.73618	7.47865	7.38274
42.7105	7.73396	7.48236	7.38105
42.8737	7.73464	7.48026	7.38172
43.0376	7.73149	7.48201	7.37859
43.202	7.7326	7.4837	7.37953
43.3671	7.73239	7.47981	7.3783
43.5328	7.73284	7.48387	7.38087
43.6991	7.73211	7.48133	7.38216
43.8661	7.73117	7.48463	7.3832
44.0337	7.73252	7.48315	7.37871
44.2019	7.73297	7.47953	7.37952
44.3708	7.73927	7.48207	7.37979
44.5403	7.73288	7.47763	7.37801
44.7105	7.73072	7.48265	7.3762
44.8813	7.7338	7.48509	7.37513
45.0527	7.73747	7.48445	7.37531
45.2249	7.73693	7.48327	7.37951
45.3976	7.73711	7.48173	7.37855
45.5711	7.73593	7.48255	7.38032
45.7452	7.73685	7.48261	7.37925
45.9199	7.73586	7.48087	7.37878
46.0953	7.73458	7.47873	7.38063
46.2714	7.73122	7.47866	7.38139
46.4482	7.73461	7.47859	7.37709
46.6256	7.737	7.48261	7.37641
46.8037	7.73728	7.47988	7.37699
46.9825	7.73733	7.48339	7.37295
47.162	7.73612	7.48427	7.37668
47.3421	7.73738	7.4871	7.37191
47.5229	7.73379	7.48444	7.37765
47.7045	7.73624	7.48425	7.37639
47.8867	7.73556	7.48429	7.37673
48.0696	7.73386	7.48726	7.3779
48.2532	7.73195	7.48302	7.37628
48.4375	7.7353	7.48204	7.38122
48.6225	7.7417	7.48022	7.37898
48.8082	7.73801	7.48232	7.37735
48.9946	7.73832	7.48281	7.37967
49.1818	7.73857	7.48151	7.37903
49.3696	7.73682	7.48123	7.37762
49.5582	7.73843	7.48295	7.38288
49.7474	7.74044	7.48163	7.37978
49.9374	7.74099	7.48245	7.37718
50.1281	7.73702	7.48343	7.38313
50.3196	7.73792	7.48716	7.38225
50.5117	7.74389	7.47951	7.38148
50.7047	7.7375	7.48669	7.38243
50.8983	7.73515	7.48494	7.38255
51.0927	7.73926	7.48904	7.3801
51.2878	7.73596	7.48447	7.38342
51.4837	7.73204	7.48389	7.38187
51.6802	7.7364	7.48552	7.3827
51.8776	7.74047	7.48237	7.37992
52.0757	7.73693	7.47789	7.37976
52.2746	7.73943	7.48299	7.38037
52.4742	7.74059	7.48717	7.38277
52.6746	7.73879	7.48612	7.38073
52.8757	7.73717	7.48545	7.37879
53.0776	7.73848	7.48431	7.38174
53.2803	7.7373	7.4857	7.38338
53.4837	7.74037	7.48694	7.38279
53.688	7.74212	7.48607	7.38451
53.8929	7.7431	7.48417	7.38311
54.0987	7.73854	7.48872	7.37919
54.3053	7.74159	7.48334	7.38148
54.5126	7.74143	7.48012	7.38083
54.7208	7.7432	7.48469	7.37793
54.9297	7.74086	7.48437	7.37612
55.1394	7.74428	7.48414	7.3841
55.3499	7.74214	7.4863	7.3796
55.5613	7.74281	7.48409	7.38041
55.7734	7.7389	7.4835	7.38307
55.9864	7.73951	7.48469	7.38019
56.2001	7.74215	7.48274	7.37368
56.4147	7.73871	7.48666	7.38042
56.63	7.74385	7.482	7.37995
56.8462	7.74406	7.48456	7.38443
57.0633	7.74213	7.48608	7.38289
57.2811	7.74256	7.48393	7.38371
57.4998	7.74328	7.48544	7.38105
57.7193	7.74115	7.48389	7.38376
57.9397	7.7422	7.48838	7.37978
58.1608	7.74665	7.48879	7.37824
58.3829	7.74445	7.48892	7.37758
58.6057	7.74347	7.49038	7.38097
58.8295	7.74283	7.48709	7.3823
59.054	7.74027	7.48544	7.37563
59.2795	7.74665	7.48493	7.37898
59.5058	7.74178	7.49046	7.37741
59.7329	7.74096	7.48766	7.3815
59.9609	7.74187	7.48974	7.38161
60.1898	7.74203	7.48854	7.38159
60.4196	7.74406	7.49281	7.3823
60.6502	7.74248	7.4898	7.3865
60.8817	7.74266	7.48981	7.38224
61.1141	7.74395	7.49188	7.38495
61.3474	7.74316	7.49056	7.38461
61.5815	7.74117	7.49165	7.38113
61.8166	7.74487	7.4835	7.37999
62.0525	7.74476	7.49025	7.3793
62.2894	7.74636	7.4907	7.37959
62.5271	7.74063	7.48527	7.37683
62.7658	7.74438	7.48857	7.38412
63.0053	7.74845	7.48782	7.38182
63.2458	7.74456	7.48759	7.3827
63.4872	7.74274	7.49265	7.38588
63.7295	7.74467	7.4957	7.38692
63.9728	7.74526	7.49093	7.38611
64.2169	7.74545	7.48565	7.3856
64.462	7.74506	7.48941	7.38616
64.708	7.74708	7.48894	7.37993
64.955	7.74448	7.48549	7.37937
65.2029	7.74463	7.48752	7.38569
65.4517	7.74568	7.48773	7.38444
65.7015	7.74727	7.49004	7.38378
65.9523	7.74084	7.48814	7.38558
66.2039	7.74289	7.49078	7.38252
66.4566	7.74511	7.4866	7.38279
66.7102	7.74606	7.4856	7.38915
66.9648	7.74607	7.486	7.38327
67.2204	7.74477	7.48776	7.38339
67.4769	7.74949	7.48952	7.38425
67.7344	7.7453	7.48984	7.38481
67.9929	7.74662	7.49	7.38549
68.2523	7.74255	7.48881	7.3854
68.5128	7.74216	7.48872	7.3873
68.7742	7.7467	7.49249	7.38152
69.0367	7.74122	7.49002	7.38256
69.3001	7.74327	7.48844	7.38058
69.5646	7.74107	7.48894	7.38468
69.83	7.74466	7.48768	7.38272
70.0965	7.74712	7.48773	7.38352
70.364	7.74313	7.49092	7.38749
70.6324	7.74171	7.49063	7.38882
70.902	7.74372	7.49415	7.38923
71.1725	7.74267	7.49169	7.38829
71.4441	7.74219	7.49213	7.38879
71.7167	7.74266	7.49045	7.38685
71.9903	7.74308	7.48801	7.38266
72.265	7.74315	7.49078	7.38087
72.5407	7.75078	7.49192	7.38496
72.8175	7.75079	7.4909	7.38391
73.0954	7.74666	7.49104	7.38798
73.3743	7.74533	7.49132	7.38423
73.6542	7.74712	7.49313	7.38478
73.9352	7.74695	7.49217	7.38397
74.2173	7.7476	7.48958	7.38479
74.5005	7.74487	7.48831	7.3867
74.7848	7.74451	7.4887	7.38724
75.0701	7.74893	7.48515	7.38444
75.3565	7.75003	7.48858	7.38265
75.644	7.74534	7.48919	7.38107
75.9326	7.74294	7.48836	7.38295
76.2223	7.74261	7.49515	7.3828
76.5131	7.74476	7.49506	7.38454
76.805	7.74566	7.49274	7.38767
77.098	7.74419	7.48859	7.38635
77.3922	7.74821	7.48946	7.38592
77.6874	7.74963	7.48942	7.38896
77.9838	7.75134	7.48683	7.38512
78.2813	7.75033	7.48957	7.38421
78.5799	7.74826	7.49015	7.38365
78.8797	7.74513	7.48965	7.38557
79.1806	7.74536	7.48923	7.38203
79.4827	7.74433	7.49313	7.38483
79.7859	7.74436	7.49767	7.38519
80.0903	7.74575	7.4974	7.3879
80.3958	7.74636	7.49487	7.38769
80.7025	7.74411	7.49173	7.38546
81.0104	7.74425	7.49033	7.38848
81.3194	7.74995	7.48949	7.38641
81.6296	7.75105	7.48631	7.38878
81.941	7.74998	7.49072	7.38896
82.2536	7.74786	7.49217	7.38667
82.5674	7.75072	7.49032	7.38831
82.8823	7.75172	7.49318	7.38705
83.1985	7.75137	7.49133	7.38544
83.5158	7.7494	7.49426	7.38805
83.8344	7.74565	7.49294	7.38941
84.1542	7.74838	7.48826	7.38829
84.4752	7.75172	7.49028	7.39035
84.7974	7.75198	7.49157	7.38927
85.1209	7.75347	7.49337	7.38723
85.4456	7.74913	7.49356	7.38901
85.7715	7.74839	7.49574	7.39008
86.0986	7.74558	7.49223	7.38481
86.4271	7.74441	7.49272	7.38762
86.7567	7.74955	7.49534	7.38772
87.0876	7.75387	7.49659	7.38704
87.4198	7.75331	7.4927	7.3859
87.7533	7.75351	7.49281	7.38556
88.088	7.75076	7.49109	7.38715
88.4239	7.74639	7.49622	7.38887
88.7612	7.749	7.49589	7.38971
89.0997	7.74695	7.49408	7.38916
89.4396	7.74704	7.49585	7.39325
89.7807	7.74544	7.49765	7.39092
90.1231	7.74677	7.49313	7.39227
90.4669	7.74922	7.49254	7.38873
90.8119	7.75001	7.49608	7.38369
91.1583	7.75056	7.49858	7.3841
91.5059	7.75	7.49298	7.38367
91.8549	7.74909	7.49629	7.38863
92.2053	7.75108	7.49295	7.38862
92.5569	7.74883	7.49669	7.39155
92.9099	7.75075	7.49747	7.39139
93.2643	7.74948	7.49793	7.39048
93.6199	7.75246	7.49453	7.39028
93.977	7.75087	7.49249	7.39215
94.3354	7.75302	7.49096	7.38831
94.6952	7.74963	7.49648	7.3863
95.0563	7.74797	7.49374	7.38995
95.4188	7.74961	7.49542	7.38891
95.7827	7.75225	7.49414	7.3908
96.148	7.75243	7.49394	7.3882
96.5147	7.75172	7.49692	7.38823
96.8827	7.75445	7.49476	7.38977
97.2522	7.74907	7.49598	7.38981
97.6231	7.74943	7.49469	7.38542
97.9954	7.75033	7.49574	7.38943
98.3691	7.75133	7.49441	7.38818
98.7442	7.752	7.49527	7.38845
99.1208	7.75084	7.49679	7.38532
99.4988	7.75317	7.49391	7.3866
99.8782	7.75035	7.49622	7.38835
100.259	7.75038	7.49806	7.38835
100.641	7.74735	7.49681	7.38821
101.025	7.7528	7.49403	7.38973
101.41	7.74996	7.49485	7.38903
101.797	7.74987	7.49607	7.38836
102.185	7.75189	7.49643	7.38854
102.575	7.75256	7.49738	7.38866
102.966	7.75242	7.49706	7.39499
103.359	7.75423	7.4944	7.38933
103.753	7.7532	7.50083	7.38974
104.148	7.75431	7.49688	7.38847
104.546	7.75231	7.49772	7.39062
104.944	7.75242	7.49561	7.38918
105.344	7.75557	7.49752	7.3872
105.746	7.75143	7.4985	7.38661
106.149	7.75442	7.49656	7.38647
106.554	7.75515	7.49697	7.38949
106.96	7.7514	7.49586	7.38846
107.368	7.7493	7.4934	7.38884
107.778	7.75118	7.49587	7.38981
108.189	7.75565	7.49661	7.39183
108.601	7.75583	7.4954	7.38951
109.015	7.75879	7.49737	7.38662
109.431	7.75287	7.49921	7.38766
109.848	7.75132	7.49861	7.38973
110.267	7.75293	7.49755	7.39023
110.687	7.75009	7.49471	7.38721
111.109	7.75254	7.49793	7.39116
111.533	7.75316	7.49848	7.38778
111.958	7.75567	7.49844	7.38896
112.385	7.75381	7.4995	7.38815
112.814	7.75437	7.49973	7.38953
113.244	7.75209	7.49899	7.39082
113.676	7.7544	7.49546	7.39119
114.109	7.75429	7.49222	7.38836
114.544	7.75154	7.49576	7.38751
114.981	7.74932	7.49916	7.3879
115.419	7.75645	7.49799	7.38836
115.859	7.75736	7.49764	7.38918
116.301	7.75704	7.4959	7.3864
116.744	7.75693	7.49561	7.39108
117.189	7.7579	7.49686	7.39325
117.636	7.75681	7.49277	7.38792
118.085	7.75093	7.49704	7.38838
118.535	7.75294	7.50059	7.39052
118.987	7.75493	7.4985	7.39057
119.44	7.75719	7.49707	7.38962
119.896	7.75725	7.49554	7.38771
120.353	7.75376	7.50013	7.3898
120.812	7.7545	7.49886	7.38888
121.272	7.75628	7.49882	7.38994
121.735	7.75216	7.49732	7.3863
122.199	7.75402	7.4972	7.38584
122.665	7.75509	7.49636	7.38937
123.132	7.75669	7.49721	7.38905
123.602	7.75742	7.49972	7.38874
124.073	7.75798	7.5015	7.38963
124.546	7.75648	7.50263	7.39024
125.021	7.75166	7.49711	7.39174
125.497	7.75291	7.4954	7.38863
125.976	7.75557	7.49703	7.3879
126.456	7.75474	7.49778	7.38875
126.938	7.75409	7.49912	7.39157
127.422	7.75337	7.5002	7.39272
127.908	7.75439	7.49837	7.38916
128.395	7.75488	7.49923	7.39066
128.885	7.7553	7.49755	7.39018
129.376	7.75644	7.49662	7.38943
129.869	7.75771	7.49683	7.39016
130.364	7.75618	7.49555	7.39014
130.861	7.75465	7.49782	7.38845
131.36	7.754	7.501	7.39105
131.861	7.75374	7.50027	7.3897
132.364	7.75404	7.49877	7.38684
132.868	7.75389	7.49587	7.3878
133.375	7.75665	7.50018	7.39051
133.883	7.75713	7.49936	7.39023
134.393	7.75615	7.49783	7.3907
134.906	7.75749	7.5027	7.38927
135.42	7.75598	7.49697	7.38938
135.936	7.75307	7.49852	7.39013
136.454	7.75217	7.49751	7.3888
136.975	7.75628	7.49567	7.39401
137.497	7.75982	7.49617	7.39037
138.021	7.75599	7.49856	7.3879
138.547	7.75619	7.49993	7.39018
139.075	7.75489	7.49976	7.38983
139.605	7.75442	7.49821	7.39179
140.137	7.75668	7.49786	7.39239
140.671	7.75784	7.49858	7.38845
141.208	7.75795	7.50068	7.3904
141.746	7.75726	7.49985	7.39403
142.286	7.75865	7.49797	7.39223
142.829	7.75706	7.49989	7.39111
143.373	7.7536	7.49882	7.39242
143.919	7.75611	7.50189	7.39144
144.468	7.75785	7.5004	7.38996
145.019	7.75696	7.49976	7.38903
145.571	7.75879	7.49589	7.38714
146.126	7.75725	7.49954	7.38781
146.683	7.75471	7.49864	7.39204
147.242	7.75424	7.49844	7.39143
147.804	7.75641	7.50197	7.38953
148.367	7.75826	7.49676	7.3936
148.932	7.75606	7.49839	7.39079
149.5	7.75769	7.49569	7.38953
150.07	7.75549	7.49524	7.39145
150.642	7.75677	7.49794	7.392
151.216	7.75539	7.50175	7.39057
151.792	7.75464	7.49969	7.38752
152.371	7.75641	7.4964	7.38968
152.952	7.75798	7.49654	7.39197
153.535	7.75593	7.49621	7.3883
154.12	7.75546	7.50087	7.38873
154.707	7.75501	7.5019	7.39106
155.297	7.75241	7.49859	7.39128
155.889	7.75608	7.49959	7.38951
156.483	7.75717	7.49932	7.39008
157.079	7.75717	7.49879	7.39026
157.678	7.75536	7.49953	7.38988
158.279	7.75762	7.49906	7.39169
158.882	7.75403	7.49733	7.39081
159.488	7.7539	7.49874	7.3886
160.096	7.75437	7.5021	7.38931
160.706	7.75348	7.50172	7.38651
161.318	7.75549	7.50035	7.38766
161.933	7.7556	7.49856	7.39129
162.55	7.7539	7.49624	7.39345
163.17	7.75429	7.49705	7.38774
163.792	7.75674	7.5021	7.38656
164.416	7.7559	7.49972	7.38811
165.043	7.75593	7.49989	7.39101
165.672	7.75415	7.49984	7.39082
166.303	7.75325	7.49889	7.38857
166.937	7.75493	7.50194	7.38635
167.573	7.75568	7.50112	7.38706
168.212	7.75423	7.50262	7.39135
168.853	7.75234	7.49874	7.39169
169.496	7.74855	7.4988	7.39269
170.142	7.75058	7.49445	7.39442
170.791	7.75555	7.50292	7.38765
171.441	7.7558	7.49884	7.38854
172.095	7.75103	7.50015	7.39173
172.751	7.75051	7.49747	7.39431
173.409	7.75355	7.49645	7.39157
174.07	7.75543	7.49751	7.38844
174.733	7.75138	7.50034	7.39001
175.399	7.7502	7.49909	7.38919
176.068	7.75307	7.49767	7.39006
176.739	7.75425	7.49743	7.38948
177.412	7.7537	7.49818	7.38677
178.088	7.74987	7.50111	7.38719
178.767	7.74949	7.50278	7.39081
179.448	7.7502	7.49987	7.38975
180.132	7.75097	7.49689	7.38877
180.818	7.75309	7.50041	7.39027
181.507	7.7541	7.49819	7.38617
182.199	7.75112	7.49949	7.38789
182.893	7.74878	7.49979	7.38833
183.59	7.75263	7.49739	7.39069
184.29	7.75273	7.49916	7.39213
184.992	7.7518	7.49878	7.38643
185.697	7.74856	7.49851	7.38752
186.405	7.74935	7.49916	7.39039
187.115	7.75422	7.49882	7.39097
187.828	7.75246	7.5015	7.3899
188.544	7.75099	7.49946	7.38888
189.263	7.74945	7.49787	7.38849
189.984	7.74946	7.49684	7.39057
190.708	7.75073	7.49701	7.38858
191.435	7.75214	7.49974	7.38824
192.164	7.75466	7.49826	7.39137
192.896	7.75431	7.50027	7.3909
193.631	7.75062	7.50243	7.38886
194.369	7.75336	7.4993	7.38925
195.11	7.75007	7.50213	7.39133
195.853	7.75339	7.50016	7.38949
196.6	7.7513	7.50295	7.38911
197.349	7.7512	7.5022	7.388
198.101	7.75057	7.50252	7.3894
198.856	7.74886	7.49838	7.38879
199.613	7.75331	7.50101	7.38734
200.374	7.75176	7.50149	7.39074
201.138	7.74812	7.49823	7.38838
201.904	7.74877	7.49699	7.38767
202.673	7.75227	7.49646	7.38664
203.446	7.74801	7.49956	7.38958
204.221	7.75078	7.4997	7.38882
204.999	7.7527	7.49939	7.38727
205.78	7.75087	7.49543	7.38701
206.564	7.75075	7.49751	7.38778
207.352	7.74961	7.50171	7.38872
208.142	7.75018	7.50176	7.38673
208.935	7.75282	7.49446	7.38848
209.731	7.75507	7.49788	7.3889
210.53	7.75435	7.50043	7.3887
211.332	7.75208	7.50107	7.38643
212.137	7.75127	7.49782	7.38667
212.946	7.75276	7.49896	7.38887
213.757	7.7507	7.50035	7.38852
214.572	7.75008	7.50045	7.38769
215.389	7.74985	7.49781	7.38548
216.21	7.75194	7.49776	7.38771
217.034	7.75075	7.49954	7.38943
217.861	7.74908	7.4992	7.38778
218.691	7.7529	7.49711	7.38665
219.524	7.74904	7.49441	7.38716
220.361	7.74751	7.49887	7.38828
221.2	7.75113	7.50027	7.38822
222.043	7.74635	7.49597	7.3867
222.889	7.75009	7.4952	7.38555
223.738	7.74908	7.49621	7.38647
224.591	7.74925	7.49816	7.38654
225.447	7.74503	7.49953	7.38671
226.306	7.75137	7.49635	7.38448
227.168	7.74841	7.49614	7.38876
228.033	7.74584	7.50109	7.38917
228.902	7.74091	7.4974	7.38574
229.774	7.74467	7.49761	7.3856
230.65	7.74621	7.49599	7.38599
231.529	7.74757	7.50063	7.3874
232.411	7.74304	7.49967	7.38673
233.296	7.74823	7.50051	7.3845
234.185	7.75145	7.49699	7.38726
235.078	7.74819	7.49858	7.38739
235.973	7.74327	7.4993	7.38517
236.872	7.74485	7.49832	7.38497
237.775	7.74435	7.49781	7.38417
238.681	7.74583	7.49909	7.38641
239.59	7.74489	7.49779	7.3832
240.503	7.74683	7.49608	7.38569
241.419	7.74995	7.49781	7.3856
242.339	7.74672	7.49865	7.38379
243.263	7.74504	7.49662	7.38414
244.189	7.74686	7.49909	7.38571
245.12	7.74504	7.49974	7.38097
246.054	7.74553	7.49792	7.38236
246.991	7.74906	7.49796	7.38593
247.932	7.74583	7.49835	7.38519
248.877	7.74458	7.49664	7.38601
249.825	7.74653	7.49898	7.38028
250.777	7.74522	7.49835	7.38419
251.732	7.74471	7.49819	7.38459
252.691	7.74605	7.49779	7.38016
253.654	7.7484	7.497	7.38427
254.62	7.74738	7.49638	7.38374
255.591	7.74203	7.49582	7.38203
256.564	7.74508	7.49791	7.38646
257.542	7.75025	7.49542	7.38369
258.523	7.7468	7.49704	7.3835
259.508	7.74721	7.49757	7.38203
260.497	7.74706	7.49566	7.38086
261.489	7.74481	7.49825	7.38409
262.485	7.74356	7.49592	7.38194
263.485	7.74457	7.49387	7.38177
264.489	7.74535	7.49316	7.38388
265.497	7.74315	7.49557	7.38081
266.508	7.74516	7.49313	7.38231
267.524	7.74499	7.49382	7.38229
268.543	7.74279	7.49693	7.38252
269.566	7.74367	7.49839	7.38391
270.593	7.74601	7.49275	7.38333
271.624	7.74308	7.49684	7.38297
272.659	7.74217	7.4964	7.38152
273.698	7.74447	7.49599	7.38297
274.74	7.74527	7.49155	7.38515
275.787	7.74454	7.49568	7.38068
276.838	7.74379	7.49644	7.38302
277.892	7.74179	7.49464	7.38303
278.951	7.74138	7.49782	7.38019
280.014	7.74123	7.4942	7.38213
281.081	7.74472	7.49304	7.38025
282.151	7.74112	7.4942	7.38056
283.226	7.74056	7.49487	7.3815
284.305	7.74384	7.49153	7.37922
285.388	7.74405	7.49576	7.37887
286.476	7.73928	7.4959	7.37696
287.567	7.74209	7.49094	7.38184
288.663	7.7406	7.49401	7.38294
289.762	7.74059	7.49262	7.37989
290.866	7.74261	7.4935	7.37988
291.974	7.74166	7.49355	7.38122
293.087	7.7417	7.49269	7.37916
294.203	7.74152	7.49264	7.37936
295.324	7.74083	7.49424	7.38134
296.449	7.74026	7.49504	7.38055
297.578	7.74117	7.49639	7.37983
298.712	7.73902	7.49431	7.38386
300	7.74138	7.49462	7.3824