5.75E-4	7.7435	7.82608	7.81953	7.88282
0.00115	7.84917	7.8701	7.89582	7.78946
0.001725	7.98633	7.84621	7.9036	7.79979
0.0023	8.09977	7.9762	7.91325	7.89551
0.002875	8.02643	8.01637	7.80802	7.92206
0.0034625	8.00729	7.9983	7.86882	7.86689
0.00405	7.95894	7.94563	7.87205	7.88363
0.004625	7.88937	7.92202	7.82493	7.75623
0.005225	7.95373	7.97297	7.89558	7.80423
0.0058125	7.84152	7.88498	7.88506	7.79032
0.0064	7.86621	7.92426	7.88449	7.83069
0.007	7.9444	7.94737	7.84541	7.83533
0.0076	7.85329	7.94985	7.83275	7.84461
0.0082	7.91987	7.98261	7.82868	7.83231
0.0088	7.87619	7.88325	7.83954	7.80153
0.0094	7.91463	7.88305	7.88188	7.77573
0.0100125	7.89899	7.90552	7.79068	7.77984
0.010625	7.86391	7.90009	7.86761	7.75332
0.0112375	7.88181	7.89837	7.84838	7.83227
0.01185	7.81915	7.96198	7.82829	7.81628
0.0124625	7.86805	7.93042	7.8052	7.78498
0.013075	7.83068	7.86787	7.78301	7.76829
0.0137	7.83886	7.92968	7.82816	7.82623
0.014325	7.88625	7.91626	7.84597	7.78617
0.01495	7.80055	7.86474	7.81621	7.75636
0.015575	7.8249	7.92873	7.80399	7.80298
0.0162125	7.88623	7.87433	7.75843	7.78124
0.0168375	7.88729	7.90756	7.69444	7.70338
0.017475	7.83061	7.82386	7.72597	7.74923
0.0181125	7.86927	7.88168	7.83262	7.76646
0.01875	7.85658	7.85187	7.75897	7.82658
0.0194	7.83281	7.82941	7.75676	7.79083
0.0200375	7.77888	7.8809	7.71486	7.80799
0.0206875	7.82005	7.80893	7.69991	7.84395
0.0213375	7.80368	7.82606	7.75341	7.74857
0.0219875	7.81541	7.81757	7.82455	7.80164
0.02265	7.8256	7.89633	7.76031	7.75811
0.0233	7.82163	7.82746	7.70764	7.75265
0.0239625	7.82434	7.86618	7.66745	7.75351
0.024625	7.82403	7.79985	7.77043	7.76689
0.0252875	7.79277	7.8315	7.682	7.71488
0.0259625	7.79305	7.83135	7.75269	7.71207
0.026625	7.83435	7.8787	7.78506	7.75612
0.0273	7.83123	7.87126	7.7511	7.70679
0.027975	7.80598	7.84323	7.70824	7.70565
0.02865	7.83175	7.82161	7.70989	7.71991
0.0293375	7.80204	7.7655	7.73893	7.72168
0.0300125	7.79203	7.84745	7.75605	7.75771
0.0307	7.79842	7.81545	7.73931	7.74527
0.0313875	7.74658	7.8329	7.723	7.73063
0.0320875	7.74048	7.78414	7.65136	7.71113
0.032775	7.75402	7.75675	7.72785	7.67557
0.033475	7.79114	7.80215	7.7058	7.7031
0.034175	7.73359	7.76335	7.70597	7.73152
0.034875	7.73197	7.74952	7.74316	7.72406
0.035575	7.77514	7.7235	7.75454	7.66181
0.0362875	7.72019	7.76439	7.70134	7.65467
0.0369875	7.75634	7.72542	7.69768	7.63139
0.0377	7.73167	7.72818	7.73684	7.68683
0.0384125	7.76076	7.76377	7.75487	7.64246
0.0391375	7.7001	7.72836	7.72412	7.64882
0.03985	7.73116	7.734	7.68696	7.64976
0.040575	7.70857	7.71268	7.67118	7.64573
0.0413	7.72235	7.67859	7.70589	7.66653
0.0420375	7.71204	7.68704	7.69526	7.67129
0.0427625	7.6511	7.70498	7.6639	7.6253
0.0435	7.65151	7.73401	7.67256	7.66368
0.0442375	7.59885	7.71777	7.66199	7.60855
0.044975	7.64567	7.63273	7.72611	7.61967
0.0457125	7.66475	7.67078	7.69497	7.56325
0.0464625	7.68505	7.66434	7.68856	7.58628
0.0472125	7.66707	7.66969	7.67819	7.57003
0.0479625	7.60728	7.67481	7.64917	7.54214
0.0487125	7.60295	7.65075	7.66312	7.60787
0.049475	7.60894	7.67205	7.64614	7.60841
0.050225	7.61531	7.64965	7.6609	7.62295
0.0509875	7.54786	7.70702	7.6991	7.60524
0.0517625	7.68563	7.66451	7.68636	7.55978
0.052525	7.5914	7.65666	7.60166	7.56423
0.0533	7.61313	7.62181	7.67202	7.61236
0.054075	7.66729	7.72413	7.68737	7.59267
0.05485	7.6402	7.69648	7.65424	7.57844
0.055625	7.58483	7.69114	7.66264	7.57921
0.0564125	7.60121	7.66965	7.6509	7.564
0.0572	7.61946	7.67244	7.61295	7.57389
0.0579875	7.62118	7.67137	7.65592	7.57484
0.058775	7.60118	7.6905	7.62347	7.56165
0.059575	7.56301	7.74634	7.69466	7.6122
0.060375	7.57209	7.66015	7.63262	7.56143
0.061175	7.59766	7.63443	7.68271	7.53368
0.061975	7.62012	7.65233	7.62279	7.51305
0.0627875	7.64562	7.64486	7.64382	7.55317
0.0636	7.67781	7.64833	7.64301	7.53471
0.0644125	7.62801	7.67973	7.63568	7.56297
0.065225	7.53817	7.58709	7.60934	7.53329
0.0660375	7.58162	7.62665	7.62574	7.54607
0.0668625	7.63108	7.58326	7.63745	7.54868
0.0676875	7.53622	7.64515	7.63943	7.54328
0.068525	7.54439	7.62836	7.62148	7.50154
0.06935	7.55348	7.63693	7.62899	7.55177
0.0701875	7.53633	7.65462	7.63515	7.52154
0.071025	7.59218	7.65925	7.62348	7.53281
0.0718625	7.51456	7.6172	7.62875	7.48508
0.0727125	7.54169	7.6086	7.5898	7.46944
0.0735625	7.56151	7.60494	7.61656	7.53796
0.0744125	7.55108	7.62456	7.63285	7.54559
0.0752625	7.54703	7.64799	7.64049	7.55446
0.076125	7.57076	7.58757	7.56301	7.51925
0.0769875	7.52624	7.56118	7.63291	7.52916
0.07785	7.53265	7.62066	7.61155	7.53
0.0787125	7.48538	7.61511	7.6156	7.52389
0.0795875	7.54513	7.5824	7.57552	7.48695
0.0804625	7.50517	7.54849	7.62523	7.46663
0.0813375	7.51003	7.56942	7.594	7.53957
0.082225	7.51934	7.592	7.60241	7.52134
0.0831	7.52492	7.61891	7.6278	7.51295
0.0839875	7.517	7.58157	7.56714	7.47642
0.0848875	7.52615	7.6038	7.53435	7.44316
0.085775	7.53566	7.56208	7.58543	7.46848
0.086675	7.48451	7.56505	7.53327	7.45572
0.087575	7.54265	7.53486	7.58279	7.50501
0.088475	7.49406	7.55474	7.57859	7.43716
0.0893875	7.53965	7.5506	7.57334	7.4541
0.0903	7.49267	7.58161	7.55124	7.51098
0.0912125	7.51066	7.6174	7.54674	7.50886
0.0921375	7.47646	7.57396	7.586	7.45222
0.09305	7.46201	7.51701	7.57091	7.45934
0.0939875	7.48706	7.53326	7.57018	7.46986
0.0949125	7.48579	7.53374	7.55455	7.47353
0.0958375	7.48867	7.56136	7.55225	7.48816
0.096775	7.48379	7.55609	7.52575	7.44853
0.097725	7.48822	7.51625	7.55447	7.42419
0.0986625	7.49959	7.53183	7.57383	7.46469
0.0996125	7.47779	7.57942	7.5437	7.43877
0.100562	7.49685	7.51448	7.50687	7.39634
0.101512	7.46662	7.51391	7.55652	7.43432
0.102475	7.47336	7.57009	7.59571	7.40134
0.103437	7.47149	7.54217	7.52444	7.4448
0.1044	7.50279	7.54956	7.53284	7.46241
0.105362	7.497	7.49482	7.51409	7.44081
0.106338	7.48798	7.53175	7.53305	7.42956
0.107313	7.46915	7.49278	7.53591	7.39093
0.1083	7.49057	7.50537	7.50913	7.39561
0.109275	7.46378	7.54679	7.51717	7.438
0.110262	7.47214	7.52757	7.53299	7.44205
0.11125	7.48083	7.54403	7.54054	7.43923
0.11225	7.41696	7.49188	7.51159	7.45407
0.11325	7.4762	7.51928	7.51032	7.4086
0.11425	7.4196	7.53642	7.54916	7.40264
0.115263	7.46368	7.53716	7.51958	7.41849
0.116263	7.42222	7.48195	7.51452	7.43143
0.117288	7.48146	7.48353	7.51441	7.3851
0.1183	7.44152	7.50175	7.51006	7.46075
0.119325	7.46778	7.47093	7.50341	7.38859
0.12035	7.42047	7.44438	7.48479	7.38813
0.121375	7.43787	7.52007	7.4916	7.40657
0.122413	7.4036	7.54499	7.50764	7.40959
0.12345	7.45006	7.48421	7.48208	7.44103
0.124487	7.41365	7.45519	7.47422	7.39877
0.125537	7.40358	7.4899	7.48487	7.34664
0.126587	7.48642	7.4515	7.48423	7.40068
0.127638	7.43212	7.46442	7.53382	7.39884
0.128688	7.43103	7.45361	7.48205	7.35489
0.12975	7.42376	7.48472	7.47462	7.35971
0.130825	7.43315	7.42359	7.43789	7.38375
0.131887	7.43709	7.41511	7.48317	7.36215
0.132962	7.4766	7.4949	7.47397	7.36479
0.134037	7.44253	7.48205	7.49998	7.38799
0.135125	7.38043	7.4997	7.45967	7.39864
0.1362	7.38777	7.40442	7.44992	7.36744
0.1373	7.39718	7.47754	7.47114	7.35512
0.138388	7.4547	7.45864	7.45982	7.34175
0.139488	7.41403	7.45349	7.49208	7.37932
0.140587	7.43235	7.47131	7.46551	7.33591
0.1417	7.35006	7.45413	7.45785	7.3733
0.142813	7.42614	7.43849	7.46817	7.39309
0.143925	7.40056	7.45558	7.48763	7.32782
0.145038	7.40338	7.46231	7.46221	7.34199
0.146162	7.42846	7.4623	7.48756	7.37325
0.147288	7.39923	7.43705	7.49338	7.32268
0.148425	7.43343	7.45775	7.45718	7.36632
0.149562	7.3951	7.41863	7.45296	7.32121
0.1507	7.42844	7.42984	7.44535	7.35785
0.15185	7.39694	7.43828	7.495	7.37123
0.153	7.38472	7.40789	7.42199	7.3352
0.15415	7.41586	7.48131	7.42253	7.34071
0.155312	7.38284	7.45559	7.4657	7.34791
0.156475	7.37567	7.42347	7.46558	7.31444
0.157638	7.35508	7.46089	7.44589	7.32557
0.158812	7.38156	7.394	7.43535	7.33567
0.159987	7.38193	7.43588	7.44466	7.37131
0.161162	7.37536	7.40769	7.38316	7.32756
0.16235	7.38914	7.4407	7.43336	7.35696
0.163538	7.36473	7.38077	7.38668	7.33376
0.164737	7.37711	7.43086	7.40252	7.35332
0.165925	7.36273	7.40152	7.39502	7.34286
0.167138	7.37666	7.42745	7.44049	7.30337
0.168337	7.35461	7.38714	7.42667	7.32686
0.16955	7.33826	7.38943	7.43705	7.32507
0.170775	7.36133	7.42172	7.41402	7.28848
0.171988	7.42728	7.3968	7.41991	7.31148
0.173212	7.3355	7.4045	7.41356	7.30693
0.17445	7.39882	7.39319	7.40698	7.2552
0.175688	7.36723	7.40384	7.40301	7.33796
0.176925	7.32992	7.36165	7.39791	7.30963
0.178175	7.34983	7.40775	7.41656	7.34367
0.179412	7.33926	7.41831	7.43993	7.3142
0.180675	7.33451	7.36937	7.439	7.30442
0.181938	7.35869	7.39365	7.41946	7.32271
0.1832	7.3493	7.39454	7.38534	7.31131
0.184463	7.36672	7.39455	7.38107	7.28473
0.185738	7.33219	7.37516	7.42138	7.30837
0.187012	7.3494	7.35872	7.41496	7.30825
0.1883	7.31703	7.38426	7.38264	7.29252
0.189588	7.36678	7.37319	7.40441	7.26846
0.190875	7.36693	7.39404	7.38211	7.2746
0.192175	7.3107	7.35345	7.39904	7.2777
0.193487	7.32372	7.32228	7.36652	7.32058
0.194788	7.29015	7.35236	7.36002	7.30597
0.1961	7.34384	7.3825	7.38961	7.26282
0.197425	7.33198	7.3721	7.36634	7.34173
0.198738	7.2905	7.37608	7.41848	7.29765
0.200075	7.30754	7.33724	7.37981	7.27366
0.2014	7.32388	7.37077	7.36922	7.27236
0.202737	7.33461	7.36344	7.37257	7.26348
0.204087	7.32182	7.32822	7.3129	7.23878
0.205437	7.2999	7.3427	7.35167	7.25984
0.206787	7.32457	7.3385	7.39828	7.27709
0.20815	7.31725	7.33234	7.33412	7.23333
0.209513	7.33397	7.32797	7.36766	7.30718
0.210875	7.3181	7.29699	7.35292	7.31045
0.21225	7.31734	7.35985	7.36049	7.24698
0.213638	7.3394	7.35253	7.35335	7.25645
0.215013	7.30768	7.36067	7.37329	7.30013
0.2164	7.27035	7.37312	7.36891	7.24076
0.2178	7.28395	7.34558	7.30492	7.24886
0.2192	7.28167	7.33249	7.37015	7.2468
0.220612	7.30374	7.33744	7.31574	7.25025
0.222013	7.30174	7.30172	7.38383	7.26093
0.223438	7.27639	7.37501	7.34757	7.25421
0.224863	7.24255	7.3547	7.37707	7.24329
0.226287	7.30082	7.33172	7.38595	7.24832
0.227712	7.29612	7.30983	7.3325	7.28133
0.22915	7.2911	7.33013	7.33725	7.27067
0.2306	7.31376	7.36912	7.38554	7.26988
0.23205	7.27106	7.30196	7.33582	7.22897
0.2335	7.31443	7.33473	7.33869	7.24811
0.234962	7.2421	7.34465	7.35153	7.27133
0.236425	7.26745	7.32969	7.33902	7.25764
0.2379	7.28987	7.29114	7.34256	7.24213
0.239375	7.29848	7.30725	7.33246	7.23616
0.240863	7.25696	7.30898	7.34401	7.23891
0.24235	7.29185	7.30402	7.34074	7.23481
0.243838	7.26682	7.32439	7.33641	7.25816
0.245338	7.26364	7.27333	7.31796	7.2314
0.24685	7.27341	7.30676	7.35164	7.2426
0.248362	7.28909	7.29662	7.34675	7.20343
0.249875	7.27487	7.31699	7.33703	7.22735
0.2514	7.26772	7.32391	7.35301	7.24762
0.252925	7.27371	7.30209	7.31778	7.21547
0.254463	7.25774	7.34755	7.32119	7.22876
0.256	7.26042	7.32542	7.30058	7.218
0.25755	7.28665	7.29965	7.34524	7.24531
0.2591	7.25143	7.30534	7.33059	7.2317
0.26065	7.24883	7.30445	7.29402	7.20342
0.262225	7.28929	7.28848	7.32858	7.23185
0.263788	7.27899	7.24448	7.32295	7.24122
0.265363	7.2541	7.30746	7.28453	7.2253
0.26695	7.26947	7.31216	7.30862	7.21809
0.268537	7.2319	7.28338	7.31464	7.24155
0.270125	7.23939	7.2725	7.29989	7.18994
0.271725	7.22902	7.29489	7.28769	7.20786
0.273338	7.23913	7.2799	7.28162	7.19657
0.27495	7.25943	7.30529	7.33098	7.19126
0.276563	7.27313	7.29914	7.33074	7.22485
0.278188	7.2271	7.2923	7.30626	7.21277
0.279813	7.24711	7.25436	7.30641	7.23372
0.28145	7.21212	7.26618	7.31916	7.19182
0.2831	7.241	7.24687	7.30967	7.2154
0.28475	7.24786	7.2942	7.27717	7.21022
0.2864	7.2195	7.29768	7.27372	7.17892
0.288063	7.24728	7.2462	7.29471	7.20992
0.289725	7.21221	7.26843	7.26517	7.18821
0.2914	7.23139	7.28916	7.30245	7.20973
0.293088	7.26443	7.27183	7.31248	7.19445
0.294775	7.2334	7.26384	7.3298	7.21034
0.296463	7.24426	7.26022	7.26656	7.21588
0.298162	7.22611	7.25637	7.26337	7.16982
0.299875	7.25694	7.27524	7.28205	7.15669
0.301587	7.21592	7.2652	7.27572	7.22041
0.3033	7.20305	7.25851	7.30298	7.20953
0.305037	7.25328	7.23485	7.27093	7.18894
0.306762	7.28362	7.26273	7.30939	7.22238
0.3085	7.19657	7.27334	7.2954	7.17296
0.31025	7.20705	7.28533	7.28964	7.18377
0.312	7.23246	7.25525	7.31285	7.18337
0.313762	7.21104	7.25426	7.27275	7.18544
0.315525	7.21503	7.24606	7.28051	7.17915
0.3173	7.17744	7.27595	7.28038	7.17572
0.319075	7.20698	7.22892	7.30183	7.19725
0.320863	7.2105	7.21319	7.26507	7.19836
0.322663	7.22041	7.27381	7.28321	7.16713
0.324463	7.2239	7.23386	7.26149	7.16309
0.326263	7.22694	7.26129	7.28337	7.19345
0.328075	7.22325	7.20366	7.24924	7.18647
0.3299	7.18977	7.26173	7.27582	7.20858
0.331725	7.17593	7.25023	7.23258	7.16489
0.333562	7.2369	7.22377	7.27199	7.16727
0.3354	7.21838	7.24722	7.25829	7.16671
0.33725	7.23774	7.22039	7.23954	7.18107
0.3391	7.21492	7.24696	7.28458	7.15119
0.340962	7.20748	7.22764	7.27759	7.15947
0.342838	7.20375	7.24371	7.27501	7.19135
0.344712	7.20291	7.22471	7.24028	7.18032
0.3466	7.19671	7.23316	7.26703	7.15332
0.348487	7.19148	7.22063	7.29435	7.165
0.350388	7.21391	7.2456	7.26814	7.16451
0.352288	7.21189	7.25549	7.24652	7.16166
0.3542	7.17473	7.25953	7.25671	7.15217
0.356125	7.21773	7.23761	7.25168	7.13009
0.35805	7.23037	7.25083	7.27625	7.17061
0.359987	7.20463	7.20173	7.24899	7.17237
0.361925	7.21184	7.23144	7.24203	7.15521
0.363875	7.21776	7.21229	7.26471	7.15755
0.365838	7.19208	7.25791	7.21237	7.17806
0.3678	7.2011	7.23607	7.25245	7.12927
0.369763	7.20524	7.20378	7.22536	7.16226
0.37175	7.19742	7.20576	7.24059	7.13327
0.373738	7.19354	7.22294	7.23206	7.16622
0.375725	7.19885	7.20595	7.23011	7.17163
0.377725	7.17704	7.19699	7.24545	7.17733
0.379737	7.18974	7.21672	7.23071	7.16335
0.381763	7.18796	7.21031	7.23384	7.14424
0.383775	7.19249	7.22394	7.26674	7.12897
0.385812	7.1933	7.21236	7.22843	7.15137
0.38785	7.19948	7.20876	7.22937	7.10701
0.3899	7.20723	7.20205	7.22793	7.13792
0.391962	7.19509	7.20332	7.23216	7.17217
0.394025	7.1721	7.1888	7.22738	7.14174
0.396087	7.17178	7.20871	7.22385	7.14633
0.398175	7.17957	7.20579	7.2314	7.12758
0.400263	7.1561	7.20449	7.23201	7.15587
0.40235	7.21657	7.19645	7.24166	7.15086
0.404462	7.16049	7.18644	7.2621	7.1633
0.406575	7.1902	7.19819	7.22876	7.12904
0.408688	7.20749	7.22654	7.21258	7.12106
0.410812	7.18851	7.22335	7.24815	7.09402
0.41295	7.17444	7.198	7.20387	7.12605
0.4151	7.19309	7.20226	7.22556	7.13405
0.41725	7.16397	7.21895	7.23353	7.14253
0.4194	7.14406	7.18997	7.22525	7.17706
0.421575	7.17824	7.15319	7.23855	7.14931
0.42375	7.17572	7.21908	7.23608	7.1168
0.425938	7.17449	7.18415	7.22688	7.12784
0.428125	7.16961	7.19406	7.2198	7.12064
0.430325	7.18434	7.21159	7.20039	7.11251
0.432537	7.15004	7.19026	7.20466	7.10736
0.434763	7.19481	7.19265	7.21265	7.11839
0.436987	7.16264	7.18758	7.20085	7.12016
0.439225	7.19351	7.18841	7.19718	7.14064
0.441462	7.16249	7.19695	7.21733	7.1297
0.443713	7.18559	7.19319	7.23637	7.1369
0.445975	7.15453	7.18931	7.19985	7.13643
0.44825	7.13954	7.17675	7.19996	7.1151
0.450525	7.15977	7.20548	7.23574	7.12509
0.452812	7.17615	7.15478	7.19999	7.11275
0.4551	7.16155	7.19373	7.20689	7.12695
0.457413	7.17545	7.19361	7.19568	7.14383
0.459725	7.17189	7.18181	7.20807	7.13485
0.462038	7.1712	7.21135	7.20798	7.12028
0.464375	7.15251	7.1587	7.21907	7.11814
0.466713	7.14019	7.16058	7.19478	7.10798
0.469063	7.15715	7.15782	7.16466	7.09968
0.471413	7.1646	7.20198	7.19977	7.14223
0.473787	7.16902	7.18105	7.21733	7.13022
0.476162	7.15708	7.18507	7.18325	7.09999
0.478537	7.14316	7.19878	7.19387	7.09216
0.480938	7.16473	7.15813	7.17196	7.11317
0.483337	7.17199	7.18117	7.19884	7.11284
0.48575	7.13125	7.16035	7.21258	7.10864
0.488175	7.12037	7.14213	7.20076	7.11554
0.4906	7.1512	7.1855	7.20391	7.12372
0.493037	7.14498	7.15588	7.19631	7.09225
0.495488	7.13864	7.15308	7.16278	7.10935
0.49795	7.17451	7.17481	7.18329	7.10784
0.500413	7.15415	7.1839	7.19381	7.10338
0.502887	7.13578	7.17087	7.20098	7.12034
0.505375	7.14792	7.15013	7.17736	7.09329
0.507875	7.13726	7.16507	7.18686	7.09315
0.510375	7.14781	7.161	7.1987	7.09083
0.512887	7.14388	7.15687	7.18632	7.09392
0.515413	7.11702	7.16683	7.1746	7.11701
0.51795	7.148	7.16688	7.19992	7.1034
0.520487	7.11968	7.18103	7.16771	7.08704
0.52305	7.16091	7.15052	7.18646	7.0945
0.525612	7.16615	7.15168	7.18907	7.12156
0.528175	7.13296	7.15559	7.16623	7.10384
0.530762	7.15198	7.16154	7.19677	7.12127
0.53335	7.14345	7.15229	7.19237	7.12493
0.535963	7.12338	7.1596	7.17333	7.10176
0.538575	7.14811	7.17697	7.19859	7.11189
0.541188	7.11572	7.15179	7.17351	7.12902
0.543825	7.14284	7.1527	7.18945	7.08508
0.546462	7.14608	7.16145	7.19682	7.09411
0.549112	7.1205	7.13643	7.17419	7.08083
0.551775	7.14334	7.14539	7.17504	7.08763
0.55445	7.13258	7.14736	7.15649	7.09671
0.557137	7.12885	7.15486	7.16273	7.08498
0.559825	7.16648	7.1736	7.18486	7.09508
0.562525	7.11988	7.17046	7.18081	7.09686
0.565238	7.11733	7.15659	7.18063	7.10658
0.567963	7.13788	7.15044	7.14825	7.07798
0.5707	7.12511	7.15803	7.19319	7.10661
0.573438	7.14036	7.14671	7.18287	7.06848
0.5762	7.13227	7.16153	7.16105	7.08435
0.578963	7.11459	7.13096	7.15258	7.10052
0.581738	7.14937	7.1626	7.19024	7.11049
0.584525	7.12664	7.14085	7.17838	7.068
0.587325	7.1178	7.14134	7.17804	7.07865
0.590125	7.13735	7.15636	7.1817	7.11628
0.59295	7.12933	7.15302	7.18343	7.08529
0.595775	7.13744	7.1318	7.16154	7.09463
0.598612	7.14898	7.1551	7.1759	7.08403
0.601462	7.13574	7.14158	7.16594	7.08343
0.604325	7.13828	7.13616	7.16244	7.10911
0.6072	7.14022	7.15183	7.16955	7.04516
0.610088	7.11824	7.1413	7.18746	7.11284
0.612975	7.12771	7.16272	7.17173	7.1078
0.615888	7.13142	7.11128	7.1553	7.08904
0.6188	7.13414	7.14471	7.17725	7.0723
0.621725	7.11845	7.14384	7.17096	7.0787
0.624663	7.12022	7.14511	7.15079	7.07634
0.627612	7.14394	7.14778	7.1759	7.07523
0.630575	7.13782	7.14607	7.18466	7.0888
0.63355	7.12442	7.12577	7.16383	7.09453
0.636525	7.13029	7.12742	7.16177	7.09279
0.639525	7.11964	7.15162	7.13279	7.07167
0.642537	7.13329	7.13138	7.17464	7.08541
0.64555	7.11451	7.11852	7.18592	7.08495
0.648575	7.10957	7.1123	7.1521	7.07578
0.651625	7.10188	7.12046	7.16182	7.07377
0.654675	7.12116	7.12788	7.15134	7.07708
0.657737	7.11136	7.13543	7.15069	7.07766
0.660812	7.13568	7.13484	7.15418	7.07516
0.6639	7.11505	7.12433	7.1418	7.07312
0.667	7.12706	7.11286	7.15046	7.09131
0.670112	7.13851	7.13364	7.15831	7.0692
0.673238	7.11962	7.12365	7.16583	7.07279
0.676363	7.11859	7.12902	7.13895	7.04014
0.679513	7.11934	7.12792	7.14856	7.09167
0.682675	7.13453	7.13486	7.16188	7.08267
0.685838	7.10935	7.133	7.13748	7.08372
0.689025	7.09951	7.12193	7.16083	7.05971
0.692225	7.13561	7.12176	7.1601	7.05896
0.695425	7.11062	7.12482	7.15634	7.0666
0.69865	7.08866	7.12884	7.1355	7.09604
0.701875	7.12474	7.11892	7.1655	7.0822
0.705125	7.12722	7.13027	7.14442	7.08506
0.708375	7.1068	7.10788	7.12682	7.07609
0.71165	7.14742	7.11721	7.13997	7.08895
0.714925	7.10605	7.14662	7.12408	7.06362
0.718225	7.12653	7.13087	7.14472	7.06981
0.721525	7.1168	7.1164	7.1447	7.06646
0.724837	7.14912	7.0978	7.12128	7.08178
0.728175	7.11331	7.12855	7.14181	7.06678
0.731512	7.11677	7.12901	7.1481	7.09224
0.734875	7.12534	7.14007	7.13649	7.06343
0.73825	7.09669	7.10536	7.14016	7.06532
0.741625	7.10557	7.12803	7.15519	7.05294
0.745025	7.12968	7.10441	7.1433	7.06046
0.748425	7.09779	7.10839	7.12223	7.08143
0.75185	7.12931	7.09582	7.13381	7.06201
0.755288	7.09491	7.13326	7.16109	7.0878
0.758725	7.10241	7.09109	7.13932	7.09048
0.762187	7.10469	7.10517	7.11018	7.05189
0.765662	7.08381	7.12398	7.13471	7.06818
0.76915	7.09205	7.10066	7.13737	7.07404
0.77265	7.11001	7.10787	7.1238	7.06213
0.776163	7.11478	7.12453	7.15135	7.0756
0.779688	7.10976	7.11217	7.11096	7.06758
0.783225	7.11866	7.12968	7.13211	7.06754
0.786788	7.1364	7.12891	7.12786	7.07945
0.79035	7.10598	7.11904	7.13194	7.06464
0.793938	7.11504	7.10138	7.1394	7.06084
0.797525	7.09792	7.11361	7.13993	7.0791
0.801138	7.09641	7.10571	7.14711	7.06421
0.80475	7.12253	7.10711	7.12482	7.0598
0.808388	7.09886	7.10267	7.11301	7.05893
0.812038	7.09971	7.09655	7.13402	7.05173
0.8157	7.08845	7.10701	7.11882	7.06365
0.819375	7.1088	7.11379	7.163	7.07711
0.823075	7.1074	7.12244	7.11987	7.07627
0.826775	7.09005	7.11495	7.14225	7.06543
0.8305	7.10496	7.09485	7.14656	7.06962
0.834225	7.11621	7.10522	7.13635	7.0735
0.837975	7.10042	7.11355	7.11359	7.05683
0.841738	7.09458	7.09726	7.11668	7.0569
0.845513	7.10703	7.11739	7.11862	7.06706
0.8493	7.08723	7.11113	7.12923	7.03798
0.853113	7.13441	7.11589	7.13864	7.05717
0.856925	7.11247	7.07547	7.12617	7.06158
0.860762	7.1081	7.09732	7.12711	7.06557
0.864613	7.11086	7.08264	7.12807	7.05557
0.868475	7.08501	7.0988	7.11327	7.05652
0.87235	7.11389	7.11425	7.13087	7.07739
0.87625	7.08016	7.109	7.10707	7.04894
0.88015	7.12509	7.11668	7.10778	7.07222
0.884075	7.11411	7.08927	7.12488	7.03964
0.888013	7.11101	7.09734	7.13033	7.05417
0.891963	7.07908	7.11546	7.12697	7.07687
0.895938	7.08735	7.12817	7.12552	7.09013
0.899912	7.08098	7.113	7.12425	7.06876
0.903912	7.09735	7.09746	7.12217	7.05875
0.907925	7.09862	7.07359	7.13688	7.08632
0.91195	7.09226	7.11428	7.10488	7.06556
0.916	7.09701	7.09213	7.14246	7.0656
0.920062	7.1052	7.08324	7.12875	7.06771
0.924137	7.08556	7.08717	7.10414	7.06382
0.928225	7.09371	7.10764	7.12907	7.06808
0.932325	7.0999	7.10134	7.13584	7.05976
0.93645	7.11182	7.08238	7.08871	7.06552
0.940588	7.10687	7.09379	7.13132	7.06819
0.944737	7.09944	7.09634	7.11351	7.06626
0.948913	7.11417	7.12714	7.12974	7.06919
0.953088	7.10568	7.09871	7.12254	7.06662
0.957287	7.08811	7.1109	7.14328	7.04898
0.961513	7.11031	7.09601	7.11265	7.05692
0.965738	7.10514	7.10596	7.13787	7.05703
0.969988	7.09748	7.08717	7.11165	7.06073
0.97425	7.07276	7.11693	7.0977	7.0506
0.978537	7.08159	7.06241	7.10743	7.05295
0.982837	7.107	7.08731	7.11044	7.06499
0.98715	7.09535	7.07996	7.14006	7.04857
0.991475	7.09145	7.10234	7.11468	7.05247
0.995825	7.11976	7.08628	7.10786	7.07033
1.00019	7.10993	7.1065	7.10312	7.06797
1.00456	7.08851	7.08984	7.12695	7.05793
1.00896	7.08571	7.12355	7.11259	7.06687
1.01338	7.09465	7.09824	7.11199	7.05731
1.0178	7.07505	7.09557	7.08355	7.05749
1.02225	7.08834	7.09263	7.12751	7.04984
1.02671	7.06441	7.0758	7.11174	7.04861
1.03119	7.08231	7.0908	7.09076	7.08938
1.03569	7.11022	7.09171	7.10482	7.04906
1.0402	7.09947	7.08666	7.10619	7.05675
1.04474	7.09605	7.08652	7.12085	7.04924
1.04929	7.08686	7.08925	7.1263	7.05833
1.05385	7.09713	7.10018	7.10129	7.05944
1.05844	7.09739	7.08151	7.10713	7.05597
1.06304	7.09512	7.08361	7.11127	7.05679
1.06766	7.10271	7.10996	7.11512	7.04866
1.07229	7.10037	7.0876	7.1193	7.04897
1.07695	7.09055	7.0951	7.10376	7.05411
1.08162	7.09719	7.08813	7.11975	7.05984
1.08631	7.0934	7.10055	7.10275	7.06233
1.09101	7.09243	7.07155	7.10217	7.05336
1.09574	7.07725	7.08731	7.11417	7.06467
1.10049	7.08267	7.07327	7.11426	7.06844
1.10525	7.08098	7.0801	7.10757	7.04733
1.11003	7.08757	7.07392	7.10993	7.06613
1.11483	7.08708	7.07837	7.10758	7.05813
1.11964	7.10808	7.08178	7.09294	7.04986
1.12448	7.07932	7.07809	7.11521	7.05118
1.12933	7.0927	7.08524	7.11602	7.0488
1.1342	7.07269	7.08595	7.11064	7.05333
1.13909	7.08941	7.08175	7.09986	7.07337
1.144	7.08827	7.06412	7.11444	7.04751
1.14892	7.08081	7.08366	7.10677	7.0524
1.15387	7.09203	7.08956	7.09	7.04001
1.15884	7.09023	7.08818	7.12713	7.0578
1.16381	7.09865	7.1031	7.09707	7.03904
1.16883	7.09691	7.07194	7.09994	7.04485
1.17384	7.09256	7.07424	7.11727	7.05731
1.17889	7.08395	7.07514	7.12371	7.05772
1.18394	7.06487	7.0698	7.08194	7.07921
1.18903	7.10261	7.08368	7.10576	7.06224
1.19413	7.09787	7.08015	7.10443	7.04492
1.19924	7.08678	7.06702	7.12	7.05595
1.20438	7.08649	7.08345	7.12169	7.06158
1.20954	7.07565	7.08987	7.11168	7.03802
1.21471	7.09176	7.09815	7.11745	7.05499
1.21991	7.11029	7.08758	7.0988	7.04671
1.22512	7.07834	7.06818	7.09219	7.06177
1.23036	7.088	7.0738	7.09432	7.07338
1.23561	7.0926	7.08364	7.10262	7.0496
1.24089	7.07685	7.07274	7.1214	7.02999
1.24619	7.09006	7.07096	7.11975	7.0424
1.2515	7.07529	7.08474	7.10407	7.06781
1.25684	7.09759	7.08299	7.11363	7.0609
1.2622	7.08549	7.06962	7.1071	7.05053
1.26758	7.06871	7.06857	7.09424	7.0421
1.27297	7.0915	7.08168	7.11028	7.03861
1.27839	7.09398	7.09474	7.10132	7.05005
1.28383	7.09331	7.0753	7.10574	7.03028
1.28929	7.07048	7.0811	7.10846	7.05453
1.29476	7.09103	7.0824	7.10362	7.04481
1.30027	7.08627	7.07677	7.1008	7.05109
1.30579	7.08316	7.08173	7.09616	7.04501
1.31134	7.09583	7.08536	7.09864	7.05068
1.3169	7.10409	7.0703	7.1058	7.04145
1.32249	7.10268	7.06635	7.10013	7.06279
1.32809	7.0752	7.06942	7.11303	7.05149
1.33372	7.09363	7.07582	7.11158	7.04647
1.33938	7.08167	7.08889	7.10818	7.05938
1.34504	7.1062	7.06998	7.0964	7.05535
1.35074	7.08092	7.07659	7.10676	7.0658
1.35645	7.09375	7.06315	7.09288	7.04991
1.36219	7.09119	7.0786	7.10885	7.05847
1.36794	7.09576	7.06195	7.08272	7.0486
1.37373	7.07931	7.05578	7.09606	7.07709
1.37952	7.09983	7.07313	7.11143	7.06435
1.38535	7.10363	7.0775	7.10832	7.05473
1.39119	7.076	7.06755	7.10365	7.0636
1.39706	7.07694	7.05881	7.10112	7.04775
1.40295	7.07971	7.05762	7.09555	7.04994
1.40886	7.08037	7.07027	7.1096	7.0521
1.4148	7.08697	7.0776	7.10174	7.04693
1.42076	7.07744	7.07636	7.1014	7.04457
1.42674	7.07543	7.07254	7.10916	7.05358
1.43274	7.08891	7.06333	7.10309	7.06593
1.43877	7.06753	7.07206	7.09387	7.05388
1.44483	7.07767	7.07321	7.09661	7.05845
1.45089	7.07563	7.05021	7.08391	7.06904
1.45699	7.08229	7.06118	7.0982	7.06297
1.46311	7.09939	7.07111	7.1111	7.04668
1.46925	7.07877	7.06088	7.10609	7.05101
1.47541	7.07173	7.05816	7.08826	7.05569
1.4816	7.08016	7.07034	7.07702	7.05579
1.48781	7.08888	7.0604	7.08357	7.07067
1.49405	7.08241	7.06867	7.09749	7.05457
1.50031	7.06821	7.05726	7.10046	7.05179
1.5066	7.08629	7.04845	7.1075	7.06184
1.5129	7.10439	7.08429	7.10275	7.05438
1.51924	7.0746	7.08134	7.09823	7.07205
1.52559	7.08332	7.06728	7.10237	7.04727
1.53198	7.09051	7.05194	7.09182	7.05416
1.53838	7.106	7.05725	7.09015	7.05481
1.5448	7.08811	7.07642	7.10175	7.05517
1.55126	7.07433	7.06006	7.10264	7.0582
1.55774	7.08126	7.06199	7.08504	7.0345
1.56424	7.07175	7.06407	7.09119	7.05232
1.57076	7.07204	7.06289	7.09069	7.04684
1.57731	7.08348	7.06481	7.10736	7.04467
1.5839	7.07821	7.07162	7.10452	7.04903
1.5905	7.10024	7.06026	7.0923	7.05562
1.59713	7.07329	7.05694	7.10919	7.03746
1.60378	7.0975	7.05849	7.09603	7.0615
1.61045	7.09728	7.06496	7.09395	7.04643
1.61716	7.088	7.07857	7.0936	7.04715
1.62389	7.08968	7.06236	7.11371	7.05228
1.63064	7.08593	7.05577	7.10287	7.03612
1.63742	7.09785	7.07325	7.09734	7.06368
1.64423	7.07601	7.05593	7.09062	7.05266
1.65106	7.09336	7.0439	7.10852	7.0562
1.65791	7.08367	7.05731	7.10426	7.05378
1.6648	7.09646	7.06795	7.08657	7.04868
1.67171	7.07571	7.06391	7.08939	7.05579
1.67865	7.09906	7.07685	7.09377	7.05556
1.68561	7.08493	7.05169	7.08423	7.0535
1.6926	7.09047	7.06387	7.10909	7.05365
1.69961	7.076	7.0638	7.10997	7.06036
1.70666	7.07704	7.06692	7.09728	7.064
1.71372	7.09021	7.07165	7.08313	7.04905
1.72082	7.08271	7.06489	7.08501	7.04405
1.72795	7.09849	7.07832	7.09406	7.06106
1.7351	7.08239	7.05959	7.08924	7.05101
1.74227	7.08559	7.06217	7.10068	7.04215
1.74949	7.07735	7.04726	7.1065	7.05748
1.75671	7.07402	7.06001	7.08704	7.05285
1.76398	7.07993	7.04064	7.107	7.03685
1.77126	7.08187	7.06141	7.08163	7.05073
1.77857	7.09928	7.07041	7.09103	7.05788
1.78593	7.0808	7.05348	7.09056	7.05398
1.79329	7.08598	7.05862	7.10486	7.03516
1.80069	7.07675	7.06079	7.08213	7.04427
1.80813	7.08438	7.07307	7.09098	7.03772
1.81558	7.05875	7.06991	7.08622	7.06349
1.82306	7.08934	7.0353	7.09799	7.05373
1.83057	7.0821	7.0573	7.0899	7.0501
1.83811	7.08029	7.05236	7.10179	7.04303
1.84569	7.07688	7.05617	7.09643	7.04565
1.85329	7.08723	7.05113	7.07422	7.04964
1.86091	7.07428	7.0542	7.11264	7.05328
1.86856	7.09706	7.04228	7.09815	7.0723
1.87625	7.07303	7.06698	7.09964	7.04781
1.88398	7.08479	7.03847	7.09002	7.04539
1.89171	7.08907	7.05331	7.09332	7.04432
1.89949	7.07792	7.06324	7.08817	7.04981
1.90729	7.07547	7.06994	7.09026	7.04693
1.91513	7.07463	7.05413	7.09374	7.04027
1.92299	7.0818	7.05881	7.10071	7.04175
1.93089	7.07794	7.05447	7.08548	7.06618
1.9388	7.0874	7.04348	7.09661	7.06115
1.94676	7.08711	7.05595	7.09141	7.05709
1.95474	7.08616	7.06925	7.09224	7.0563
1.96276	7.09151	7.05276	7.09236	7.04474
1.9708	7.0732	7.05905	7.09793	7.05625
1.97888	7.0819	7.05438	7.09114	7.05121
1.98699	7.08067	7.04528	7.09367	7.05211
1.99513	7.08328	7.06347	7.07535	7.03808
2.00329	7.08372	7.05221	7.07298	7.05633
2.01149	7.08215	7.0539	7.08989	7.05892
2.01971	7.08785	7.05638	7.09002	7.04507
2.02798	7.08749	7.05334	7.08347	7.04538
2.03627	7.08921	7.05986	7.09305	7.06039
2.0446	7.07441	7.06859	7.09352	7.04517
2.05295	7.07662	7.05386	7.0935	7.04801
2.06134	7.09653	7.06331	7.09126	7.06018
2.06976	7.06778	7.05813	7.09761	7.0426
2.07821	7.08976	7.05506	7.08812	7.05431
2.0867	7.07884	7.05491	7.09522	7.05453
2.09521	7.0807	7.05037	7.08565	7.04881
2.10376	7.07853	7.05366	7.08629	7.04893
2.11235	7.07548	7.04981	7.08242	7.06797
2.12096	7.07255	7.05257	7.08202	7.06325
2.12961	7.08723	7.05005	7.08129	7.05999
2.13829	7.07725	7.04182	7.09822	7.04802
2.147	7.0981	7.0477	7.08042	7.05596
2.15575	7.08654	7.04696	7.09968	7.05108
2.16453	7.06529	7.04052	7.08988	7.04483
2.17334	7.08482	7.07001	7.0901	7.03927
2.18219	7.07569	7.05517	7.08173	7.03958
2.19106	7.06853	7.05984	7.10221	7.04711
2.19998	7.07832	7.03748	7.08275	7.04429
2.20893	7.08617	7.04036	7.08795	7.05273
2.21791	7.09251	7.04297	7.08295	7.06374
2.22692	7.08251	7.05589	7.09909	7.0561
2.23598	7.10598	7.05631	7.09308	7.04106
2.24506	7.07648	7.05014	7.09129	7.06337
2.25419	7.08038	7.04083	7.08726	7.05512
2.26334	7.086	7.04606	7.0824	7.05227
2.27253	7.07712	7.03576	7.08219	7.05203
2.28175	7.06956	7.05101	7.0913	7.06608
2.29101	7.08918	7.0513	7.08821	7.05246
2.3003	7.08146	7.05379	7.09349	7.04239
2.30964	7.08868	7.05028	7.07869	7.05582
2.319	7.07874	7.04892	7.08489	7.05529
2.3284	7.08069	7.04399	7.08277	7.04461
2.33784	7.08588	7.04221	7.07726	7.05016
2.34731	7.08957	7.05702	7.09241	7.06113
2.35681	7.09412	7.03758	7.092	7.04322
2.36636	7.08736	7.05727	7.07585	7.05248
2.37595	7.08257	7.04744	7.08715	7.05152
2.38556	7.07634	7.0399	7.0733	7.04241
2.39521	7.08132	7.0473	7.08475	7.05697
2.40491	7.08051	7.05961	7.09659	7.07018
2.41464	7.0877	7.03401	7.07895	7.05564
2.4244	7.07586	7.05352	7.09556	7.04838
2.4342	7.08722	7.05097	7.08886	7.04131
2.44405	7.09011	7.04691	7.08416	7.06145
2.45392	7.09251	7.05113	7.07473	7.0454
2.46384	7.06969	7.04831	7.08684	7.05157
2.47379	7.09649	7.04031	7.09229	7.05283
2.48377	7.09069	7.045	7.09077	7.0537
2.49381	7.09317	7.05242	7.08309	7.05382
2.50388	7.08623	7.05572	7.09506	7.04518
2.51397	7.08816	7.03514	7.07804	7.05182
2.52413	7.09543	7.05945	7.07944	7.04885
2.53431	7.07309	7.0417	7.09021	7.05178
2.54452	7.07174	7.04985	7.07104	7.0543
2.55479	7.08089	7.0486	7.06621	7.05233
2.56509	7.08888	7.05348	7.06629	7.04921
2.57542	7.08115	7.04051	7.07763	7.06248
2.5858	7.07673	7.05685	7.07515	7.05286
2.59623	7.08663	7.0581	7.07574	7.0578
2.60667	7.07897	7.03431	7.08209	7.04673
2.61718	7.08622	7.03868	7.0821	7.04849
2.62771	7.08888	7.03773	7.08062	7.04123
2.63829	7.08854	7.04911	7.08952	7.04746
2.6489	7.0829	7.04873	7.08012	7.04797
2.65956	7.08617	7.04287	7.08491	7.05571
2.67026	7.08193	7.04129	7.07986	7.06128
2.681	7.07882	7.04117	7.08911	7.04693
2.69178	7.0892	7.04279	7.0801	7.06152
2.7026	7.07594	7.04222	7.07535	7.05655
2.71346	7.09209	7.0414	7.07175	7.06966
2.72436	7.08063	7.04405	7.09526	7.05479
2.73531	7.08562	7.05599	7.08072	7.04698
2.74629	7.07726	7.04287	7.08273	7.05446
2.75732	7.07659	7.05619	7.0843	7.0526
2.76839	7.06893	7.0424	7.08197	7.05781
2.7795	7.08631	7.04301	7.08744	7.05114
2.79066	7.08841	7.03401	7.09308	7.05938
2.80185	7.07723	7.04509	7.1016	7.06949
2.8131	7.09213	7.05137	7.0771	7.04348
2.82437	7.09667	7.04458	7.0822	7.05891
2.8357	7.08195	7.04732	7.07747	7.05028
2.84707	7.08985	7.03956	7.08233	7.05113
2.85849	7.08056	7.03799	7.08216	7.04903
2.86994	7.0823	7.0316	7.07318	7.0566
2.88144	7.09121	7.05662	7.08393	7.05809
2.89298	7.07575	7.04181	7.09614	7.05825
2.90456	7.08236	7.04997	7.08062	7.05244
2.9162	7.08668	7.05371	7.08584	7.05214
2.92788	7.08244	7.05721	7.07731	7.04812
2.93959	7.0964	7.03265	7.08259	7.04857
2.95136	7.09074	7.03827	7.08292	7.05599
2.96316	7.09183	7.03969	7.08546	7.06268
2.97502	7.09231	7.04439	7.07443	7.05316
2.98691	7.08648	7.04376	7.07937	7.06306
2.99886	7.09463	7.04597	7.09281	7.05316
3.01085	7.09271	7.03683	7.07415	7.06718
3.02289	7.09234	7.03883	7.08344	7.06199
3.03498	7.09637	7.0449	7.08864	7.06533
3.0471	7.08743	7.04705	7.08792	7.05725
3.05927	7.08998	7.04145	7.0886	7.04723
3.07149	7.08768	7.04834	7.08064	7.04912
3.08376	7.08743	7.04961	7.08687	7.06347
3.09608	7.09071	7.04226	7.07416	7.04839
3.10842	7.10229	7.04967	7.08705	7.06067
3.12084	7.09306	7.05388	7.08458	7.06132
3.13329	7.0815	7.04385	7.09684	7.06373
3.14579	7.09456	7.0407	7.09194	7.0607
3.15834	7.08215	7.03894	7.07962	7.06331
3.17094	7.08177	7.04077	7.08735	7.04704
3.18359	7.09033	7.04352	7.09478	7.06105
3.19627	7.09261	7.04278	7.0905	7.06943
3.20902	7.09077	7.04408	7.08424	7.043
3.22181	7.0773	7.04178	7.08804	7.05479
3.23465	7.0877	7.04057	7.08557	7.0456
3.24754	7.09818	7.03977	7.09098	7.06576
3.26047	7.1005	7.04943	7.07973	7.05507
3.27346	7.0852	7.03677	7.08779	7.0542
3.2865	7.09446	7.03619	7.09081	7.05014
3.29958	7.08713	7.0428	7.08871	7.06226
3.31271	7.08703	7.04297	7.07838	7.05705
3.3259	7.08963	7.03846	7.0939	7.05604
3.33914	7.09396	7.05356	7.08696	7.04581
3.35243	7.09608	7.02595	7.07797	7.06267
3.36575	7.08867	7.04	7.07977	7.06569
3.37914	7.0793	7.03233	7.07264	7.06241
3.39258	7.09896	7.04506	7.09114	7.06033
3.40608	7.08968	7.03522	7.08062	7.05795
3.41961	7.08456	7.03865	7.08577	7.06247
3.4332	7.08951	7.03975	7.08108	7.05599
3.44685	7.10012	7.03906	7.09525	7.06147
3.46054	7.09228	7.04879	7.09617	7.05892
3.47429	7.0929	7.03947	7.0766	7.0665
3.48809	7.08246	7.04371	7.09434	7.06406
3.50194	7.09526	7.03975	7.08107	7.05294
3.51585	7.0951	7.02528	7.09293	7.05105
3.5298	7.09334	7.0481	7.0889	7.05549
3.54381	7.08373	7.03132	7.08351	7.05104
3.55789	7.08604	7.04479	7.07652	7.05291
3.572	7.0744	7.04005	7.07306	7.05098
3.58617	7.08468	7.05254	7.08172	7.06108
3.6004	7.07952	7.05044	7.08441	7.05428
3.61468	7.08484	7.0424	7.08851	7.0642
3.62901	7.08331	7.03419	7.0855	7.06051
3.6434	7.08423	7.04805	7.08082	7.06047
3.65785	7.08531	7.03952	7.08001	7.05301
3.67235	7.08686	7.03586	7.08416	7.06038
3.6869	7.08544	7.04454	7.08107	7.05116
3.70151	7.08315	7.03459	7.07821	7.05743
3.71618	7.08992	7.02809	7.08583	7.05889
3.7309	7.09091	7.04097	7.09099	7.05407
3.74568	7.08212	7.05224	7.08187	7.05951
3.76051	7.08334	7.0408	7.08807	7.05149
3.7754	7.09264	7.03734	7.08486	7.06113
3.79035	7.10024	7.03847	7.08892	7.06212
3.80535	7.09092	7.03671	7.08668	7.05843
3.82041	7.09166	7.04547	7.08898	7.05948
3.83553	7.08243	7.03755	7.08857	7.06358
3.8507	7.08245	7.02883	7.08455	7.05402
3.86594	7.08094	7.03955	7.07373	7.05571
3.88123	7.0792	7.03081	7.07817	7.04994
3.89657	7.08697	7.0345	7.08087	7.05398
3.91199	7.09038	7.04218	7.08563	7.05575
3.92745	7.08139	7.04872	7.10056	7.05121
3.94298	7.07801	7.04854	7.07945	7.06083
3.95856	7.07936	7.04083	7.07863	7.06167
3.9742	7.08884	7.03912	7.08979	7.05751
3.98991	7.08565	7.03813	7.08117	7.04688
4.00567	7.08235	7.03117	7.0917	7.0521
4.0215	7.089	7.04398	7.0844	7.05017
4.03737	7.09204	7.04588	7.08878	7.05587
4.05333	7.08215	7.03893	7.06683	7.05103
4.06932	7.08957	7.03419	7.08023	7.05122
4.0854	7.08533	7.03319	7.08862	7.05873
4.10152	7.08107	7.04375	7.08246	7.0515
4.11771	7.09465	7.04123	7.07388	7.06116
4.13396	7.08762	7.04744	7.07756	7.04467
4.15028	7.08899	7.04175	7.09154	7.04766
4.16665	7.09397	7.05466	7.08543	7.05691
4.18309	7.09012	7.04124	7.07888	7.05174
4.19959	7.08742	7.03175	7.07867	7.05025
4.21615	7.08397	7.03362	7.0857	7.06212
4.23278	7.08593	7.0568	7.07533	7.05499
4.24946	7.08901	7.04583	7.08842	7.05584
4.26621	7.08218	7.03553	7.07015	7.06569
4.28302	7.08436	7.03166	7.08381	7.06212
4.2999	7.09768	7.05432	7.07875	7.05734
4.31685	7.09845	7.04599	7.07798	7.05998
4.33385	7.08205	7.04417	7.09616	7.06316
4.35092	7.08539	7.04476	7.09502	7.05416
4.36806	7.0978	7.04581	7.08042	7.05657
4.38527	7.08549	7.04939	7.07784	7.05532
4.40254	7.09465	7.03334	7.08257	7.06602
4.41988	7.09646	7.04941	7.07795	7.05808
4.43727	7.08303	7.0453	7.07358	7.05859
4.45474	7.09122	7.05101	7.08545	7.0573
4.47227	7.08734	7.03531	7.08888	7.05922
4.48987	7.08817	7.05335	7.08285	7.06024
4.50754	7.09023	7.0458	7.08404	7.05541
4.52528	7.08458	7.05127	7.08169	7.05726
4.54308	7.09574	7.03791	7.08927	7.06155
4.56095	7.0808	7.0468	7.08667	7.05454
4.57889	7.09501	7.03624	7.08663	7.05577
4.59689	7.08537	7.035	7.0771	7.05356
4.61496	7.08235	7.03997	7.08991	7.05337
4.63311	7.08637	7.04149	7.08663	7.05095
4.65133	7.09622	7.04899	7.07385	7.06302
4.6696	7.08636	7.04291	7.08853	7.05976
4.68796	7.09149	7.04287	7.0825	7.06366
4.70638	7.09021	7.03992	7.07876	7.06365
4.72487	7.09403	7.04044	7.08129	7.05636
4.74344	7.07988	7.03894	7.08065	7.05427
4.76206	7.09139	7.04494	7.07714	7.06203
4.78076	7.09491	7.0363	7.08537	7.0546
4.79954	7.09273	7.03654	7.08813	7.06773
4.81839	7.08268	7.04092	7.0815	7.05352
4.83731	7.09229	7.04143	7.08924	7.05398
4.8563	7.10179	7.04451	7.09279	7.05425
4.87536	7.0966	7.03618	7.08197	7.05022
4.8945	7.08444	7.04053	7.0788	7.0471
4.9137	7.08082	7.03921	7.08649	7.05135
4.93299	7.09284	7.03195	7.08927	7.05405
4.95234	7.0998	7.05181	7.08042	7.04878
4.97176	7.0771	7.03839	7.09447	7.05842
4.99126	7.08654	7.03963	7.08092	7.05757
5.01085	7.09706	7.03423	7.08272	7.05896
5.0305	7.08379	7.03656	7.08408	7.05691
5.05022	7.09761	7.03785	7.08939	7.05189
5.07002	7.08408	7.04521	7.08408	7.06263
5.0899	7.09475	7.04323	7.08291	7.06496
5.10985	7.08781	7.03383	7.08107	7.05587
5.12988	7.09246	7.03731	7.08293	7.05508
5.14997	7.09351	7.03837	7.09192	7.06035
5.17016	7.10106	7.02869	7.07673	7.05681
5.19042	7.09439	7.03593	7.08575	7.06472
5.21075	7.08704	7.04122	7.08575	7.0584
5.23116	7.09784	7.03582	7.08824	7.05757
5.25165	7.09347	7.0377	7.08789	7.05095
5.27222	7.09793	7.04139	7.07876	7.05491
5.29287	7.09904	7.04111	7.07654	7.06246
5.3136	7.09467	7.02949	7.08124	7.06183
5.3344	7.09204	7.04689	7.07945	7.06266
5.35528	7.09334	7.03643	7.07756	7.05646
5.37624	7.08504	7.02896	7.08474	7.06171
5.39729	7.09252	7.04169	7.07992	7.05364
5.41841	7.0834	7.03989	7.07561	7.05723
5.43961	7.09633	7.04028	7.087	7.05907
5.4609	7.09772	7.0384	7.08089	7.05889
5.48226	7.09952	7.03671	7.07559	7.0607
5.5037	7.09591	7.04072	7.0789	7.05935
5.52524	7.08815	7.03945	7.07509	7.0525
5.54684	7.09745	7.03897	7.08662	7.06092
5.56854	7.09534	7.04947	7.08523	7.07023
5.59031	7.09618	7.03896	7.08022	7.05231
5.61216	7.10013	7.04703	7.07781	7.05798
5.6341	7.09696	7.03924	7.08255	7.05305
5.65613	7.10136	7.05087	7.08331	7.05781
5.67824	7.10185	7.03774	7.07293	7.07047
5.70043	7.08768	7.04468	7.08599	7.06394
5.7227	7.09453	7.04333	7.08205	7.06447
5.74506	7.0988	7.04092	7.0803	7.06205
5.76751	7.08784	7.0409	7.08314	7.05695
5.79005	7.09453	7.03767	7.08814	7.05365
5.81266	7.10197	7.03524	7.07473	7.05832
5.83536	7.09382	7.04405	7.08109	7.05913
5.85816	7.09507	7.04396	7.0771	7.06665
5.88104	7.09929	7.03995	7.0843	7.06595
5.904	7.09881	7.0472	7.07341	7.05757
5.92705	7.10077	7.0451	7.08606	7.06713
5.95019	7.09704	7.04448	7.08205	7.06501
5.97341	7.09736	7.05074	7.08959	7.05593
5.99674	7.08599	7.04479	7.08228	7.06179
6.02014	7.0994	7.04717	7.09244	7.07159
6.04364	7.10761	7.04586	7.07889	7.06344
6.06721	7.10028	7.04419	7.0913	7.0621
6.09089	7.08964	7.04443	7.07656	7.07048
6.11465	7.09956	7.0489	7.07562	7.06008
6.13851	7.09796	7.05843	7.08286	7.06199
6.16245	7.10014	7.04807	7.07806	7.05503
6.18649	7.09849	7.04051	7.0798	7.05098
6.21061	7.09642	7.04519	7.07853	7.06471
6.23484	7.09605	7.03973	7.08798	7.06311
6.25915	7.09713	7.04276	7.07362	7.0668
6.28355	7.10849	7.04488	7.07557	7.0721
6.30805	7.09238	7.04496	7.08909	7.06154
6.33264	7.10561	7.04895	7.08446	7.06788
6.35733	7.09649	7.03934	7.07827	7.06614
6.3821	7.10526	7.04315	7.08465	7.0544
6.40697	7.10374	7.0421	7.07509	7.06358
6.43194	7.10021	7.04763	7.08621	7.06779
6.457	7.10248	7.04442	7.08504	7.07135
6.48215	7.0934	7.04926	7.07434	7.07362
6.50741	7.10053	7.0518	7.07474	7.07437
6.53276	7.09641	7.04897	7.08637	7.0701
6.5582	7.09488	7.04665	7.07994	7.0646
6.58375	7.09737	7.05214	7.08118	7.06339
6.60939	7.10244	7.04617	7.07782	7.05564
6.63513	7.10472	7.04336	7.08589	7.05531
6.66096	7.0994	7.04631	7.08049	7.05686
6.6869	7.10247	7.04333	7.08305	7.06562
6.71292	7.0967	7.04045	7.07496	7.06669
6.73906	7.10064	7.04303	7.07579	7.06424
6.76529	7.10288	7.04385	7.09012	7.06343
6.79163	7.09896	7.0398	7.08131	7.05732
6.81805	7.0963	7.04104	7.0755	7.06043
6.84459	7.0996	7.04962	7.08624	7.0688
6.87121	7.09911	7.0397	7.08637	7.0613
6.89795	7.09665	7.04848	7.08299	7.06165
6.92479	7.09644	7.05327	7.08912	7.05939
6.95173	7.09773	7.04236	7.08245	7.06709
6.97876	7.09848	7.04002	7.08385	7.06943
7.00591	7.09579	7.04676	7.08106	7.06423
7.03316	7.10281	7.04637	7.09225	7.07273
7.06051	7.09924	7.04555	7.0889	7.06325
7.08796	7.10081	7.05202	7.08028	7.07012
7.11552	7.10165	7.05208	7.09048	7.06476
7.14319	7.10331	7.04128	7.07952	7.06356
7.17096	7.10159	7.05738	7.09006	7.06578
7.19884	7.10118	7.0426	7.09183	7.07145
7.22683	7.10053	7.05137	7.08441	7.06403
7.25491	7.09343	7.0501	7.09158	7.067
7.2831	7.09205	7.04725	7.08698	7.05825
7.3114	7.09902	7.05565	7.09283	7.06376
7.33981	7.104	7.04679	7.07898	7.05819
7.36834	7.10624	7.04575	7.08817	7.06528
7.39696	7.09775	7.04366	7.08932	7.06596
7.4257	7.09655	7.0437	7.08571	7.06922
7.45455	7.10071	7.04946	7.08968	7.06634
7.4835	7.10047	7.04658	7.08356	7.06261
7.51256	7.10839	7.04516	7.09714	7.05922
7.54174	7.09693	7.03937	7.08329	7.06307
7.57104	7.09779	7.05066	7.09433	7.06772
7.60042	7.09992	7.05402	7.09052	7.06548
7.62994	7.10063	7.05021	7.08921	7.06006
7.65956	7.10077	7.05222	7.09432	7.06283
7.6893	7.1004	7.05152	7.09235	7.05628
7.71915	7.10761	7.05906	7.08296	7.06341
7.74911	7.10242	7.05353	7.08292	7.05808
7.77919	7.10508	7.04909	7.08998	7.06945
7.80939	7.09848	7.05383	7.0809	7.06724
7.83969	7.09468	7.04075	7.09495	7.06433
7.87011	7.09879	7.05242	7.09112	7.07091
7.90065	7.10241	7.04375	7.08848	7.06168
7.9313	7.10085	7.04158	7.0896	7.05989
7.96208	7.10233	7.05046	7.09195	7.06473
7.99296	7.10283	7.04933	7.09279	7.06823
8.02398	7.09917	7.05169	7.08905	7.06886
8.0551	7.10258	7.04982	7.09401	7.06242
8.08634	7.10848	7.05113	7.08555	7.0604
8.1177	7.09765	7.05198	7.09519	7.0602
8.14917	7.11266	7.0467	7.08695	7.07153
8.18077	7.10608	7.04451	7.08847	7.06063
8.2125	7.10002	7.0456	7.08595	7.06627
8.24434	7.10411	7.05136	7.08832	7.06821
8.2763	7.10455	7.05222	7.08526	7.06112
8.30839	7.09931	7.05605	7.09031	7.05407
8.3406	7.10756	7.04969	7.08704	7.06652
8.37292	7.10712	7.05369	7.09113	7.06506
8.40537	7.10727	7.04631	7.08937	7.06109
8.43795	7.11752	7.04607	7.08709	7.0658
8.47065	7.10609	7.05385	7.09108	7.06915
8.50348	7.11153	7.05341	7.09052	7.05974
8.53642	7.11046	7.05466	7.09537	7.06489
8.5695	7.10552	7.05008	7.08577	7.05828
8.6027	7.10859	7.05175	7.09233	7.06637
8.63604	7.10942	7.05286	7.08702	7.06541
8.66949	7.10588	7.03921	7.089	7.05772
8.70308	7.10794	7.04989	7.09022	7.06696
8.73678	7.10874	7.04782	7.0912	7.06344
8.77061	7.10597	7.05404	7.08246	7.06027
8.80459	7.10651	7.05155	7.09777	7.06188
8.83867	7.10875	7.05206	7.08364	7.0695
8.8729	7.11077	7.05299	7.0929	7.06881
8.90726	7.10871	7.05642	7.09781	7.06344
8.94175	7.10955	7.05289	7.09113	7.05668
8.97636	7.10806	7.05646	7.08885	7.06531
9.01111	7.10552	7.05174	7.09409	7.06948
9.046	7.10516	7.05114	7.08999	7.06643
9.08101	7.10911	7.05228	7.08007	7.06118
9.11616	7.1075	7.05422	7.08907	7.0691
9.15145	7.1113	7.05926	7.09474	7.06243
9.18686	7.10912	7.05461	7.08265	7.06862
9.22241	7.10712	7.05242	7.08839	7.071
9.2581	7.10402	7.05612	7.09561	7.0724
9.29393	7.1061	7.05306	7.09486	7.06376
9.32989	7.11145	7.05538	7.09315	7.0592
9.36599	7.10841	7.05096	7.08486	7.06987
9.40221	7.11304	7.05383	7.08892	7.0645
9.43859	7.10566	7.05658	7.09281	7.07333
9.4751	7.11015	7.0527	7.09567	7.07522
9.51175	7.1132	7.0597	7.0919	7.06119
9.54854	7.11192	7.04922	7.0871	7.06159
9.58546	7.10794	7.05198	7.0937	7.06159
9.62254	7.10955	7.05443	7.08955	7.05868
9.65975	7.10535	7.05759	7.09223	7.06603
9.6971	7.10678	7.05433	7.09431	7.06369
9.73459	7.10884	7.05797	7.0914	7.07014
9.77223	7.10913	7.05698	7.09055	7.06633
9.81001	7.10716	7.05795	7.08965	7.06959
9.84794	7.10533	7.06163	7.09012	7.07068
9.886	7.11302	7.05751	7.09562	7.06853
9.92421	7.1146	7.05795	7.09573	7.0647
9.96257	7.11832	7.05397	7.08353	7.06546
10.0011	7.10646	7.05416	7.09545	7.06464
10.0397	7.11104	7.06402	7.08919	7.0696
10.0785	7.10412	7.05659	7.08938	7.07275
10.1175	7.1062	7.05784	7.08976	7.07424
10.1566	7.10867	7.05828	7.0908	7.07329
10.1958	7.10897	7.05772	7.0922	7.07171
10.2352	7.11447	7.05406	7.08586	7.0724
10.2748	7.11686	7.05901	7.08841	7.06673
10.3145	7.10524	7.05277	7.09269	7.07328
10.3543	7.11164	7.05752	7.08869	7.07372
10.3943	7.11549	7.05415	7.09069	7.07916
10.4345	7.11189	7.05358	7.09474	7.07708
10.4747	7.11383	7.05966	7.09389	7.06971
10.5152	7.11009	7.05662	7.09288	7.06925
10.5558	7.11763	7.06205	7.0827	7.072
10.5966	7.1141	7.05087	7.09394	7.06946
10.6375	7.11519	7.05165	7.10194	7.06584
10.6786	7.11319	7.05433	7.08968	7.07401
10.7198	7.11254	7.0567	7.09872	7.07216
10.7612	7.11463	7.05452	7.09516	7.07467
10.8027	7.12235	7.05572	7.09001	7.07037
10.8444	7.12026	7.05236	7.0914	7.06681
10.8863	7.11551	7.05196	7.0947	7.07751
10.9283	7.11487	7.0562	7.10082	7.07024
10.9705	7.11698	7.05508	7.10122	7.07013
11.0128	7.11838	7.05456	7.09301	7.06632
11.0554	7.12106	7.06047	7.09235	7.06492
11.098	7.11317	7.06451	7.09174	7.06946
11.1409	7.11579	7.062	7.09197	7.06981
11.1839	7.11512	7.06114	7.09226	7.06702
11.227	7.1161	7.05396	7.09136	7.06546
11.2703	7.11311	7.05556	7.09191	7.07643
11.3138	7.11748	7.05939	7.08867	7.06827
11.3575	7.11451	7.05808	7.08662	7.06875
11.4013	7.10488	7.06207	7.09487	7.07145
11.4453	7.11304	7.05965	7.09525	7.06902
11.4894	7.12199	7.06229	7.09563	7.06924
11.5337	7.1111	7.06281	7.0911	7.07424
11.5782	7.11756	7.06306	7.09784	7.06638
11.6229	7.11182	7.06045	7.09057	7.06419
11.6677	7.11193	7.06065	7.09157	7.06944
11.7127	7.11637	7.06181	7.09924	7.06665
11.7579	7.11251	7.0663	7.0971	7.07293
11.8032	7.11581	7.06436	7.09278	7.07523
11.8487	7.11357	7.06349	7.0954	7.07231
11.8944	7.10835	7.06257	7.09684	7.06765
11.9403	7.11585	7.06512	7.09753	7.07147
11.9863	7.11689	7.06017	7.09953	7.07051
12.0325	7.11554	7.05943	7.09593	7.06909
12.0789	7.12134	7.06266	7.0997	7.08071
12.1255	7.11996	7.06373	7.09802	7.07564
12.1722	7.11819	7.06534	7.09912	7.07219
12.2191	7.12053	7.06327	7.09087	7.07422
12.2662	7.11742	7.06258	7.10042	7.0743
12.3135	7.11821	7.06245	7.09723	7.07186
12.361	7.1186	7.0612	7.08834	7.07567
12.4086	7.11194	7.06339	7.09517	7.07201
12.4564	7.11824	7.06235	7.0944	7.07377
12.5044	7.11637	7.06171	7.09518	7.08205
12.5526	7.11578	7.06305	7.09059	7.07485
12.601	7.11616	7.0628	7.09902	7.08235
12.6495	7.12291	7.05982	7.09397	7.074
12.6983	7.12111	7.06366	7.10005	7.07149
12.7472	7.11399	7.06653	7.09002	7.07263
12.7963	7.11872	7.07208	7.08955	7.07897
12.8456	7.12166	7.06689	7.09541	7.07403
12.8951	7.11913	7.06513	7.09866	7.07305
12.9447	7.11813	7.06984	7.09177	7.07643
12.9946	7.11681	7.0668	7.09235	7.07837
13.0447	7.12342	7.06602	7.093	7.07627
13.0949	7.12373	7.06218	7.0986	7.08068
13.1453	7.11548	7.06398	7.08932	7.07525
13.1959	7.11793	7.06806	7.09198	7.08341
13.2468	7.12419	7.06553	7.10026	7.07636
13.2978	7.12006	7.06452	7.09719	7.07688
13.349	7.1208	7.06603	7.09411	7.08188
13.4004	7.11864	7.0668	7.09707	7.07418
13.452	7.12923	7.06842	7.10112	7.07531
13.5038	7.11964	7.06647	7.09491	7.07998
13.5558	7.12388	7.06568	7.09438	7.07788
13.608	7.12584	7.06857	7.09564	7.07157
13.6603	7.13039	7.05908	7.09805	7.07574
13.7129	7.12612	7.0647	7.10097	7.06988
13.7657	7.12513	7.06819	7.09754	7.06895
13.8187	7.12293	7.06438	7.09627	7.07425
13.8719	7.12079	7.07182	7.09792	7.0703
13.9253	7.12026	7.06517	7.09345	7.07905
13.9789	7.1328	7.06592	7.09826	7.07833
14.0327	7.12197	7.06602	7.09189	7.08004
14.0867	7.12692	7.06453	7.09797	7.07586
14.1409	7.12785	7.06842	7.09028	7.0755
14.1953	7.12581	7.06769	7.09753	7.07905
14.2499	7.12846	7.0677	7.09861	7.07453
14.3047	7.12965	7.06526	7.0985	7.07287
14.3598	7.12546	7.07162	7.09565	7.07417
14.415	7.12885	7.07179	7.09511	7.07162
14.4705	7.12834	7.06859	7.09625	7.08061
14.5262	7.11692	7.07306	7.09955	7.07113
14.582	7.12488	7.07136	7.08898	7.07415
14.6381	7.12368	7.06724	7.10427	7.07772
14.6944	7.12641	7.06899	7.09968	7.07788
14.751	7.12305	7.07536	7.09613	7.0757
14.8077	7.12417	7.07046	7.10392	7.07687
14.8647	7.12787	7.07325	7.09647	7.07528
14.9218	7.12804	7.07388	7.09577	7.07683
14.9792	7.1263	7.06674	7.10075	7.07884
15.0368	7.12885	7.0701	7.10514	7.07813
15.0947	7.12848	7.07602	7.10233	7.07738
15.1527	7.12725	7.07617	7.094	7.07692
15.211	7.1299	7.07196	7.09806	7.07303
15.2695	7.12881	7.0689	7.10073	7.07487
15.3282	7.12312	7.07388	7.10671	7.07804
15.3871	7.12215	7.0762	7.10212	7.07894
15.4463	7.12727	7.0725	7.09674	7.07468
15.5056	7.12783	7.07513	7.09976	7.07228
15.5653	7.11916	7.0757	7.10121	7.08101
15.6251	7.12793	7.07905	7.10128	7.07746
15.6852	7.12698	7.07692	7.09927	7.07871
15.7455	7.12635	7.08112	7.09866	7.07674
15.806	7.1217	7.07006	7.09466	7.08123
15.8667	7.12338	7.07611	7.09774	7.08076
15.9277	7.12637	7.07583	7.10218	7.08186
15.9889	7.12922	7.07648	7.09931	7.08116
16.0504	7.12539	7.07656	7.10224	7.08417
16.1121	7.12076	7.07625	7.10258	7.08062
16.174	7.12813	7.07518	7.10061	7.07755
16.2362	7.13006	7.06983	7.1032	7.07488
16.2986	7.12961	7.07426	7.10112	7.08074
16.3612	7.13643	7.07373	7.10223	7.07932
16.4241	7.12978	7.07293	7.1023	7.07746
16.4872	7.13439	7.07766	7.10213	7.07924
16.5505	7.13091	7.07463	7.10331	7.07761
16.6141	7.13485	7.07852	7.10242	7.0745
16.6779	7.12965	7.07576	7.10159	7.0803
16.742	7.12851	7.07448	7.10019	7.07529
16.8063	7.1328	7.07725	7.10335	7.07698
16.8709	7.12852	7.07422	7.10247	7.08135
16.9357	7.13182	7.07282	7.101	7.08312
17.0008	7.13149	7.08058	7.10137	7.07496
17.0661	7.12952	7.07686	7.09964	7.07789
17.1316	7.12945	7.06881	7.09789	7.07057
17.1974	7.13146	7.07545	7.10189	7.07795
17.2635	7.13437	7.07181	7.09459	7.07814
17.3298	7.13397	7.07606	7.10273	7.07402
17.3963	7.13603	7.07324	7.10382	7.08237
17.4632	7.14005	7.08055	7.10074	7.07843
17.5302	7.14017	7.0751	7.09846	7.0779
17.5975	7.13134	7.07722	7.09854	7.07878
17.6651	7.13462	7.08332	7.0994	7.07898
17.733	7.12999	7.07741	7.10505	7.08161
17.801	7.12917	7.08867	7.09973	7.07526
17.8694	7.13712	7.08405	7.10413	7.08259
17.938	7.13477	7.07781	7.10587	7.08413
18.0069	7.13353	7.07785	7.10476	7.07942
18.076	7.13474	7.08017	7.10567	7.07987
18.1454	7.13582	7.0794	7.10278	7.08357
18.2151	7.13509	7.0784	7.10707	7.08277
18.285	7.13689	7.07838	7.0984	7.08332
18.3552	7.13548	7.08019	7.10768	7.07698
18.4257	7.13769	7.08157	7.10093	7.08075
18.4964	7.13253	7.08071	7.09958	7.08419
18.5674	7.13464	7.07736	7.1047	7.07916
18.6387	7.13282	7.08173	7.10428	7.08737
18.7102	7.13393	7.07727	7.10482	7.08492
18.782	7.13391	7.07867	7.10105	7.08219
18.8541	7.13538	7.07168	7.09924	7.0828
18.9265	7.13411	7.08098	7.10632	7.07969
18.9991	7.13227	7.08168	7.10319	7.08126
19.072	7.13597	7.08353	7.10201	7.08282
19.1452	7.12505	7.07542	7.10705	7.08003
19.2187	7.13579	7.08355	7.1009	7.08416
19.2924	7.13579	7.08268	7.10983	7.07966
19.3665	7.13522	7.08425	7.10319	7.0855
19.4408	7.13255	7.08178	7.10558	7.08147
19.5154	7.13323	7.07922	7.11039	7.08296
19.5903	7.1338	7.08128	7.10343	7.08034
19.6654	7.13731	7.08379	7.10419	7.08505
19.7409	7.13733	7.08633	7.10203	7.08534
19.8166	7.13993	7.08065	7.10608	7.08279
19.8926	7.13627	7.0853	7.10199	7.0838
19.9689	7.13892	7.07938	7.10084	7.07799
20.0455	7.13595	7.08154	7.10388	7.08015
20.1224	7.13672	7.08417	7.10304	7.08287
20.1996	7.1364	7.08331	7.10558	7.08153
20.2771	7.13566	7.08563	7.10669	7.08257
20.3549	7.13855	7.08216	7.10597	7.0834
20.433	7.13244	7.08356	7.10687	7.08554
20.5114	7.14069	7.08132	7.10564	7.08605
20.59	7.13881	7.085	7.10837	7.08429
20.669	7.13621	7.08324	7.10394	7.08673
20.7483	7.13532	7.0831	7.10676	7.0855
20.8278	7.14374	7.08455	7.10364	7.08743
20.9077	7.14194	7.08383	7.10281	7.08273
20.9879	7.13885	7.08307	7.11063	7.08516
21.0684	7.13898	7.07498	7.11075	7.08555
21.1492	7.13884	7.08221	7.10793	7.08323
21.2303	7.14141	7.08588	7.1021	7.07944
21.3117	7.13824	7.08092	7.10448	7.08116
21.3934	7.14061	7.08086	7.10913	7.07983
21.4754	7.13818	7.07969	7.10296	7.08043
21.5578	7.14	7.08201	7.1052	7.07887
21.6404	7.14509	7.08177	7.10527	7.07707
21.7234	7.13908	7.07921	7.10863	7.0806
21.8067	7.14375	7.08787	7.10546	7.07916
21.8903	7.14326	7.08652	7.10814	7.08245
21.9742	7.14398	7.08649	7.10731	7.08174
22.0585	7.14091	7.0828	7.11114	7.08322
22.143	7.14416	7.08533	7.10593	7.08682
22.2279	7.14099	7.0885	7.10665	7.08004
22.3131	7.14478	7.09003	7.11149	7.08484
22.3986	7.14507	7.08579	7.10522	7.08378
22.4845	7.14618	7.09136	7.10673	7.08836
22.5707	7.14028	7.08553	7.10891	7.08677
22.6572	7.13804	7.08489	7.10657	7.08343
22.744	7.14578	7.0903	7.10583	7.08694
22.8312	7.13927	7.09116	7.10558	7.08492
22.9187	7.14508	7.09237	7.10634	7.08373
23.0066	7.14401	7.09337	7.11013	7.08868
23.0947	7.14662	7.09616	7.10631	7.08853
23.1833	7.14442	7.09343	7.10541	7.08872
23.2721	7.1452	7.09761	7.10587	7.0881
23.3613	7.14805	7.09466	7.11164	7.08785
23.4508	7.14985	7.09465	7.10802	7.08657
23.5407	7.14455	7.09217	7.11238	7.09029
23.6309	7.15197	7.08973	7.10916	7.08594
23.7214	7.14348	7.0919	7.10652	7.09019
23.8123	7.14693	7.09313	7.10907	7.08878
23.9036	7.14493	7.09346	7.10411	7.08588
23.9951	7.1479	7.09293	7.11141	7.0887
24.0871	7.14772	7.09424	7.10674	7.08549
24.1794	7.14414	7.09786	7.10676	7.0844
24.272	7.1465	7.09145	7.10719	7.08618
24.365	7.14558	7.09172	7.10864	7.08731
24.4583	7.1466	7.09256	7.10538	7.08417
24.552	7.1474	7.09197	7.10426	7.08197
24.6461	7.14789	7.09387	7.10609	7.08162
24.7405	7.14602	7.09123	7.10985	7.0829
24.8353	7.14521	7.09051	7.10569	7.08343
24.9304	7.14661	7.08653	7.10536	7.08598
25.0259	7.14881	7.08878	7.10862	7.09031
25.1218	7.14882	7.0899	7.10957	7.08333
25.218	7.14967	7.08988	7.11209	7.08488
25.3146	7.14971	7.08865	7.10522	7.08306
25.4116	7.14757	7.09248	7.1104	7.0906
25.5089	7.14842	7.08977	7.10978	7.08848
25.6066	7.14714	7.08904	7.11176	7.09112
25.7047	7.14843	7.09686	7.11031	7.08709
25.8031	7.14517	7.09639	7.10708	7.09126
25.9019	7.14569	7.09519	7.11227	7.09202
26.0011	7.14623	7.09556	7.10881	7.09196
26.1007	7.15166	7.09634	7.10915	7.0903
26.2007	7.14495	7.09493	7.11004	7.09487
26.301	7.14437	7.09586	7.10711	7.0922
26.4017	7.14473	7.09706	7.10794	7.09413
26.5028	7.148	7.09571	7.10814	7.09173
26.6043	7.14538	7.09968	7.10669	7.08451
26.7062	7.14881	7.09607	7.11223	7.09092
26.8084	7.14533	7.09631	7.10915	7.09043
26.9111	7.14842	7.10139	7.11323	7.0953
27.0141	7.14698	7.10435	7.1088	7.09204
27.1176	7.15042	7.09939	7.11139	7.08573
27.2214	7.14393	7.09753	7.10968	7.09609
27.3256	7.1549	7.09803	7.11203	7.09446
27.4302	7.15074	7.09935	7.1099	7.0919
27.5352	7.15028	7.10118	7.10666	7.08977
27.6407	7.15528	7.09854	7.10561	7.08903
27.7465	7.1472	7.09936	7.10624	7.0952
27.8527	7.1539	7.09941	7.10997	7.08982
27.9593	7.15177	7.10395	7.10917	7.08928
28.0664	7.15158	7.0992	7.11252	7.0901
28.1738	7.15279	7.101	7.10482	7.08812
28.2816	7.15492	7.09974	7.10934	7.08819
28.3899	7.15269	7.09943	7.10642	7.08523
28.4986	7.15344	7.10292	7.10985	7.08917
28.6077	7.15348	7.09844	7.10963	7.08782
28.7172	7.15269	7.09791	7.10659	7.08395
28.8271	7.15296	7.09779	7.11306	7.09001
28.9374	7.15629	7.09598	7.10981	7.09239
29.0482	7.15467	7.09222	7.11118	7.08938
29.1593	7.1602	7.09028	7.10719	7.09156
29.2709	7.15533	7.09464	7.11027	7.09392
29.383	7.1562	7.09402	7.11075	7.09432
29.4954	7.15317	7.09512	7.11451	7.09567
29.6083	7.14827	7.09813	7.11333	7.09687
29.7216	7.15186	7.10209	7.1178	7.09426
29.8354	7.15146	7.10093	7.11408	7.09595
29.9495	7.1546	7.10305	7.11079	7.09732
30.0641	7.14951	7.10408	7.10902	7.09545
30.1792	7.14768	7.10466	7.11318	7.09197
30.2947	7.15201	7.10385	7.11075	7.09385
30.4106	7.1524	7.10082	7.11147	7.09618
30.527	7.15188	7.10175	7.10991	7.09778
30.6438	7.15397	7.10509	7.11069	7.09543
30.761	7.15278	7.09948	7.11194	7.09604
30.8787	7.15846	7.10416	7.11358	7.09679
30.9969	7.15873	7.10141	7.11502	7.09504
31.1155	7.15396	7.10206	7.11363	7.09613
31.2345	7.1577	7.10876	7.11406	7.09578
31.354	7.15637	7.10548	7.11692	7.09152
31.474	7.15341	7.10552	7.1148	7.09237
31.5944	7.15985	7.10612	7.11447	7.09477
31.7153	7.15517	7.10274	7.11421	7.09053
31.8366	7.15505	7.09953	7.11596	7.08998
31.9584	7.16074	7.10741	7.11192	7.09143
32.0806	7.15489	7.09601	7.11851	7.09157
32.2034	7.15697	7.10379	7.11383	7.09187
32.3266	7.158	7.10587	7.11306	7.09374
32.4502	7.1586	7.10448	7.11384	7.08849
32.5743	7.15682	7.10265	7.11775	7.09893
32.699	7.15686	7.11097	7.1136	7.09581
32.824	7.15699	7.10502	7.11599	7.09097
32.9496	7.1578	7.1066	7.11204	7.09517
33.0756	7.15615	7.10752	7.11301	7.09485
33.2021	7.15934	7.10602	7.11905	7.09834
33.3291	7.15913	7.10772	7.11204	7.09436
33.4566	7.16164	7.1058	7.11202	7.09782
33.5846	7.16159	7.1065	7.11004	7.09803
33.713	7.15571	7.11062	7.11532	7.09403
33.842	7.15844	7.10694	7.11338	7.0969
33.9714	7.15813	7.10922	7.11246	7.09743
34.1013	7.15502	7.108	7.11212	7.09616
34.2317	7.16068	7.10892	7.1136	7.09288
34.3626	7.15957	7.10941	7.11434	7.09455
34.4941	7.16157	7.10861	7.11498	7.09757
34.626	7.16169	7.11276	7.11602	7.10108
34.7584	7.15969	7.1082	7.11611	7.09957
34.8913	7.16449	7.10736	7.1156	7.10045
35.0247	7.16315	7.11136	7.11417	7.09479
35.1587	7.16377	7.10943	7.11767	7.09581
35.2931	7.16054	7.10889	7.1134	7.09837
35.4281	7.16124	7.11078	7.11732	7.09255
35.5635	7.16337	7.10931	7.11843	7.09713
35.6995	7.16276	7.10925	7.11263	7.09845
35.836	7.15774	7.11051	7.11657	7.09556
35.973	7.16424	7.10786	7.11906	7.09465
36.1106	7.15782	7.10772	7.11532	7.10034
36.2487	7.16211	7.10952	7.11645	7.09836
36.3873	7.16092	7.11036	7.11792	7.10093
36.5264	7.15914	7.11402	7.1165	7.10128
36.666	7.16134	7.11107	7.11675	7.09923
36.8062	7.15861	7.11073	7.11337	7.10031
36.9469	7.16532	7.11478	7.1124	7.10305
37.0882	7.16291	7.11527	7.11694	7.10085
37.23	7.16165	7.11234	7.11532	7.09975
37.3723	7.16214	7.113	7.11747	7.10109
37.5152	7.16275	7.11378	7.11578	7.09758
37.6586	7.16509	7.11465	7.11378	7.09857
37.8026	7.16239	7.11497	7.11395	7.09672
37.9471	7.16312	7.11366	7.1117	7.09768
38.0921	7.16406	7.12123	7.11463	7.09666
38.2378	7.16329	7.11511	7.11496	7.09737
38.3839	7.16309	7.11779	7.11375	7.09817
38.5306	7.16868	7.11396	7.11475	7.09822
38.6779	7.16634	7.11473	7.11452	7.09778
38.8258	7.16055	7.11824	7.11828	7.09471
38.9742	7.15997	7.11533	7.11967	7.09671
39.1231	7.16012	7.1139	7.12028	7.09666
39.2727	7.16267	7.11047	7.11484	7.09746
39.4228	7.16775	7.11142	7.11748	7.09723
39.5735	7.16577	7.11296	7.12051	7.10262
39.7247	7.16611	7.11129	7.11497	7.09918
39.8766	7.16623	7.11402	7.11708	7.09818
40.029	7.16312	7.11338	7.11376	7.09708
40.182	7.1649	7.11626	7.1182	7.1022
40.3355	7.15848	7.11823	7.11728	7.10178
40.4897	7.16186	7.11866	7.1182	7.10145
40.6444	7.16477	7.11931	7.1177	7.10317
40.7998	7.16525	7.11888	7.11584	7.10014
40.9557	7.16759	7.1161	7.11075	7.10491
41.1122	7.16608	7.12455	7.11398	7.10235
41.2693	7.16637	7.12065	7.1162	7.09973
41.427	7.16569	7.1211	7.1176	7.09823
41.5853	7.16373	7.12541	7.11735	7.09845
41.7443	7.16643	7.12501	7.11912	7.10058
41.9038	7.16427	7.12102	7.11776	7.09933
42.0639	7.1687	7.12175	7.11357	7.10131
42.2246	7.16724	7.11939	7.11656	7.10161
42.386	7.17055	7.11936	7.12168	7.10156
42.548	7.17018	7.12105	7.11982	7.10293
42.7105	7.16648	7.11644	7.12132	7.09901
42.8737	7.16638	7.11967	7.11951	7.09901
43.0376	7.16429	7.1228	7.11818	7.10126
43.202	7.16711	7.11969	7.11757	7.09858
43.3671	7.16649	7.12035	7.11437	7.096
43.5328	7.16585	7.12097	7.11483	7.10082
43.6991	7.16324	7.12094	7.11714	7.09761
43.8661	7.16659	7.11913	7.11887	7.0984
44.0337	7.17006	7.12217	7.11531	7.10406
44.2019	7.16593	7.12175	7.11816	7.10436
44.3708	7.16847	7.12665	7.11277	7.10442
44.5403	7.16787	7.12402	7.12099	7.09999
44.7105	7.17071	7.1256	7.11528	7.10011
44.8813	7.17165	7.12277	7.11564	7.10182
45.0527	7.17375	7.12463	7.11621	7.10026
45.2249	7.16829	7.12318	7.11875	7.10135
45.3976	7.16702	7.12021	7.11575	7.10331
45.5711	7.16884	7.12276	7.12269	7.10346
45.7452	7.16787	7.12042	7.1255	7.10107
45.9199	7.16774	7.12012	7.12007	7.10179
46.0953	7.17184	7.11828	7.12115	7.10149
46.2714	7.17036	7.12025	7.1207	7.10091
46.4482	7.1692	7.12203	7.12329	7.10036
46.6256	7.16732	7.12325	7.12126	7.10123
46.8037	7.16922	7.11698	7.12365	7.10333
46.9825	7.17268	7.12107	7.12318	7.10432
47.162	7.17169	7.12128	7.11871	7.1032
47.3421	7.17318	7.1203	7.12201	7.10655
47.5229	7.17235	7.12374	7.11955	7.10471
47.7045	7.17404	7.12677	7.11978	7.10154
47.8867	7.17288	7.12466	7.1207	7.1078
48.0696	7.17201	7.12674	7.11951	7.10583
48.2532	7.17283	7.12701	7.11579	7.11068
48.4375	7.17497	7.12386	7.12088	7.10581
48.6225	7.17557	7.12902	7.11901	7.10258
48.8082	7.1727	7.12907	7.11826	7.10366
48.9946	7.17497	7.12813	7.11955	7.10092
49.1818	7.17315	7.12811	7.11995	7.10039
49.3696	7.17113	7.12599	7.11788	7.10531
49.5582	7.17673	7.12102	7.12006	7.10115
49.7474	7.17034	7.12578	7.12202	7.10118
49.9374	7.17451	7.12723	7.12337	7.09939
50.1281	7.17456	7.12815	7.12299	7.10309
50.3196	7.17585	7.12484	7.12191	7.10446
50.5117	7.17502	7.12851	7.1249	7.10595
50.7047	7.17172	7.13018	7.12376	7.10351
50.8983	7.17421	7.127	7.1252	7.10708
51.0927	7.17262	7.12745	7.12177	7.1052
51.2878	7.1772	7.12733	7.1215	7.10795
51.4837	7.17825	7.12876	7.11964	7.10558
51.6802	7.17745	7.13032	7.12088	7.10695
51.8776	7.17591	7.12613	7.11705	7.1033
52.0757	7.17913	7.12895	7.12011	7.10667
52.2746	7.179	7.12477	7.11925	7.10543
52.4742	7.17827	7.12716	7.11781	7.10418
52.6746	7.17913	7.12887	7.11986	7.1011
52.8757	7.18095	7.12938	7.12106	7.10406
53.0776	7.17523	7.12849	7.12156	7.1019
53.2803	7.17828	7.1286	7.12344	7.10352
53.4837	7.17715	7.12719	7.1225	7.10548
53.688	7.17463	7.13041	7.11678	7.10287
53.8929	7.17872	7.12997	7.1176	7.09836
54.0987	7.17974	7.13065	7.11938	7.10087
54.3053	7.17733	7.12865	7.11912	7.10307
54.5126	7.17803	7.13264	7.11526	7.10801
54.7208	7.17787	7.13627	7.11905	7.10572
54.9297	7.17729	7.13181	7.12296	7.10828
55.1394	7.17832	7.13522	7.12454	7.10623
55.3499	7.1801	7.13114	7.12541	7.11052
55.5613	7.17931	7.13036	7.12169	7.1094
55.7734	7.1802	7.13275	7.12529	7.10998
55.9864	7.18219	7.13317	7.12257	7.10386
56.2001	7.18195	7.13201	7.12204	7.10185
56.4147	7.17855	7.1351	7.12384	7.10246
56.63	7.17819	7.13266	7.11981	7.10786
56.8462	7.17919	7.13052	7.12135	7.10691
57.0633	7.17899	7.13416	7.12318	7.10606
57.2811	7.18316	7.13384	7.12131	7.10466
57.4998	7.17959	7.13142	7.12165	7.10772
57.7193	7.17829	7.1349	7.11996	7.10775
57.9397	7.17825	7.13582	7.12262	7.11096
58.1608	7.17868	7.13374	7.12005	7.10947
58.3829	7.18076	7.1318	7.12162	7.10617
58.6057	7.17856	7.13497	7.12366	7.10645
58.8295	7.18066	7.13659	7.12432	7.10643
59.054	7.17842	7.13303	7.12555	7.10426
59.2795	7.18079	7.13726	7.12602	7.10312
59.5058	7.18388	7.13994	7.12423	7.10403
59.7329	7.18163	7.14121	7.12306	7.10483
59.9609	7.17906	7.13934	7.12159	7.10663
60.1898	7.18204	7.13571	7.12116	7.10751
60.4196	7.1796	7.13159	7.12452	7.10784
60.6502	7.17819	7.13346	7.12389	7.11192
60.8817	7.18182	7.13556	7.12306	7.11285
61.1141	7.18116	7.13587	7.12374	7.10993
61.3474	7.1807	7.13953	7.12212	7.10986
61.5815	7.17776	7.13738	7.12232	7.11221
61.8166	7.17896	7.1384	7.12139	7.10657
62.0525	7.17773	7.13956	7.12445	7.10653
62.2894	7.17712	7.14008	7.12546	7.10546
62.5271	7.1813	7.13714	7.12549	7.10834
62.7658	7.181	7.13926	7.12798	7.10536
63.0053	7.18379	7.13585	7.12784	7.10821
63.2458	7.18427	7.13421	7.12407	7.10561
63.4872	7.18175	7.13622	7.12564	7.1072
63.7295	7.18032	7.13977	7.12482	7.107
63.9728	7.17883	7.13919	7.12507	7.10789
64.2169	7.18084	7.1368	7.12311	7.11366
64.462	7.18051	7.13958	7.12146	7.11317
64.708	7.18181	7.14307	7.12336	7.11222
64.955	7.18568	7.1416	7.12139	7.11247
65.2029	7.18175	7.14328	7.12299	7.11308
65.4517	7.18251	7.14018	7.12056	7.11081
65.7015	7.1826	7.14022	7.12312	7.11106
65.9523	7.17925	7.13857	7.12221	7.10935
66.2039	7.1821	7.14141	7.12706	7.11195
66.4566	7.18313	7.13941	7.12325	7.1096
66.7102	7.18197	7.14138	7.1263	7.10787
66.9648	7.18351	7.1428	7.1244	7.10883
67.2204	7.18086	7.14032	7.12272	7.1111
67.4769	7.17989	7.14179	7.12411	7.1108
67.7344	7.18302	7.14368	7.12231	7.10854
67.9929	7.18288	7.14281	7.12281	7.112
68.2523	7.18519	7.14392	7.12358	7.11288
68.5128	7.18869	7.1417	7.12027	7.11382
68.7742	7.18416	7.14017	7.12272	7.11221
69.0367	7.18394	7.14231	7.12197	7.11138
69.3001	7.18304	7.14173	7.1183	7.10904
69.5646	7.18256	7.14217	7.1181	7.10842
69.83	7.18148	7.14246	7.12047	7.11014
70.0965	7.17986	7.14427	7.11951	7.11266
70.364	7.18448	7.14491	7.12855	7.11144
70.6324	7.18312	7.14268	7.12481	7.11266
70.902	7.18564	7.14318	7.1267	7.11444
71.1725	7.18311	7.14437	7.12991	7.11496
71.4441	7.18464	7.14519	7.12595	7.11103
71.7167	7.1831	7.14376	7.12392	7.1128
71.9903	7.18728	7.14633	7.12267	7.1142
72.265	7.18589	7.14328	7.12397	7.11161
72.5407	7.18653	7.14719	7.12298	7.11044
72.8175	7.18632	7.14568	7.1228	7.11417
73.0954	7.18631	7.1429	7.1233	7.11113
73.3743	7.18696	7.14046	7.12533	7.10991
73.6542	7.18508	7.13993	7.1256	7.1094
73.9352	7.18435	7.13957	7.12672	7.11335
74.2173	7.18182	7.14257	7.12278	7.11199
74.5005	7.18299	7.14573	7.12152	7.11593
74.7848	7.1837	7.14787	7.12401	7.11059
75.0701	7.18665	7.14378	7.12427	7.11136
75.3565	7.18862	7.14918	7.12543	7.11271
75.644	7.19083	7.1478	7.12361	7.11042
75.9326	7.19169	7.14757	7.12687	7.11297
76.2223	7.18948	7.1462	7.12549	7.11104
76.5131	7.18837	7.14312	7.12442	7.11354
76.805	7.18423	7.14348	7.12402	7.11237
77.098	7.185	7.14266	7.12309	7.11369
77.3922	7.18852	7.14378	7.1251	7.11269
77.6874	7.18766	7.14363	7.12611	7.11569
77.9838	7.18644	7.14614	7.12444	7.11333
78.2813	7.18682	7.14731	7.12488	7.11209
78.5799	7.18747	7.14722	7.12475	7.11094
78.8797	7.18748	7.14912	7.12349	7.11311
79.1806	7.18771	7.14668	7.12438	7.1141
79.4827	7.19056	7.14525	7.12409	7.11572
79.7859	7.1914	7.1449	7.12454	7.11086
80.0903	7.1885	7.14376	7.1258	7.10983
80.3958	7.19268	7.14675	7.12439	7.11251
80.7025	7.19215	7.14673	7.12149	7.11272
81.0104	7.19221	7.14951	7.12726	7.11024
81.3194	7.19109	7.15162	7.12272	7.11117
81.6296	7.18779	7.14822	7.12539	7.11575
81.941	7.18594	7.15068	7.12648	7.11515
82.2536	7.18847	7.14973	7.12872	7.11371
82.5674	7.1896	7.14773	7.12421	7.10934
82.8823	7.18966	7.14907	7.1248	7.10932
83.1985	7.19234	7.1465	7.12377	7.11454
83.5158	7.18931	7.14812	7.1256	7.11147
83.8344	7.1935	7.14543	7.12473	7.1123
84.1542	7.19247	7.14723	7.12423	7.11274
84.4752	7.18973	7.15038	7.12631	7.11722
84.7974	7.18915	7.15376	7.12678	7.11191
85.1209	7.19275	7.15208	7.1271	7.11405
85.4456	7.19188	7.15295	7.12462	7.11458
85.7715	7.19345	7.15191	7.1245	7.11472
86.0986	7.19293	7.14837	7.12515	7.11569
86.4271	7.19147	7.14685	7.12719	7.11611
86.7567	7.19442	7.15294	7.12681	7.11288
87.0876	7.19157	7.15068	7.12591	7.11587
87.4198	7.19135	7.14863	7.12683	7.11549
87.7533	7.1913	7.14809	7.12686	7.11411
88.088	7.19208	7.15003	7.12426	7.11334
88.4239	7.19046	7.15069	7.12684	7.11481
88.7612	7.18932	7.15206	7.12524	7.11388
89.0997	7.19573	7.15093	7.12267	7.11729
89.4396	7.19488	7.14994	7.12741	7.11801
89.7807	7.19311	7.14972	7.1244	7.1154
90.1231	7.19317	7.15016	7.12681	7.11473
90.4669	7.19264	7.15095	7.12784	7.11548
90.8119	7.19179	7.14994	7.12417	7.11708
91.1583	7.19055	7.15201	7.12433	7.11705
91.5059	7.18877	7.15298	7.12383	7.11311
91.8549	7.18911	7.15389	7.12432	7.11556
92.2053	7.19229	7.15287	7.12807	7.11767
92.5569	7.19669	7.15229	7.12694	7.11591
92.9099	7.19515	7.1503	7.12584	7.11472
93.2643	7.193	7.15367	7.1262	7.11384
93.6199	7.19375	7.15127	7.1268	7.11421
93.977	7.19584	7.14954	7.12589	7.11442
94.3354	7.19147	7.15245	7.12403	7.11511
94.6952	7.19141	7.15007	7.12318	7.11547
95.0563	7.19319	7.15235	7.12441	7.11555
95.4188	7.19044	7.15072	7.11948	7.1161
95.7827	7.19496	7.1525	7.11864	7.11431
96.148	7.19232	7.15248	7.12127	7.11267
96.5147	7.19679	7.15464	7.12313	7.11426
96.8827	7.19675	7.15212	7.12297	7.11314
97.2522	7.19679	7.15122	7.12641	7.11482
97.6231	7.19701	7.15352	7.12763	7.1157
97.9954	7.19563	7.1551	7.12809	7.11583
98.3691	7.19305	7.15051	7.12527	7.11549
98.7442	7.18995	7.1492	7.12144	7.11505
99.1208	7.19112	7.15357	7.12293	7.11383
99.4988	7.19534	7.15281	7.12368	7.11323
99.8782	7.19547	7.15133	7.12446	7.11463
100.259	7.19664	7.14883	7.12447	7.11278
100.641	7.19531	7.15204	7.12457	7.11413
101.025	7.19573	7.15253	7.12561	7.11304
101.41	7.19644	7.15318	7.12262	7.11282
101.797	7.19654	7.15239	7.12259	7.11379
102.185	7.19447	7.15385	7.12335	7.11408
102.575	7.19647	7.14982	7.12152	7.11511
102.966	7.19427	7.14869	7.12719	7.11379
103.359	7.19434	7.15054	7.12653	7.11665
103.753	7.19515	7.15252	7.12372	7.11783
104.148	7.19596	7.15157	7.12304	7.11482
104.546	7.19492	7.15407	7.1248	7.11681
104.944	7.19593	7.155	7.12573	7.11685
105.344	7.19763	7.15174	7.12301	7.11659
105.746	7.19759	7.15389	7.12601	7.11689
106.149	7.1978	7.15654	7.12276	7.11717
106.554	7.19625	7.15463	7.12174	7.11714
106.96	7.19774	7.15272	7.12277	7.11519
107.368	7.19866	7.15289	7.12237	7.11471
107.778	7.19666	7.15565	7.12381	7.11667
108.189	7.19601	7.15473	7.12611	7.11622
108.601	7.19752	7.15275	7.12463	7.11765
109.015	7.19688	7.15533	7.12452	7.11498
109.431	7.19777	7.15436	7.12143	7.11554
109.848	7.19387	7.15452	7.12271	7.11629
110.267	7.19562	7.15504	7.12201	7.11447
110.687	7.19682	7.15517	7.12464	7.11632
111.109	7.20005	7.15424	7.12594	7.1164
111.533	7.19657	7.15573	7.1263	7.11522
111.958	7.19975	7.15652	7.12347	7.11586
112.385	7.1973	7.15589	7.12666	7.11604
112.814	7.19709	7.15829	7.12551	7.11681
113.244	7.19779	7.15161	7.12076	7.11753
113.676	7.19736	7.15421	7.12254	7.11393
114.109	7.19697	7.15366	7.12486	7.11691
114.544	7.19854	7.15608	7.12457	7.11704
114.981	7.19873	7.15549	7.12411	7.11566
115.419	7.19715	7.15423	7.123	7.11833
115.859	7.19889	7.15703	7.12547	7.11838
116.301	7.19895	7.15635	7.12421	7.11837
116.744	7.19763	7.15386	7.1256	7.11495
117.189	7.19671	7.15329	7.11924	7.11262
117.636	7.19563	7.15591	7.12218	7.11585
118.085	7.19599	7.15862	7.12388	7.11508
118.535	7.19512	7.1511	7.12578	7.11888
118.987	7.19735	7.1564	7.12363	7.11841
119.44	7.19742	7.1565	7.12321	7.11668
119.896	7.20025	7.15405	7.12695	7.11121
120.353	7.19864	7.1533	7.12434	7.114
120.812	7.19751	7.15264	7.12201	7.11398
121.272	7.19784	7.15305	7.12329	7.11263
121.735	7.19636	7.15191	7.12408	7.11338
122.199	7.19546	7.15605	7.12106	7.11236
122.665	7.19664	7.15373	7.12213	7.11529
123.132	7.1987	7.15694	7.12454	7.11691
123.602	7.19964	7.15527	7.1232	7.11683
124.073	7.19723	7.15268	7.12366	7.11265
124.546	7.19909	7.15384	7.12593	7.11663
125.021	7.19859	7.15562	7.1211	7.11624
125.497	7.19609	7.15605	7.12242	7.1174
125.976	7.19579	7.15603	7.12105	7.11667
126.456	7.19535	7.1566	7.12064	7.11442
126.938	7.19606	7.15428	7.124	7.11205
127.422	7.2033	7.15362	7.12418	7.11097
127.908	7.20032	7.1543	7.12291	7.11488
128.395	7.19901	7.15638	7.12052	7.11549
128.885	7.19876	7.15625	7.12403	7.11498
129.376	7.19484	7.15472	7.12271	7.11477
129.869	7.19597	7.15496	7.12393	7.1156
130.364	7.19726	7.15512	7.12148	7.11344
130.861	7.19773	7.1543	7.12259	7.11633
131.36	7.19822	7.15715	7.12137	7.11407
131.861	7.19805	7.15581	7.12172	7.11261
132.364	7.19805	7.15444	7.12046	7.11281
132.868	7.19811	7.15652	7.12226	7.11604
133.375	7.19531	7.15574	7.1215	7.11613
133.883	7.19629	7.15669	7.12211	7.11698
134.393	7.19667	7.1575	7.12002	7.11422
134.906	7.19821	7.15577	7.12096	7.11547
135.42	7.2003	7.15494	7.12282	7.11524
135.936	7.19659	7.15589	7.12105	7.11575
136.454	7.19519	7.15541	7.12126	7.11476
136.975	7.19691	7.15876	7.12388	7.11492
137.497	7.19881	7.15729	7.12149	7.11475
138.021	7.20298	7.15567	7.1179	7.11513
138.547	7.20288	7.15481	7.11893	7.11419
139.075	7.20005	7.15607	7.11864	7.11696
139.605	7.1967	7.15602	7.12163	7.11758
140.137	7.19371	7.15613	7.12434	7.11364
140.671	7.19595	7.15275	7.1198	7.11339
141.208	7.20028	7.15574	7.11932	7.1139
141.746	7.20153	7.15673	7.12215	7.11702
142.286	7.19875	7.15665	7.11633	7.11625
142.829	7.2015	7.15891	7.11724	7.11451
143.373	7.19916	7.15466	7.11926	7.11341
143.919	7.19628	7.15519	7.12055	7.11465
144.468	7.19438	7.15658	7.11974	7.11434
145.019	7.19782	7.15496	7.11851	7.11302
145.571	7.20038	7.15764	7.11762	7.11686
146.126	7.19975	7.15562	7.11767	7.11643
146.683	7.19836	7.15427	7.11873	7.11533
147.242	7.1969	7.15708	7.12027	7.11751
147.804	7.19801	7.15292	7.12068	7.11194
148.367	7.19915	7.15708	7.11889	7.11352
148.932	7.2002	7.15482	7.11803	7.11349
149.5	7.20075	7.15653	7.11972	7.1153
150.07	7.19836	7.15555	7.11852	7.11454
150.642	7.19812	7.15642	7.11869	7.11432
151.216	7.19544	7.15646	7.11994	7.11434
151.792	7.19881	7.15462	7.12061	7.11203
152.371	7.19891	7.15372	7.12101	7.11734
152.952	7.19903	7.15633	7.11936	7.11454
153.535	7.19899	7.15723	7.11913	7.115
154.12	7.19583	7.1565	7.11894	7.11473
154.707	7.19571	7.1553	7.1195	7.11291
155.297	7.20001	7.15268	7.11802	7.11011
155.889	7.20011	7.15361	7.11744	7.11285
156.483	7.19739	7.15481	7.1204	7.11346
157.079	7.19727	7.15475	7.1203	7.11384
157.678	7.19722	7.15756	7.11866	7.1122
158.279	7.19603	7.15426	7.11991	7.11199
158.882	7.19897	7.15659	7.12005	7.11351
159.488	7.19959	7.15479	7.11869	7.11201
160.096	7.19618	7.15262	7.11799	7.11475
160.706	7.19848	7.1542	7.11848	7.11411
161.318	7.19624	7.1541	7.11581	7.11496
161.933	7.19702	7.15382	7.11883	7.1139
162.55	7.19795	7.15369	7.1189	7.11239
163.17	7.1985	7.15727	7.11591	7.11229
163.792	7.19942	7.15646	7.11602	7.11246
164.416	7.19745	7.15439	7.11473	7.11804
165.043	7.19631	7.15441	7.11744	7.1155
165.672	7.19694	7.15402	7.118	7.11376
166.303	7.19648	7.15399	7.11764	7.11192
166.937	7.20063	7.15536	7.11547	7.11271
167.573	7.19639	7.15501	7.11666	7.11455
168.212	7.19704	7.15475	7.11605	7.11308
168.853	7.19727	7.15275	7.1151	7.11157
169.496	7.19631	7.15474	7.11653	7.11214
170.142	7.19863	7.15353	7.11697	7.11224
170.791	7.19697	7.15442	7.11643	7.11096
171.441	7.19729	7.15345	7.11608	7.11412
172.095	7.19349	7.15347	7.11584	7.11137
172.751	7.19345	7.15241	7.11387	7.11045
173.409	7.19655	7.15601	7.11654	7.11497
174.07	7.19729	7.15506	7.11565	7.11238
174.733	7.19437	7.15556	7.11436	7.11213
175.399	7.19733	7.1575	7.11562	7.11111
176.068	7.19586	7.15526	7.11462	7.11087
176.739	7.19557	7.15302	7.11603	7.11285
177.412	7.19573	7.15325	7.11623	7.11303
178.088	7.19661	7.15523	7.11557	7.11227
178.767	7.19702	7.15288	7.11424	7.10834
179.448	7.19727	7.15439	7.11138	7.11043
180.132	7.19646	7.15272	7.1123	7.11221
180.818	7.19444	7.15561	7.11474	7.11124
181.507	7.196	7.15325	7.11494	7.11091
182.199	7.19506	7.15171	7.11474	7.10755
182.893	7.19591	7.15367	7.11289	7.10897
183.59	7.19547	7.15355	7.11376	7.11097
184.29	7.19656	7.15115	7.11677	7.11003
184.992	7.1945	7.1511	7.1162	7.11048
185.697	7.19292	7.15136	7.11193	7.1106
186.405	7.19439	7.15335	7.11076	7.10974
187.115	7.19705	7.1527	7.11011	7.11095
187.828	7.19193	7.15052	7.11312	7.11184
188.544	7.19152	7.15189	7.11286	7.10941
189.263	7.19232	7.1521	7.1122	7.11202
189.984	7.19354	7.15495	7.11084	7.11072
190.708	7.19279	7.15266	7.11193	7.11154
191.435	7.1951	7.15057	7.11366	7.11061
192.164	7.19288	7.1555	7.11322	7.10906
192.896	7.19258	7.15368	7.1093	7.10847
193.631	7.19286	7.15421	7.11012	7.1095
194.369	7.1932	7.15434	7.11137	7.11067
195.11	7.19296	7.149	7.11114	7.1105
195.853	7.19704	7.15073	7.10963	7.10879
196.6	7.19349	7.15178	7.11224	7.10767
197.349	7.19218	7.15028	7.10933	7.10611
198.101	7.19156	7.14756	7.1125	7.11018
198.856	7.19544	7.149	7.10998	7.11156
199.613	7.19463	7.15157	7.11173	7.10547
200.374	7.19501	7.15406	7.10813	7.10622
201.138	7.18759	7.15036	7.10853	7.10663
201.904	7.19057	7.1492	7.11198	7.11014
202.673	7.19454	7.14658	7.10919	7.10721
203.446	7.19588	7.15023	7.10741	7.10602
204.221	7.19194	7.15192	7.11019	7.10665
204.999	7.19035	7.15006	7.11023	7.10879
205.78	7.19258	7.14912	7.10762	7.10793
206.564	7.19547	7.14806	7.10638	7.10852
207.352	7.19315	7.15101	7.10956	7.10432
208.142	7.18925	7.15071	7.10973	7.10702
208.935	7.19095	7.14875	7.11137	7.10874
209.731	7.19059	7.14864	7.10742	7.10673
210.53	7.19404	7.1522	7.10551	7.10668
211.332	7.19127	7.1532	7.10834	7.10522
212.137	7.19237	7.15093	7.11076	7.10916
212.946	7.19038	7.14494	7.10794	7.1055
213.757	7.19002	7.14748	7.10903	7.10713
214.572	7.19072	7.14863	7.10358	7.1088
215.389	7.18786	7.15022	7.10856	7.10856
216.21	7.18728	7.14747	7.11112	7.10548
217.034	7.18774	7.14825	7.10547	7.10679
217.861	7.18892	7.14839	7.10617	7.10414
218.691	7.18685	7.1462	7.10724	7.10585
219.524	7.1882	7.14728	7.1075	7.10721
220.361	7.19156	7.14596	7.10646	7.10316
221.2	7.18896	7.14551	7.10865	7.10637
222.043	7.18597	7.14676	7.10478	7.10764
222.889	7.18781	7.1462	7.10409	7.10355
223.738	7.18984	7.14702	7.10583	7.10289
224.591	7.18718	7.14551	7.10373	7.10642
225.447	7.18659	7.14756	7.10346	7.10712
226.306	7.18605	7.14583	7.10613	7.10257
227.168	7.18938	7.14689	7.1046	7.10227
228.033	7.18894	7.14782	7.10384	7.10382
228.902	7.18593	7.14641	7.10571	7.10526
229.774	7.18613	7.14469	7.10581	7.1065
230.65	7.18788	7.14593	7.10627	7.09885
231.529	7.1889	7.14521	7.10538	7.10449
232.411	7.18467	7.14761	7.10256	7.10653
233.296	7.18527	7.1425	7.10218	7.10386
234.185	7.1855	7.14435	7.10683	7.10247
235.078	7.18758	7.14435	7.10142	7.10374
235.973	7.18593	7.14596	7.10359	7.10318
236.872	7.18368	7.14372	7.10485	7.10547
237.775	7.18549	7.1437	7.10248	7.10331
238.681	7.18452	7.14586	7.10117	7.10395
239.59	7.18533	7.1424	7.10266	7.10562
240.503	7.18568	7.14125	7.10139	7.10354
241.419	7.18624	7.14329	7.10232	7.10247
242.339	7.18437	7.1446	7.1018	7.10386
243.263	7.18267	7.14224	7.10111	7.10185
244.189	7.18292	7.14142	7.10317	7.10069
245.12	7.1846	7.14395	7.10528	7.1026
246.054	7.18368	7.14329	7.10089	7.10372
246.991	7.1834	7.14198	7.10245	7.1037
247.932	7.18266	7.13966	7.10085	7.10056
248.877	7.1841	7.14554	7.09892	7.10169
249.825	7.18407	7.14132	7.0995	7.10379
250.777	7.18378	7.13891	7.1022	7.10238
251.732	7.18376	7.14199	7.09844	7.10325
252.691	7.18171	7.13922	7.09948	7.1008
253.654	7.18352	7.13982	7.09758	7.10414
254.62	7.18193	7.14049	7.10032	7.10459
255.591	7.18189	7.14042	7.09891	7.1017
256.564	7.17964	7.13969	7.09597	7.10412
257.542	7.18346	7.1398	7.09891	7.10353
258.523	7.18123	7.13608	7.10072	7.09935
259.508	7.1807	7.14027	7.09876	7.10116
260.497	7.179	7.14124	7.09663	7.10228
261.489	7.18061	7.13852	7.0988	7.10061
262.485	7.17861	7.13734	7.0955	7.10223
263.485	7.17852	7.13797	7.0953	7.10387
264.489	7.17954	7.13983	7.09593	7.10139
265.497	7.17913	7.13854	7.09748	7.10128
266.508	7.17985	7.13736	7.09337	7.1035
267.524	7.17964	7.13689	7.09397	7.10008
268.543	7.17813	7.13356	7.09802	7.10195
269.566	7.17989	7.13765	7.09592	7.10116
270.593	7.17998	7.13917	7.09387	7.1025
271.624	7.17964	7.13686	7.09435	7.09931
272.659	7.18176	7.13612	7.09253	7.09763
273.698	7.17494	7.13671	7.09439	7.10079
274.74	7.17688	7.13835	7.09273	7.09876
275.787	7.17934	7.13498	7.09383	7.09781
276.838	7.17526	7.13556	7.09297	7.10078
277.892	7.17376	7.13624	7.08956	7.09882
278.951	7.17668	7.13666	7.09342	7.09602
280.014	7.17629	7.13821	7.09308	7.09875
281.081	7.17318	7.13907	7.08769	7.09728
282.151	7.1753	7.13492	7.09085	7.09707
283.226	7.17267	7.13733	7.09348	7.09649
284.305	7.1725	7.13825	7.09061	7.09754
285.388	7.17483	7.13605	7.09073	7.09597
286.476	7.17379	7.13508	7.0913	7.09787
287.567	7.17083	7.13577	7.08907	7.09834
288.663	7.17037	7.13353	7.08972	7.09769
289.762	7.17436	7.13303	7.09147	7.0947
290.866	7.17436	7.13592	7.08885	7.09869
291.974	7.16946	7.13476	7.08981	7.09519
293.087	7.17293	7.13595	7.08823	7.0975
294.203	7.17421	7.13422	7.08774	7.09799
295.324	7.1717	7.13547	7.08777	7.09646
296.449	7.17333	7.13536	7.08819	7.09378
297.578	7.17338	7.13347	7.08751	7.09937
298.712	7.17141	7.13669	7.08657	7.09582
300	7.17087	7.134	7.08799	7.09435
