5.75E-4	7.92738	8.04552	7.92738	8.04552
0.00115	8.07671	8.06922	8.07671	8.06922
0.001725	8.11137	8.18136	8.11137	8.18136
0.0023	8.09469	8.23432	8.09469	8.23432
0.002875	8.0615	8.21995	8.0615	8.21995
0.0034625	8.12255	8.22629	8.12255	8.22629
0.00405	8.13031	8.19778	8.13031	8.19778
0.004625	8.07237	8.12959	8.07237	8.12959
0.005225	8.08914	8.12412	8.08914	8.12412
0.0058125	8.11861	8.13559	8.11861	8.13559
0.0064	8.06742	8.16854	8.06742	8.16854
0.007	8.05147	8.13035	8.05147	8.13035
0.0076	8.10253	8.16037	8.10253	8.16037
0.0082	8.08288	8.18158	8.08288	8.18158
0.0088	8.01899	8.09838	8.01899	8.09838
0.0094	8.03862	8.23214	8.03862	8.23214
0.0100125	8.04867	8.11437	8.04867	8.11437
0.010625	8.11416	8.11453	8.11416	8.11453
0.0112375	8.03465	8.16162	8.03465	8.16162
0.01185	8.04408	8.14216	8.04408	8.14216
0.0124625	8.0627	8.10503	8.0627	8.10503
0.013075	8.00261	8.12598	8.00261	8.12598
0.0137	8.05178	8.13927	8.05178	8.13927
0.014325	8.0253	8.16211	8.0253	8.16211
0.01495	8.06518	8.0821	8.06518	8.0821
0.015575	8.04087	8.08995	8.04087	8.08995
0.0162125	8.03292	8.04991	8.03292	8.04991
0.0168375	8.00954	8.04025	8.00954	8.04025
0.017475	7.96313	8.07085	7.96313	8.07085
0.0181125	8.06271	8.0651	8.06271	8.0651
0.01875	8.02855	8.08945	8.02855	8.08945
0.0194	8.03695	8.05876	8.03695	8.05876
0.0200375	7.98514	8.05466	7.98514	8.05466
0.0206875	7.98204	8.08315	7.98204	8.08315
0.0213375	7.94389	8.07936	7.94389	8.07936
0.0219875	7.9826	8.02785	7.9826	8.02785
0.02265	8.00735	8.03649	8.00735	8.03649
0.0233	8.0136	8.04025	8.0136	8.04025
0.0239625	7.91146	8.076	7.91146	8.076
0.024625	7.92923	7.99496	7.92923	7.99496
0.0252875	7.98362	8.04634	7.98362	8.04634
0.0259625	7.98162	8.03473	7.98162	8.03473
0.026625	7.98595	8.10065	7.98595	8.10065
0.0273	8.02749	8.07443	8.02749	8.07443
0.027975	7.91425	8.01508	7.91425	8.01508
0.02865	8.00985	8.02586	8.00985	8.02586
0.0293375	7.9857	8.00482	7.9857	8.00482
0.0300125	7.92552	8.02885	7.92552	8.02885
0.0307	7.9925	8.03483	7.9925	8.03483
0.0313875	7.9039	8.00316	7.9039	8.00316
0.0320875	7.93799	7.99721	7.93799	7.99721
0.032775	7.92331	7.97716	7.92331	7.97716
0.033475	7.8727	8.0483	7.8727	8.0483
0.034175	7.91912	7.99697	7.91912	7.99697
0.034875	7.91328	7.98704	7.91328	7.98704
0.035575	7.93456	7.94898	7.93456	7.94898
0.0362875	7.94537	7.96075	7.94537	7.96075
0.0369875	7.92571	7.93926	7.92571	7.93926
0.0377	7.8879	7.91219	7.8879	7.91219
0.0384125	7.9142	7.96757	7.9142	7.96757
0.0391375	7.88867	7.95246	7.88867	7.95246
0.03985	7.86881	7.92677	7.86881	7.92677
0.040575	7.88895	7.91774	7.88895	7.91774
0.0413	7.92796	7.89606	7.92796	7.89606
0.0420375	7.88376	7.9513	7.88376	7.9513
0.0427625	7.86932	7.92152	7.86932	7.92152
0.0435	7.86742	8.02054	7.86742	8.02054
0.0442375	7.88421	7.94184	7.88421	7.94184
0.044975	7.84625	7.90656	7.84625	7.90656
0.0457125	7.88226	7.93066	7.88226	7.93066
0.0464625	7.83578	7.8992	7.83578	7.8992
0.0472125	7.81804	7.83441	7.81804	7.83441
0.0479625	7.85054	7.89253	7.85054	7.89253
0.0487125	7.794	7.90427	7.794	7.90427
0.049475	7.85861	7.84562	7.85861	7.84562
0.050225	7.82282	7.86419	7.82282	7.86419
0.0509875	7.86608	7.91735	7.86608	7.91735
0.0517625	7.85381	7.89016	7.85381	7.89016
0.052525	7.80169	7.88798	7.80169	7.88798
0.0533	7.79496	7.87229	7.79496	7.87229
0.054075	7.85224	7.85051	7.85224	7.85051
0.05485	7.78006	7.86347	7.78006	7.86347
0.055625	7.80091	7.81885	7.80091	7.81885
0.0564125	7.77472	7.82187	7.77472	7.82187
0.0572	7.74969	7.85113	7.74969	7.85113
0.0579875	7.82666	7.86983	7.82666	7.86983
0.058775	7.82135	7.84537	7.82135	7.84537
0.059575	7.75665	7.7957	7.75665	7.7957
0.060375	7.78402	7.77639	7.78402	7.77639
0.061175	7.72547	7.88601	7.72547	7.88601
0.061975	7.78934	7.7663	7.78934	7.7663
0.0627875	7.7663	7.82096	7.7663	7.82096
0.0636	7.77734	7.81171	7.77734	7.81171
0.0644125	7.72225	7.79582	7.72225	7.79582
0.065225	7.74517	7.8196	7.74517	7.8196
0.0660375	7.79546	7.78167	7.79546	7.78167
0.0668625	7.82853	7.78285	7.82853	7.78285
0.0676875	7.77485	7.81084	7.77485	7.81084
0.068525	7.74703	7.80024	7.74703	7.80024
0.06935	7.74661	7.7485	7.74661	7.7485
0.0701875	7.8217	7.78643	7.8217	7.78643
0.071025	7.75218	7.77384	7.75218	7.77384
0.0718625	7.71538	7.79084	7.71538	7.79084
0.0727125	7.73549	7.82939	7.73549	7.82939
0.0735625	7.72316	7.806	7.72316	7.806
0.0744125	7.75314	7.73911	7.75314	7.73911
0.0752625	7.76129	7.79659	7.76129	7.79659
0.076125	7.72793	7.74302	7.72793	7.74302
0.0769875	7.7507	7.77586	7.7507	7.77586
0.07785	7.763	7.77781	7.763	7.77781
0.0787125	7.70044	7.78663	7.70044	7.78663
0.0795875	7.74814	7.76366	7.74814	7.76366
0.0804625	7.72572	7.77666	7.72572	7.77666
0.0813375	7.67429	7.74394	7.67429	7.74394
0.082225	7.75349	7.75429	7.75349	7.75429
0.0831	7.68608	7.74915	7.68608	7.74915
0.0839875	7.69515	7.78016	7.69515	7.78016
0.0848875	7.68623	7.7562	7.68623	7.7562
0.085775	7.64483	7.77087	7.64483	7.77087
0.086675	7.71594	7.76119	7.71594	7.76119
0.087575	7.67495	7.74288	7.67495	7.74288
0.088475	7.65899	7.72165	7.65899	7.72165
0.0893875	7.6319	7.70379	7.6319	7.70379
0.0903	7.70194	7.74665	7.70194	7.74665
0.0912125	7.65383	7.74827	7.65383	7.74827
0.0921375	7.65331	7.71608	7.65331	7.71608
0.09305	7.65216	7.71192	7.65216	7.71192
0.0939875	7.65868	7.76112	7.65868	7.76112
0.0949125	7.64847	7.70458	7.64847	7.70458
0.0958375	7.66773	7.71577	7.66773	7.71577
0.096775	7.66941	7.72863	7.66941	7.72863
0.097725	7.62918	7.713	7.62918	7.713
0.0986625	7.67276	7.73428	7.67276	7.73428
0.0996125	7.70279	7.71228	7.70279	7.71228
0.100562	7.66207	7.73271	7.66207	7.73271
0.101512	7.64138	7.68514	7.64138	7.68514
0.102475	7.63953	7.74323	7.63953	7.74323
0.103437	7.67814	7.67125	7.67814	7.67125
0.1044	7.59672	7.72317	7.59672	7.72317
0.105362	7.63934	7.65773	7.63934	7.65773
0.106338	7.69782	7.70947	7.69782	7.70947
0.107313	7.64112	7.69832	7.64112	7.69832
0.1083	7.63754	7.66248	7.63754	7.66248
0.109275	7.61071	7.65404	7.61071	7.65404
0.110262	7.62575	7.71719	7.62575	7.71719
0.11125	7.57926	7.6742	7.57926	7.6742
0.11225	7.64193	7.6809	7.64193	7.6809
0.11325	7.58755	7.74706	7.58755	7.74706
0.11425	7.65215	7.72332	7.65215	7.72332
0.115263	7.58143	7.68399	7.58143	7.68399
0.116263	7.61464	7.62688	7.61464	7.62688
0.117288	7.57631	7.63617	7.57631	7.63617
0.1183	7.62208	7.6484	7.62208	7.6484
0.119325	7.63735	7.66278	7.63735	7.66278
0.12035	7.58951	7.66682	7.58951	7.66682
0.121375	7.57743	7.66758	7.57743	7.66758
0.122413	7.60636	7.66474	7.60636	7.66474
0.12345	7.59817	7.6459	7.59817	7.6459
0.124487	7.58695	7.66982	7.58695	7.66982
0.125537	7.58703	7.65989	7.58703	7.65989
0.126587	7.57017	7.69449	7.57017	7.69449
0.127638	7.53863	7.61384	7.53863	7.61384
0.128688	7.56547	7.65816	7.56547	7.65816
0.12975	7.56105	7.6284	7.56105	7.6284
0.130825	7.62023	7.67134	7.62023	7.67134
0.131887	7.56937	7.63865	7.56937	7.63865
0.132962	7.57498	7.63571	7.57498	7.63571
0.134037	7.55913	7.67978	7.55913	7.67978
0.135125	7.60316	7.64548	7.60316	7.64548
0.1362	7.56343	7.63619	7.56343	7.63619
0.1373	7.55235	7.63511	7.55235	7.63511
0.138388	7.58775	7.63605	7.58775	7.63605
0.139488	7.55576	7.65416	7.55576	7.65416
0.140587	7.53967	7.5809	7.53967	7.5809
0.1417	7.55924	7.65997	7.55924	7.65997
0.142813	7.57353	7.64747	7.57353	7.64747
0.143925	7.5882	7.63854	7.5882	7.63854
0.145038	7.55322	7.63564	7.55322	7.63564
0.146162	7.54898	7.6691	7.54898	7.6691
0.147288	7.53923	7.65838	7.53923	7.65838
0.148425	7.56147	7.63704	7.56147	7.63704
0.149562	7.52504	7.58768	7.52504	7.58768
0.1507	7.5493	7.58858	7.5493	7.58858
0.15185	7.5364	7.59822	7.5364	7.59822
0.153	7.52456	7.58272	7.52456	7.58272
0.15415	7.55272	7.60339	7.55272	7.60339
0.155312	7.53482	7.55605	7.53482	7.55605
0.156475	7.52418	7.60642	7.52418	7.60642
0.157638	7.49392	7.6159	7.49392	7.6159
0.158812	7.53075	7.61985	7.53075	7.61985
0.159987	7.52027	7.59896	7.52027	7.59896
0.161162	7.52774	7.59265	7.52774	7.59265
0.16235	7.55033	7.59844	7.55033	7.59844
0.163538	7.53793	7.54943	7.53793	7.54943
0.164737	7.57046	7.56957	7.57046	7.56957
0.165925	7.49754	7.56303	7.49754	7.56303
0.167138	7.53805	7.59426	7.53805	7.59426
0.168337	7.48381	7.58814	7.48381	7.58814
0.16955	7.51111	7.53982	7.51111	7.53982
0.170775	7.54099	7.58564	7.54099	7.58564
0.171988	7.48224	7.55155	7.48224	7.55155
0.173212	7.50691	7.57563	7.50691	7.57563
0.17445	7.52208	7.59036	7.52208	7.59036
0.175688	7.52117	7.53242	7.52117	7.53242
0.176925	7.4911	7.60346	7.4911	7.60346
0.178175	7.52024	7.54028	7.52024	7.54028
0.179412	7.5093	7.55437	7.5093	7.55437
0.180675	7.50488	7.55787	7.50488	7.55787
0.181938	7.46698	7.59441	7.46698	7.59441
0.1832	7.44488	7.56388	7.44488	7.56388
0.184463	7.47523	7.56534	7.47523	7.56534
0.185738	7.42401	7.50717	7.42401	7.50717
0.187012	7.46002	7.53957	7.46002	7.53957
0.1883	7.50175	7.54095	7.50175	7.54095
0.189588	7.48665	7.54279	7.48665	7.54279
0.190875	7.51311	7.53019	7.51311	7.53019
0.192175	7.45262	7.49347	7.45262	7.49347
0.193487	7.46773	7.4989	7.46773	7.4989
0.194788	7.48751	7.54582	7.48751	7.54582
0.1961	7.46513	7.53255	7.46513	7.53255
0.197425	7.46308	7.5464	7.46308	7.5464
0.198738	7.41714	7.55018	7.41714	7.55018
0.200075	7.45424	7.4978	7.45424	7.4978
0.2014	7.47775	7.47568	7.47775	7.47568
0.202737	7.4298	7.53075	7.4298	7.53075
0.204087	7.42987	7.50017	7.42987	7.50017
0.205437	7.50502	7.51216	7.50502	7.51216
0.206787	7.45792	7.50909	7.45792	7.50909
0.20815	7.44322	7.49936	7.44322	7.49936
0.209513	7.44598	7.53255	7.44598	7.53255
0.210875	7.43705	7.56186	7.43705	7.56186
0.21225	7.45246	7.50697	7.45246	7.50697
0.213638	7.46405	7.50446	7.46405	7.50446
0.215013	7.4279	7.51704	7.4279	7.51704
0.2164	7.44722	7.50962	7.44722	7.50962
0.2178	7.45971	7.53514	7.45971	7.53514
0.2192	7.42343	7.52196	7.42343	7.52196
0.220612	7.44694	7.48636	7.44694	7.48636
0.222013	7.44712	7.53282	7.44712	7.53282
0.223438	7.44462	7.52583	7.44462	7.52583
0.224863	7.42221	7.50331	7.42221	7.50331
0.226287	7.43294	7.5072	7.43294	7.5072
0.227712	7.42998	7.49683	7.42998	7.49683
0.22915	7.39961	7.49212	7.39961	7.49212
0.2306	7.45766	7.51083	7.45766	7.51083
0.23205	7.42499	7.48351	7.42499	7.48351
0.2335	7.45326	7.48892	7.45326	7.48892
0.234962	7.43614	7.48026	7.43614	7.48026
0.236425	7.42211	7.47351	7.42211	7.47351
0.2379	7.43162	7.476	7.43162	7.476
0.239375	7.43313	7.4739	7.43313	7.4739
0.240863	7.41747	7.45776	7.41747	7.45776
0.24235	7.44394	7.53628	7.44394	7.53628
0.243838	7.39637	7.46962	7.39637	7.46962
0.245338	7.40614	7.47707	7.40614	7.47707
0.24685	7.41204	7.47647	7.41204	7.47647
0.248362	7.41071	7.473	7.41071	7.473
0.249875	7.42471	7.45368	7.42471	7.45368
0.2514	7.41316	7.48194	7.41316	7.48194
0.252925	7.39011	7.4494	7.39011	7.4494
0.254463	7.42589	7.43691	7.42589	7.43691
0.256	7.38053	7.44462	7.38053	7.44462
0.25755	7.39559	7.46103	7.39559	7.46103
0.2591	7.43134	7.44434	7.43134	7.44434
0.26065	7.4079	7.45739	7.4079	7.45739
0.262225	7.40372	7.45676	7.40372	7.45676
0.263788	7.3783	7.43409	7.3783	7.43409
0.265363	7.36878	7.44677	7.36878	7.44677
0.26695	7.37659	7.43656	7.37659	7.43656
0.268537	7.37433	7.47749	7.37433	7.47749
0.270125	7.36786	7.4332	7.36786	7.4332
0.271725	7.37934	7.44185	7.37934	7.44185
0.273338	7.39057	7.43459	7.39057	7.43459
0.27495	7.38619	7.44773	7.38619	7.44773
0.276563	7.37455	7.42987	7.37455	7.42987
0.278188	7.3331	7.45156	7.3331	7.45156
0.279813	7.37433	7.44806	7.37433	7.44806
0.28145	7.38076	7.43617	7.38076	7.43617
0.2831	7.38213	7.44747	7.38213	7.44747
0.28475	7.36171	7.42773	7.36171	7.42773
0.2864	7.37989	7.43693	7.37989	7.43693
0.288063	7.35663	7.42497	7.35663	7.42497
0.289725	7.3676	7.45372	7.3676	7.45372
0.2914	7.34914	7.43376	7.34914	7.43376
0.293088	7.38821	7.45092	7.38821	7.45092
0.294775	7.37995	7.4417	7.37995	7.4417
0.296463	7.33473	7.40338	7.33473	7.40338
0.298162	7.34703	7.44336	7.34703	7.44336
0.299875	7.37175	7.46092	7.37175	7.46092
0.301587	7.32762	7.43236	7.32762	7.43236
0.3033	7.41019	7.4401	7.41019	7.4401
0.305037	7.36221	7.42318	7.36221	7.42318
0.306762	7.37784	7.42866	7.37784	7.42866
0.3085	7.34642	7.40771	7.34642	7.40771
0.31025	7.34977	7.43477	7.34977	7.43477
0.312	7.34131	7.40387	7.34131	7.40387
0.313762	7.39037	7.43276	7.39037	7.43276
0.315525	7.34544	7.39134	7.34544	7.39134
0.3173	7.32365	7.42805	7.32365	7.42805
0.319075	7.34317	7.43023	7.34317	7.43023
0.320863	7.32584	7.39114	7.32584	7.39114
0.322663	7.36237	7.40918	7.36237	7.40918
0.324463	7.34292	7.39476	7.34292	7.39476
0.326263	7.36988	7.42238	7.36988	7.42238
0.328075	7.3626	7.42667	7.3626	7.42667
0.3299	7.32841	7.46706	7.32841	7.46706
0.331725	7.3259	7.41184	7.3259	7.41184
0.333562	7.33503	7.41055	7.33503	7.41055
0.3354	7.33736	7.43086	7.33736	7.43086
0.33725	7.33405	7.37855	7.33405	7.37855
0.3391	7.31582	7.39643	7.31582	7.39643
0.340962	7.31871	7.40161	7.31871	7.40161
0.342838	7.32124	7.40837	7.32124	7.40837
0.344712	7.31743	7.40175	7.31743	7.40175
0.3466	7.36556	7.40976	7.36556	7.40976
0.348487	7.34433	7.39109	7.34433	7.39109
0.350388	7.35874	7.38341	7.35874	7.38341
0.352288	7.3209	7.37906	7.3209	7.37906
0.3542	7.34972	7.38792	7.34972	7.38792
0.356125	7.3189	7.38009	7.3189	7.38009
0.35805	7.32448	7.43765	7.32448	7.43765
0.359987	7.31114	7.37792	7.31114	7.37792
0.361925	7.29932	7.41819	7.29932	7.41819
0.363875	7.32293	7.39105	7.32293	7.39105
0.365838	7.31818	7.39001	7.31818	7.39001
0.3678	7.32626	7.40689	7.32626	7.40689
0.369763	7.34224	7.428	7.34224	7.428
0.37175	7.31781	7.37513	7.31781	7.37513
0.373738	7.32893	7.3974	7.32893	7.3974
0.375725	7.3045	7.39536	7.3045	7.39536
0.377725	7.32184	7.3886	7.32184	7.3886
0.379737	7.3237	7.38976	7.3237	7.38976
0.381763	7.33034	7.37912	7.33034	7.37912
0.383775	7.35109	7.37737	7.35109	7.37737
0.385812	7.29978	7.39322	7.29978	7.39322
0.38785	7.3127	7.36887	7.3127	7.36887
0.3899	7.32624	7.32468	7.32624	7.32468
0.391962	7.30601	7.38521	7.30601	7.38521
0.394025	7.31615	7.37681	7.31615	7.37681
0.396087	7.29114	7.3703	7.29114	7.3703
0.398175	7.2855	7.39979	7.2855	7.39979
0.400263	7.3065	7.38652	7.3065	7.38652
0.40235	7.29237	7.37825	7.29237	7.37825
0.404462	7.29962	7.3706	7.29962	7.3706
0.406575	7.3043	7.37834	7.3043	7.37834
0.408688	7.30084	7.37777	7.30084	7.37777
0.410812	7.33992	7.40668	7.33992	7.40668
0.41295	7.30985	7.34012	7.30985	7.34012
0.4151	7.3088	7.33736	7.3088	7.33736
0.41725	7.30892	7.34208	7.30892	7.34208
0.4194	7.27559	7.31938	7.27559	7.31938
0.421575	7.29986	7.36735	7.29986	7.36735
0.42375	7.26217	7.34921	7.26217	7.34921
0.425938	7.29658	7.316	7.29658	7.316
0.428125	7.27181	7.3585	7.27181	7.3585
0.430325	7.28589	7.33342	7.28589	7.33342
0.432537	7.26015	7.33424	7.26015	7.33424
0.434763	7.2842	7.3707	7.2842	7.3707
0.436987	7.27757	7.34651	7.27757	7.34651
0.439225	7.25241	7.37207	7.25241	7.37207
0.441462	7.27531	7.37542	7.27531	7.37542
0.443713	7.30316	7.34707	7.30316	7.34707
0.445975	7.30246	7.36258	7.30246	7.36258
0.44825	7.27534	7.32441	7.27534	7.32441
0.450525	7.27079	7.35478	7.27079	7.35478
0.452812	7.26371	7.33211	7.26371	7.33211
0.4551	7.27893	7.3458	7.27893	7.3458
0.457413	7.30163	7.33393	7.30163	7.33393
0.459725	7.30199	7.36195	7.30199	7.36195
0.462038	7.29076	7.34971	7.29076	7.34971
0.464375	7.29389	7.36985	7.29389	7.36985
0.466713	7.29203	7.33267	7.29203	7.33267
0.469063	7.2644	7.36691	7.2644	7.36691
0.471413	7.27784	7.34106	7.27784	7.34106
0.473787	7.28173	7.34522	7.28173	7.34522
0.476162	7.27603	7.34835	7.27603	7.34835
0.478537	7.2724	7.33515	7.2724	7.33515
0.480938	7.26864	7.33793	7.26864	7.33793
0.483337	7.25697	7.3414	7.25697	7.3414
0.48575	7.26105	7.3384	7.26105	7.3384
0.488175	7.26084	7.33347	7.26084	7.33347
0.4906	7.25751	7.34488	7.25751	7.34488
0.493037	7.22457	7.39394	7.22457	7.39394
0.495488	7.25145	7.3486	7.25145	7.3486
0.49795	7.26417	7.33492	7.26417	7.33492
0.500413	7.26773	7.33501	7.26773	7.33501
0.502887	7.26151	7.33637	7.26151	7.33637
0.505375	7.2863	7.30087	7.2863	7.30087
0.507875	7.25789	7.34438	7.25789	7.34438
0.510375	7.26743	7.34246	7.26743	7.34246
0.512887	7.28152	7.34156	7.28152	7.34156
0.515413	7.27716	7.3536	7.27716	7.3536
0.51795	7.27313	7.3321	7.27313	7.3321
0.520487	7.27576	7.34375	7.27576	7.34375
0.52305	7.26177	7.34455	7.26177	7.34455
0.525612	7.24775	7.33055	7.24775	7.33055
0.528175	7.24105	7.31871	7.24105	7.31871
0.530762	7.28135	7.33128	7.28135	7.33128
0.53335	7.23669	7.32512	7.23669	7.32512
0.535963	7.26687	7.30979	7.26687	7.30979
0.538575	7.27927	7.33391	7.27927	7.33391
0.541188	7.24857	7.32597	7.24857	7.32597
0.543825	7.25976	7.32264	7.25976	7.32264
0.546462	7.26305	7.33139	7.26305	7.33139
0.549112	7.26868	7.31356	7.26868	7.31356
0.551775	7.25662	7.33298	7.25662	7.33298
0.55445	7.24405	7.34251	7.24405	7.34251
0.557137	7.23241	7.32602	7.23241	7.32602
0.559825	7.24798	7.3429	7.24798	7.3429
0.562525	7.2419	7.33094	7.2419	7.33094
0.565238	7.26662	7.32971	7.26662	7.32971
0.567963	7.25626	7.32007	7.25626	7.32007
0.5707	7.24142	7.30784	7.24142	7.30784
0.573438	7.24731	7.30241	7.24731	7.30241
0.5762	7.23757	7.30961	7.23757	7.30961
0.578963	7.24768	7.3162	7.24768	7.3162
0.581738	7.26543	7.31034	7.26543	7.31034
0.584525	7.22547	7.29649	7.22547	7.29649
0.587325	7.25886	7.31644	7.25886	7.31644
0.590125	7.23088	7.32952	7.23088	7.32952
0.59295	7.2544	7.32246	7.2544	7.32246
0.595775	7.24426	7.30243	7.24426	7.30243
0.598612	7.24595	7.32927	7.24595	7.32927
0.601462	7.2159	7.28961	7.2159	7.28961
0.604325	7.24149	7.32095	7.24149	7.32095
0.6072	7.26337	7.33902	7.26337	7.33902
0.610088	7.24322	7.32461	7.24322	7.32461
0.612975	7.23033	7.312	7.23033	7.312
0.615888	7.25328	7.33459	7.25328	7.33459
0.6188	7.2496	7.29639	7.2496	7.29639
0.621725	7.22277	7.32187	7.22277	7.32187
0.624663	7.22549	7.34374	7.22549	7.34374
0.627612	7.19925	7.29114	7.19925	7.29114
0.630575	7.24376	7.3124	7.24376	7.3124
0.63355	7.24142	7.29293	7.24142	7.29293
0.636525	7.21324	7.3061	7.21324	7.3061
0.639525	7.26022	7.3004	7.26022	7.3004
0.642537	7.24564	7.3002	7.24564	7.3002
0.64555	7.22677	7.30417	7.22677	7.30417
0.648575	7.24207	7.2845	7.24207	7.2845
0.651625	7.24023	7.31464	7.24023	7.31464
0.654675	7.22983	7.29605	7.22983	7.29605
0.657737	7.23025	7.30327	7.23025	7.30327
0.660812	7.23632	7.31714	7.23632	7.31714
0.6639	7.26104	7.30858	7.26104	7.30858
0.667	7.22342	7.30993	7.22342	7.30993
0.670112	7.2248	7.31224	7.2248	7.31224
0.673238	7.21728	7.29888	7.21728	7.29888
0.676363	7.23216	7.30579	7.23216	7.30579
0.679513	7.22287	7.29143	7.22287	7.29143
0.682675	7.24453	7.29323	7.24453	7.29323
0.685838	7.2336	7.31388	7.2336	7.31388
0.689025	7.25226	7.31452	7.25226	7.31452
0.692225	7.26005	7.30531	7.26005	7.30531
0.695425	7.23826	7.30634	7.23826	7.30634
0.69865	7.22524	7.29396	7.22524	7.29396
0.701875	7.21946	7.30045	7.21946	7.30045
0.705125	7.24159	7.3308	7.24159	7.3308
0.708375	7.22846	7.31061	7.22846	7.31061
0.71165	7.2248	7.31778	7.2248	7.31778
0.714925	7.23745	7.31276	7.23745	7.31276
0.718225	7.20328	7.28743	7.20328	7.28743
0.721525	7.25247	7.31275	7.25247	7.31275
0.724837	7.23475	7.28619	7.23475	7.28619
0.728175	7.23608	7.28099	7.23608	7.28099
0.731512	7.21841	7.30469	7.21841	7.30469
0.734875	7.24125	7.28465	7.24125	7.28465
0.73825	7.23886	7.28529	7.23886	7.28529
0.741625	7.25554	7.29963	7.25554	7.29963
0.745025	7.24825	7.29724	7.24825	7.29724
0.748425	7.25348	7.30365	7.25348	7.30365
0.75185	7.2188	7.28949	7.2188	7.28949
0.755288	7.20684	7.30459	7.20684	7.30459
0.758725	7.23018	7.30372	7.23018	7.30372
0.762187	7.22475	7.29253	7.22475	7.29253
0.765662	7.23392	7.28814	7.23392	7.28814
0.76915	7.23369	7.29522	7.23369	7.29522
0.77265	7.19595	7.31122	7.19595	7.31122
0.776163	7.23514	7.29095	7.23514	7.29095
0.779688	7.22975	7.29313	7.22975	7.29313
0.783225	7.20928	7.28804	7.20928	7.28804
0.786788	7.23087	7.29268	7.23087	7.29268
0.79035	7.23147	7.28208	7.23147	7.28208
0.793938	7.23236	7.28027	7.23236	7.28027
0.797525	7.22087	7.2727	7.22087	7.2727
0.801138	7.21565	7.28566	7.21565	7.28566
0.80475	7.22338	7.28891	7.22338	7.28891
0.808388	7.22123	7.30591	7.22123	7.30591
0.812038	7.22464	7.28955	7.22464	7.28955
0.8157	7.23311	7.28111	7.23311	7.28111
0.819375	7.1976	7.26477	7.1976	7.26477
0.823075	7.21169	7.2882	7.21169	7.2882
0.826775	7.20896	7.29673	7.20896	7.29673
0.8305	7.21483	7.29811	7.21483	7.29811
0.834225	7.22722	7.28345	7.22722	7.28345
0.837975	7.21751	7.29187	7.21751	7.29187
0.841738	7.22388	7.28653	7.22388	7.28653
0.845513	7.2242	7.2782	7.2242	7.2782
0.8493	7.23116	7.27817	7.23116	7.27817
0.853113	7.23347	7.29532	7.23347	7.29532
0.856925	7.21945	7.27436	7.21945	7.27436
0.860762	7.22768	7.26739	7.22768	7.26739
0.864613	7.21621	7.28602	7.21621	7.28602
0.868475	7.21201	7.28397	7.21201	7.28397
0.87235	7.22715	7.2549	7.22715	7.2549
0.87625	7.21478	7.30188	7.21478	7.30188
0.88015	7.20505	7.28737	7.20505	7.28737
0.884075	7.20758	7.28313	7.20758	7.28313
0.888013	7.225	7.31131	7.225	7.31131
0.891963	7.24642	7.28867	7.24642	7.28867
0.895938	7.22184	7.28369	7.22184	7.28369
0.899912	7.20281	7.27045	7.20281	7.27045
0.903912	7.22961	7.28274	7.22961	7.28274
0.907925	7.21767	7.29687	7.21767	7.29687
0.91195	7.20899	7.26611	7.20899	7.26611
0.916	7.21906	7.27935	7.21906	7.27935
0.920062	7.21067	7.30511	7.21067	7.30511
0.924137	7.20528	7.28821	7.20528	7.28821
0.928225	7.23878	7.27886	7.23878	7.27886
0.932325	7.21819	7.28102	7.21819	7.28102
0.93645	7.21573	7.29383	7.21573	7.29383
0.940588	7.22281	7.28685	7.22281	7.28685
0.944737	7.20904	7.29121	7.20904	7.29121
0.948913	7.21279	7.28609	7.21279	7.28609
0.953088	7.231	7.28704	7.231	7.28704
0.957287	7.23548	7.27678	7.23548	7.27678
0.961513	7.21055	7.28978	7.21055	7.28978
0.965738	7.23228	7.28326	7.23228	7.28326
0.969988	7.20896	7.31237	7.20896	7.31237
0.97425	7.20298	7.27169	7.20298	7.27169
0.978537	7.19465	7.30962	7.19465	7.30962
0.982837	7.21648	7.29183	7.21648	7.29183
0.98715	7.23104	7.27572	7.23104	7.27572
0.991475	7.21472	7.27688	7.21472	7.27688
0.995825	7.20643	7.28779	7.20643	7.28779
1.00019	7.20271	7.26648	7.20271	7.26648
1.00456	7.22017	7.27019	7.22017	7.27019
1.00896	7.19779	7.27917	7.19779	7.27917
1.01338	7.20643	7.27235	7.20643	7.27235
1.0178	7.23373	7.26846	7.23373	7.26846
1.02225	7.21046	7.28936	7.21046	7.28936
1.02671	7.21863	7.29642	7.21863	7.29642
1.03119	7.21602	7.28704	7.21602	7.28704
1.03569	7.22967	7.27563	7.22967	7.27563
1.0402	7.21271	7.29846	7.21271	7.29846
1.04474	7.21155	7.26378	7.21155	7.26378
1.04929	7.23924	7.28923	7.23924	7.28923
1.05385	7.1934	7.26515	7.1934	7.26515
1.05844	7.2243	7.30016	7.2243	7.30016
1.06304	7.21203	7.28621	7.21203	7.28621
1.06766	7.23553	7.29106	7.23553	7.29106
1.07229	7.22499	7.2882	7.22499	7.2882
1.07695	7.19452	7.28642	7.19452	7.28642
1.08162	7.23375	7.26547	7.23375	7.26547
1.08631	7.1971	7.27048	7.1971	7.27048
1.09101	7.18604	7.30189	7.18604	7.30189
1.09574	7.20576	7.2742	7.20576	7.2742
1.10049	7.21944	7.27872	7.21944	7.27872
1.10525	7.20174	7.28545	7.20174	7.28545
1.11003	7.22726	7.27817	7.22726	7.27817
1.11483	7.20463	7.26908	7.20463	7.26908
1.11964	7.21113	7.28489	7.21113	7.28489
1.12448	7.2007	7.27116	7.2007	7.27116
1.12933	7.21147	7.29017	7.21147	7.29017
1.1342	7.20722	7.2806	7.20722	7.2806
1.13909	7.19848	7.26613	7.19848	7.26613
1.144	7.20407	7.2816	7.20407	7.2816
1.14892	7.2182	7.2849	7.2182	7.2849
1.15387	7.21362	7.28218	7.21362	7.28218
1.15884	7.21552	7.28241	7.21552	7.28241
1.16381	7.21082	7.26974	7.21082	7.26974
1.16883	7.20112	7.28042	7.20112	7.28042
1.17384	7.17617	7.2767	7.17617	7.2767
1.17889	7.20017	7.27056	7.20017	7.27056
1.18394	7.22537	7.26656	7.22537	7.26656
1.18903	7.20543	7.26587	7.20543	7.26587
1.19413	7.20837	7.28537	7.20837	7.28537
1.19924	7.20513	7.28268	7.20513	7.28268
1.20438	7.21347	7.28611	7.21347	7.28611
1.20954	7.19972	7.27484	7.19972	7.27484
1.21471	7.21426	7.26742	7.21426	7.26742
1.21991	7.2289	7.26437	7.2289	7.26437
1.22512	7.21405	7.27514	7.21405	7.27514
1.23036	7.19681	7.28716	7.19681	7.28716
1.23561	7.2132	7.27319	7.2132	7.27319
1.24089	7.197	7.26996	7.197	7.26996
1.24619	7.2164	7.28347	7.2164	7.28347
1.2515	7.20168	7.27257	7.20168	7.27257
1.25684	7.20788	7.28381	7.20788	7.28381
1.2622	7.19701	7.28204	7.19701	7.28204
1.26758	7.21249	7.27895	7.21249	7.27895
1.27297	7.21669	7.28488	7.21669	7.28488
1.27839	7.20283	7.29253	7.20283	7.29253
1.28383	7.19839	7.29047	7.19839	7.29047
1.28929	7.20676	7.26331	7.20676	7.26331
1.29476	7.21993	7.28944	7.21993	7.28944
1.30027	7.18946	7.27018	7.18946	7.27018
1.30579	7.20823	7.27482	7.20823	7.27482
1.31134	7.20575	7.25905	7.20575	7.25905
1.3169	7.20466	7.28334	7.20466	7.28334
1.32249	7.22102	7.25712	7.22102	7.25712
1.32809	7.19795	7.27953	7.19795	7.27953
1.33372	7.19759	7.30349	7.19759	7.30349
1.33938	7.19844	7.26032	7.19844	7.26032
1.34504	7.19953	7.26964	7.19953	7.26964
1.35074	7.21646	7.26472	7.21646	7.26472
1.35645	7.20473	7.27873	7.20473	7.27873
1.36219	7.21087	7.26292	7.21087	7.26292
1.36794	7.21062	7.26934	7.21062	7.26934
1.37373	7.20268	7.27208	7.20268	7.27208
1.37952	7.21156	7.26705	7.21156	7.26705
1.38535	7.19698	7.26907	7.19698	7.26907
1.39119	7.19552	7.27075	7.19552	7.27075
1.39706	7.19512	7.27735	7.19512	7.27735
1.40295	7.21182	7.26357	7.21182	7.26357
1.40886	7.20668	7.27724	7.20668	7.27724
1.4148	7.20846	7.27433	7.20846	7.27433
1.42076	7.2113	7.27596	7.2113	7.27596
1.42674	7.22103	7.2691	7.22103	7.2691
1.43274	7.19493	7.28256	7.19493	7.28256
1.43877	7.22792	7.2618	7.22792	7.2618
1.44483	7.21567	7.2739	7.21567	7.2739
1.45089	7.20925	7.28089	7.20925	7.28089
1.45699	7.20259	7.26142	7.20259	7.26142
1.46311	7.21357	7.25853	7.21357	7.25853
1.46925	7.22477	7.27242	7.22477	7.27242
1.47541	7.2015	7.27203	7.2015	7.27203
1.4816	7.2015	7.26835	7.2015	7.26835
1.48781	7.21642	7.2806	7.21642	7.2806
1.49405	7.18914	7.2518	7.18914	7.2518
1.50031	7.18603	7.28703	7.18603	7.28703
1.5066	7.22514	7.27475	7.22514	7.27475
1.5129	7.2017	7.29484	7.2017	7.29484
1.51924	7.19381	7.27668	7.19381	7.27668
1.52559	7.21742	7.27031	7.21742	7.27031
1.53198	7.22041	7.27665	7.22041	7.27665
1.53838	7.20503	7.28824	7.20503	7.28824
1.5448	7.20421	7.26983	7.20421	7.26983
1.55126	7.21088	7.28853	7.21088	7.28853
1.55774	7.20508	7.27453	7.20508	7.27453
1.56424	7.19776	7.2616	7.19776	7.2616
1.57076	7.20719	7.28383	7.20719	7.28383
1.57731	7.21183	7.27233	7.21183	7.27233
1.5839	7.20903	7.26559	7.20903	7.26559
1.5905	7.22515	7.28174	7.22515	7.28174
1.59713	7.19463	7.25923	7.19463	7.25923
1.60378	7.19855	7.28176	7.19855	7.28176
1.61045	7.2056	7.27849	7.2056	7.27849
1.61716	7.17216	7.26506	7.17216	7.26506
1.62389	7.2062	7.27747	7.2062	7.27747
1.63064	7.19928	7.25753	7.19928	7.25753
1.63742	7.19324	7.26594	7.19324	7.26594
1.64423	7.20386	7.28843	7.20386	7.28843
1.65106	7.19663	7.26989	7.19663	7.26989
1.65791	7.19454	7.27075	7.19454	7.27075
1.6648	7.18952	7.28345	7.18952	7.28345
1.67171	7.19885	7.26036	7.19885	7.26036
1.67865	7.20188	7.28419	7.20188	7.28419
1.68561	7.19383	7.28872	7.19383	7.28872
1.6926	7.20866	7.2716	7.20866	7.2716
1.69961	7.20867	7.27515	7.20867	7.27515
1.70666	7.1966	7.26799	7.1966	7.26799
1.71372	7.20506	7.28076	7.20506	7.28076
1.72082	7.22155	7.27054	7.22155	7.27054
1.72795	7.20388	7.27348	7.20388	7.27348
1.7351	7.20932	7.28232	7.20932	7.28232
1.74227	7.19445	7.27926	7.19445	7.27926
1.74949	7.22314	7.26723	7.22314	7.26723
1.75671	7.18847	7.27407	7.18847	7.27407
1.76398	7.20844	7.28875	7.20844	7.28875
1.77126	7.20842	7.27885	7.20842	7.27885
1.77857	7.20313	7.27093	7.20313	7.27093
1.78593	7.21397	7.28525	7.21397	7.28525
1.79329	7.2078	7.27929	7.2078	7.27929
1.80069	7.19644	7.26412	7.19644	7.26412
1.80813	7.19935	7.26263	7.19935	7.26263
1.81558	7.20264	7.2891	7.20264	7.2891
1.82306	7.20885	7.25774	7.20885	7.25774
1.83057	7.19267	7.26859	7.19267	7.26859
1.83811	7.19559	7.26932	7.19559	7.26932
1.84569	7.20972	7.28073	7.20972	7.28073
1.85329	7.21196	7.26534	7.21196	7.26534
1.86091	7.20864	7.27702	7.20864	7.27702
1.86856	7.20422	7.28413	7.20422	7.28413
1.87625	7.198	7.26902	7.198	7.26902
1.88398	7.20082	7.27383	7.20082	7.27383
1.89171	7.19944	7.26871	7.19944	7.26871
1.89949	7.19354	7.27474	7.19354	7.27474
1.90729	7.19715	7.2758	7.19715	7.2758
1.91513	7.2113	7.28456	7.2113	7.28456
1.92299	7.21186	7.28292	7.21186	7.28292
1.93089	7.21243	7.2814	7.21243	7.2814
1.9388	7.19021	7.27591	7.19021	7.27591
1.94676	7.21027	7.27235	7.21027	7.27235
1.95474	7.20304	7.27484	7.20304	7.27484
1.96276	7.18353	7.27028	7.18353	7.27028
1.9708	7.19482	7.27447	7.19482	7.27447
1.97888	7.21683	7.27547	7.21683	7.27547
1.98699	7.21824	7.28866	7.21824	7.28866
1.99513	7.19911	7.2701	7.19911	7.2701
2.00329	7.20261	7.28437	7.20261	7.28437
2.01149	7.20463	7.2864	7.20463	7.2864
2.01971	7.21665	7.2878	7.21665	7.2878
2.02798	7.19834	7.2724	7.19834	7.2724
2.03627	7.19689	7.28152	7.19689	7.28152
2.0446	7.20096	7.29093	7.20096	7.29093
2.05295	7.21695	7.28015	7.21695	7.28015
2.06134	7.19111	7.26559	7.19111	7.26559
2.06976	7.21136	7.28321	7.21136	7.28321
2.07821	7.22163	7.27118	7.22163	7.27118
2.0867	7.19073	7.26969	7.19073	7.26969
2.09521	7.19259	7.26652	7.19259	7.26652
2.10376	7.2083	7.26827	7.2083	7.26827
2.11235	7.19453	7.27493	7.19453	7.27493
2.12096	7.18965	7.26927	7.18965	7.26927
2.12961	7.20809	7.26693	7.20809	7.26693
2.13829	7.19056	7.27278	7.19056	7.27278
2.147	7.20398	7.27034	7.20398	7.27034
2.15575	7.21265	7.27242	7.21265	7.27242
2.16453	7.19557	7.26766	7.19557	7.26766
2.17334	7.2096	7.27016	7.2096	7.27016
2.18219	7.19836	7.26812	7.19836	7.26812
2.19106	7.20274	7.28157	7.20274	7.28157
2.19998	7.20947	7.27473	7.20947	7.27473
2.20893	7.18654	7.27707	7.18654	7.27707
2.21791	7.20336	7.26099	7.20336	7.26099
2.22692	7.19338	7.27309	7.19338	7.27309
2.23598	7.21161	7.28402	7.21161	7.28402
2.24506	7.19125	7.2676	7.19125	7.2676
2.25419	7.18919	7.26801	7.18919	7.26801
2.26334	7.19856	7.27684	7.19856	7.27684
2.27253	7.20042	7.27215	7.20042	7.27215
2.28175	7.19087	7.27425	7.19087	7.27425
2.29101	7.20454	7.28517	7.20454	7.28517
2.3003	7.20708	7.28375	7.20708	7.28375
2.30964	7.20463	7.2685	7.20463	7.2685
2.319	7.20624	7.28086	7.20624	7.28086
2.3284	7.20542	7.27416	7.20542	7.27416
2.33784	7.21216	7.28713	7.21216	7.28713
2.34731	7.20792	7.2602	7.20792	7.2602
2.35681	7.20639	7.27566	7.20639	7.27566
2.36636	7.21271	7.28433	7.21271	7.28433
2.37595	7.19143	7.2789	7.19143	7.2789
2.38556	7.20693	7.27849	7.20693	7.27849
2.39521	7.19885	7.27594	7.19885	7.27594
2.40491	7.20301	7.27282	7.20301	7.27282
2.41464	7.19629	7.27998	7.19629	7.27998
2.4244	7.20065	7.27023	7.20065	7.27023
2.4342	7.19598	7.28114	7.19598	7.28114
2.44405	7.18908	7.26989	7.18908	7.26989
2.45392	7.19989	7.26972	7.19989	7.26972
2.46384	7.20157	7.28091	7.20157	7.28091
2.47379	7.20421	7.26543	7.20421	7.26543
2.48377	7.20645	7.27265	7.20645	7.27265
2.49381	7.21669	7.27621	7.21669	7.27621
2.50388	7.20183	7.2638	7.20183	7.2638
2.51397	7.19462	7.26307	7.19462	7.26307
2.52413	7.18756	7.26795	7.18756	7.26795
2.53431	7.21169	7.27655	7.21169	7.27655
2.54452	7.20203	7.27852	7.20203	7.27852
2.55479	7.18721	7.27559	7.18721	7.27559
2.56509	7.19859	7.27177	7.19859	7.27177
2.57542	7.21002	7.27603	7.21002	7.27603
2.5858	7.20527	7.26146	7.20527	7.26146
2.59623	7.20328	7.27899	7.20328	7.27899
2.60667	7.20712	7.27555	7.20712	7.27555
2.61718	7.20813	7.26805	7.20813	7.26805
2.62771	7.20522	7.28929	7.20522	7.28929
2.63829	7.20796	7.28144	7.20796	7.28144
2.6489	7.22077	7.26954	7.22077	7.26954
2.65956	7.21259	7.27006	7.21259	7.27006
2.67026	7.19309	7.28599	7.19309	7.28599
2.681	7.20859	7.27441	7.20859	7.27441
2.69178	7.19882	7.26303	7.19882	7.26303
2.7026	7.20329	7.27331	7.20329	7.27331
2.71346	7.21083	7.27563	7.21083	7.27563
2.72436	7.19262	7.27012	7.19262	7.27012
2.73531	7.2012	7.25492	7.2012	7.25492
2.74629	7.20436	7.27358	7.20436	7.27358
2.75732	7.19827	7.26939	7.19827	7.26939
2.76839	7.20355	7.26319	7.20355	7.26319
2.7795	7.18988	7.26706	7.18988	7.26706
2.79066	7.20565	7.28052	7.20565	7.28052
2.80185	7.19364	7.28124	7.19364	7.28124
2.8131	7.21462	7.28033	7.21462	7.28033
2.82437	7.19395	7.2797	7.19395	7.2797
2.8357	7.20366	7.26385	7.20366	7.26385
2.84707	7.20365	7.26491	7.20365	7.26491
2.85849	7.21138	7.27587	7.21138	7.27587
2.86994	7.19838	7.27683	7.19838	7.27683
2.88144	7.2146	7.27287	7.2146	7.27287
2.89298	7.20203	7.27621	7.20203	7.27621
2.90456	7.20231	7.26978	7.20231	7.26978
2.9162	7.21201	7.27168	7.21201	7.27168
2.92788	7.21312	7.27402	7.21312	7.27402
2.93959	7.20225	7.26724	7.20225	7.26724
2.95136	7.20245	7.26742	7.20245	7.26742
2.96316	7.19783	7.27231	7.19783	7.27231
2.97502	7.20285	7.26114	7.20285	7.26114
2.98691	7.2017	7.25892	7.2017	7.25892
2.99886	7.19888	7.25662	7.19888	7.25662
3.01085	7.20375	7.27474	7.20375	7.27474
3.02289	7.20306	7.26292	7.20306	7.26292
3.03498	7.20637	7.28213	7.20637	7.28213
3.0471	7.20179	7.2596	7.20179	7.2596
3.05927	7.20035	7.27392	7.20035	7.27392
3.07149	7.2004	7.26558	7.2004	7.26558
3.08376	7.20564	7.27286	7.20564	7.27286
3.09608	7.20401	7.28096	7.20401	7.28096
3.10842	7.20345	7.26893	7.20345	7.26893
3.12084	7.20763	7.25375	7.20763	7.25375
3.13329	7.19827	7.26559	7.19827	7.26559
3.14579	7.20963	7.27828	7.20963	7.27828
3.15834	7.19319	7.2684	7.19319	7.2684
3.17094	7.20097	7.27296	7.20097	7.27296
3.18359	7.20795	7.27746	7.20795	7.27746
3.19627	7.19765	7.26582	7.19765	7.26582
3.20902	7.21022	7.29415	7.21022	7.29415
3.22181	7.20922	7.27426	7.20922	7.27426
3.23465	7.20541	7.27885	7.20541	7.27885
3.24754	7.21476	7.26924	7.21476	7.26924
3.26047	7.21133	7.26757	7.21133	7.26757
3.27346	7.2028	7.27287	7.2028	7.27287
3.2865	7.2094	7.27377	7.2094	7.27377
3.29958	7.20704	7.27142	7.20704	7.27142
3.31271	7.20365	7.27824	7.20365	7.27824
3.3259	7.19674	7.25873	7.19674	7.25873
3.33914	7.20463	7.26629	7.20463	7.26629
3.35243	7.20201	7.27265	7.20201	7.27265
3.36575	7.21852	7.27336	7.21852	7.27336
3.37914	7.2104	7.28169	7.2104	7.28169
3.39258	7.19663	7.2771	7.19663	7.2771
3.40608	7.20584	7.28239	7.20584	7.28239
3.41961	7.20317	7.27786	7.20317	7.27786
3.4332	7.20267	7.27673	7.20267	7.27673
3.44685	7.19875	7.26948	7.19875	7.26948
3.46054	7.20268	7.27323	7.20268	7.27323
3.47429	7.20094	7.26783	7.20094	7.26783
3.48809	7.19994	7.27651	7.19994	7.27651
3.50194	7.20026	7.27207	7.20026	7.27207
3.51585	7.21384	7.26725	7.21384	7.26725
3.5298	7.20846	7.26648	7.20846	7.26648
3.54381	7.20619	7.26504	7.20619	7.26504
3.55789	7.20866	7.26843	7.20866	7.26843
3.572	7.20355	7.27181	7.20355	7.27181
3.58617	7.20747	7.26351	7.20747	7.26351
3.6004	7.21173	7.27343	7.21173	7.27343
3.61468	7.21549	7.2713	7.21549	7.2713
3.62901	7.21402	7.26917	7.21402	7.26917
3.6434	7.21093	7.28608	7.21093	7.28608
3.65785	7.20494	7.2662	7.20494	7.2662
3.67235	7.20183	7.26946	7.20183	7.26946
3.6869	7.20493	7.27315	7.20493	7.27315
3.70151	7.21575	7.27056	7.21575	7.27056
3.71618	7.19637	7.27331	7.19637	7.27331
3.7309	7.21392	7.2645	7.21392	7.2645
3.74568	7.20877	7.27632	7.20877	7.27632
3.76051	7.20257	7.27497	7.20257	7.27497
3.7754	7.20623	7.27796	7.20623	7.27796
3.79035	7.20623	7.27644	7.20623	7.27644
3.80535	7.19301	7.26691	7.19301	7.26691
3.82041	7.20615	7.26579	7.20615	7.26579
3.83553	7.20173	7.27205	7.20173	7.27205
3.8507	7.20819	7.26778	7.20819	7.26778
3.86594	7.20149	7.26901	7.20149	7.26901
3.88123	7.21454	7.27108	7.21454	7.27108
3.89657	7.20099	7.26639	7.20099	7.26639
3.91199	7.21188	7.26929	7.21188	7.26929
3.92745	7.21456	7.27063	7.21456	7.27063
3.94298	7.21053	7.28022	7.21053	7.28022
3.95856	7.20419	7.27017	7.20419	7.27017
3.9742	7.2015	7.28088	7.2015	7.28088
3.98991	7.19113	7.27811	7.19113	7.27811
4.00567	7.20766	7.27731	7.20766	7.27731
4.0215	7.2122	7.26092	7.2122	7.26092
4.03737	7.20354	7.27581	7.20354	7.27581
4.05333	7.21862	7.27167	7.21862	7.27167
4.06932	7.21414	7.27673	7.21414	7.27673
4.0854	7.20187	7.27491	7.20187	7.27491
4.10152	7.20918	7.27432	7.20918	7.27432
4.11771	7.2141	7.28757	7.2141	7.28757
4.13396	7.21357	7.27686	7.21357	7.27686
4.15028	7.20812	7.27265	7.20812	7.27265
4.16665	7.21066	7.27995	7.21066	7.27995
4.18309	7.20364	7.27339	7.20364	7.27339
4.19959	7.21136	7.28005	7.21136	7.28005
4.21615	7.21487	7.26882	7.21487	7.26882
4.23278	7.21416	7.26834	7.21416	7.26834
4.24946	7.20742	7.27452	7.20742	7.27452
4.26621	7.20968	7.27361	7.20968	7.27361
4.28302	7.21285	7.27492	7.21285	7.27492
4.2999	7.19699	7.27297	7.19699	7.27297
4.31685	7.21333	7.27847	7.21333	7.27847
4.33385	7.21044	7.28862	7.21044	7.28862
4.35092	7.21828	7.28333	7.21828	7.28333
4.36806	7.21607	7.27461	7.21607	7.27461
4.38527	7.20842	7.2729	7.20842	7.2729
4.40254	7.20773	7.28177	7.20773	7.28177
4.41988	7.21306	7.27921	7.21306	7.27921
4.43727	7.21974	7.28788	7.21974	7.28788
4.45474	7.19841	7.27829	7.19841	7.27829
4.47227	7.20216	7.27335	7.20216	7.27335
4.48987	7.20903	7.27468	7.20903	7.27468
4.50754	7.21185	7.28728	7.21185	7.28728
4.52528	7.20645	7.279	7.20645	7.279
4.54308	7.20788	7.27279	7.20788	7.27279
4.56095	7.20452	7.27009	7.20452	7.27009
4.57889	7.21093	7.28244	7.21093	7.28244
4.59689	7.20956	7.26872	7.20956	7.26872
4.61496	7.20519	7.2741	7.20519	7.2741
4.63311	7.20849	7.2852	7.20849	7.2852
4.65133	7.20418	7.27029	7.20418	7.27029
4.6696	7.20874	7.28257	7.20874	7.28257
4.68796	7.20512	7.27575	7.20512	7.27575
4.70638	7.21193	7.27689	7.21193	7.27689
4.72487	7.22063	7.2706	7.22063	7.2706
4.74344	7.20493	7.2781	7.20493	7.2781
4.76206	7.20596	7.27478	7.20596	7.27478
4.78076	7.20803	7.28597	7.20803	7.28597
4.79954	7.20355	7.28327	7.20355	7.28327
4.81839	7.21378	7.28365	7.21378	7.28365
4.83731	7.20915	7.27726	7.20915	7.27726
4.8563	7.21184	7.28511	7.21184	7.28511
4.87536	7.21941	7.28174	7.21941	7.28174
4.8945	7.20834	7.28148	7.20834	7.28148
4.9137	7.2165	7.27546	7.2165	7.27546
4.93299	7.21015	7.28221	7.21015	7.28221
4.95234	7.20728	7.28014	7.20728	7.28014
4.97176	7.21244	7.29627	7.21244	7.29627
4.99126	7.20929	7.28459	7.20929	7.28459
5.01085	7.20279	7.27579	7.20279	7.27579
5.0305	7.21311	7.27975	7.21311	7.27975
5.05022	7.21464	7.27412	7.21464	7.27412
5.07002	7.20756	7.28677	7.20756	7.28677
5.0899	7.2132	7.28619	7.2132	7.28619
5.10985	7.21296	7.27994	7.21296	7.27994
5.12988	7.21472	7.28282	7.21472	7.28282
5.14997	7.21227	7.28117	7.21227	7.28117
5.17016	7.21537	7.27122	7.21537	7.27122
5.19042	7.22286	7.27236	7.22286	7.27236
5.21075	7.2039	7.27656	7.2039	7.27656
5.23116	7.20816	7.27908	7.20816	7.27908
5.25165	7.21523	7.27623	7.21523	7.27623
5.27222	7.21058	7.28085	7.21058	7.28085
5.29287	7.20651	7.28279	7.20651	7.28279
5.3136	7.21348	7.27742	7.21348	7.27742
5.3344	7.21875	7.27562	7.21875	7.27562
5.35528	7.20844	7.27889	7.20844	7.27889
5.37624	7.22036	7.27362	7.22036	7.27362
5.39729	7.21288	7.27755	7.21288	7.27755
5.41841	7.21297	7.27954	7.21297	7.27954
5.43961	7.20751	7.27818	7.20751	7.27818
5.4609	7.21103	7.27484	7.21103	7.27484
5.48226	7.21557	7.27292	7.21557	7.27292
5.5037	7.21648	7.28033	7.21648	7.28033
5.52524	7.21243	7.27498	7.21243	7.27498
5.54684	7.22013	7.28265	7.22013	7.28265
5.56854	7.2071	7.29091	7.2071	7.29091
5.59031	7.2146	7.27633	7.2146	7.27633
5.61216	7.21727	7.28937	7.21727	7.28937
5.6341	7.21193	7.28518	7.21193	7.28518
5.65613	7.22201	7.28308	7.22201	7.28308
5.67824	7.20596	7.27475	7.20596	7.27475
5.70043	7.22465	7.28286	7.22465	7.28286
5.7227	7.20937	7.28137	7.20937	7.28137
5.74506	7.21664	7.27293	7.21664	7.27293
5.76751	7.20938	7.27332	7.20938	7.27332
5.79005	7.21875	7.27988	7.21875	7.27988
5.81266	7.2171	7.27478	7.2171	7.27478
5.83536	7.21236	7.28228	7.21236	7.28228
5.85816	7.21532	7.28298	7.21532	7.28298
5.88104	7.2187	7.27874	7.2187	7.27874
5.904	7.21423	7.27727	7.21423	7.27727
5.92705	7.20867	7.27096	7.20867	7.27096
5.95019	7.21941	7.28462	7.21941	7.28462
5.97341	7.21695	7.28038	7.21695	7.28038
5.99674	7.2079	7.27182	7.2079	7.27182
6.02014	7.21497	7.28926	7.21497	7.28926
6.04364	7.21321	7.28129	7.21321	7.28129
6.06721	7.20691	7.28259	7.20691	7.28259
6.09089	7.21301	7.27612	7.21301	7.27612
6.11465	7.20747	7.28502	7.20747	7.28502
6.13851	7.21526	7.2794	7.21526	7.2794
6.16245	7.21238	7.27832	7.21238	7.27832
6.18649	7.21348	7.28211	7.21348	7.28211
6.21061	7.21293	7.27954	7.21293	7.27954
6.23484	7.20895	7.28679	7.20895	7.28679
6.25915	7.21486	7.27328	7.21486	7.27328
6.28355	7.22029	7.26837	7.22029	7.26837
6.30805	7.20667	7.2802	7.20667	7.2802
6.33264	7.2124	7.27936	7.2124	7.27936
6.35733	7.22219	7.27415	7.22219	7.27415
6.3821	7.21046	7.28792	7.21046	7.28792
6.40697	7.21999	7.27909	7.21999	7.27909
6.43194	7.21511	7.28441	7.21511	7.28441
6.457	7.20477	7.2853	7.20477	7.2853
6.48215	7.21838	7.27695	7.21838	7.27695
6.50741	7.20311	7.29315	7.20311	7.29315
6.53276	7.2153	7.27801	7.2153	7.27801
6.5582	7.21122	7.28435	7.21122	7.28435
6.58375	7.21958	7.28074	7.21958	7.28074
6.60939	7.21725	7.27949	7.21725	7.27949
6.63513	7.21737	7.28335	7.21737	7.28335
6.66096	7.21122	7.28229	7.21122	7.28229
6.6869	7.21543	7.2791	7.21543	7.2791
6.71292	7.2158	7.27713	7.2158	7.27713
6.73906	7.21232	7.28503	7.21232	7.28503
6.76529	7.21922	7.28221	7.21922	7.28221
6.79163	7.21736	7.28454	7.21736	7.28454
6.81805	7.21601	7.27798	7.21601	7.27798
6.84459	7.20469	7.28795	7.20469	7.28795
6.87121	7.21557	7.27658	7.21557	7.27658
6.89795	7.22008	7.2854	7.22008	7.2854
6.92479	7.21351	7.28887	7.21351	7.28887
6.95173	7.21384	7.2822	7.21384	7.2822
6.97876	7.21224	7.27355	7.21224	7.27355
7.00591	7.21118	7.28515	7.21118	7.28515
7.03316	7.21503	7.28124	7.21503	7.28124
7.06051	7.21971	7.28026	7.21971	7.28026
7.08796	7.21364	7.27584	7.21364	7.27584
7.11552	7.21879	7.28234	7.21879	7.28234
7.14319	7.20986	7.27777	7.20986	7.27777
7.17096	7.20983	7.28466	7.20983	7.28466
7.19884	7.20772	7.2763	7.20772	7.2763
7.22683	7.21534	7.28352	7.21534	7.28352
7.25491	7.21976	7.27315	7.21976	7.27315
7.2831	7.21261	7.27941	7.21261	7.27941
7.3114	7.21016	7.27527	7.21016	7.27527
7.33981	7.21322	7.28067	7.21322	7.28067
7.36834	7.21416	7.28191	7.21416	7.28191
7.39696	7.212	7.27483	7.212	7.27483
7.4257	7.2105	7.28738	7.2105	7.28738
7.45455	7.2124	7.27991	7.2124	7.27991
7.4835	7.21732	7.28099	7.21732	7.28099
7.51256	7.21825	7.28867	7.21825	7.28867
7.54174	7.21701	7.27734	7.21701	7.27734
7.57104	7.20833	7.27395	7.20833	7.27395
7.60042	7.21843	7.28545	7.21843	7.28545
7.62994	7.21578	7.27967	7.21578	7.27967
7.65956	7.21844	7.27674	7.21844	7.27674
7.6893	7.21937	7.28653	7.21937	7.28653
7.71915	7.21975	7.2879	7.21975	7.2879
7.74911	7.21185	7.26975	7.21185	7.26975
7.77919	7.21749	7.2823	7.21749	7.2823
7.80939	7.21592	7.28524	7.21592	7.28524
7.83969	7.21924	7.27895	7.21924	7.27895
7.87011	7.21878	7.27849	7.21878	7.27849
7.90065	7.20881	7.28614	7.20881	7.28614
7.9313	7.21482	7.27273	7.21482	7.27273
7.96208	7.21203	7.27493	7.21203	7.27493
7.99296	7.21396	7.28445	7.21396	7.28445
8.02398	7.2172	7.28216	7.2172	7.28216
8.0551	7.21997	7.27642	7.21997	7.27642
8.08634	7.21753	7.28099	7.21753	7.28099
8.1177	7.21945	7.28017	7.21945	7.28017
8.14917	7.2195	7.27818	7.2195	7.27818
8.18077	7.21713	7.2719	7.21713	7.2719
8.2125	7.21843	7.27622	7.21843	7.27622
8.24434	7.22388	7.27965	7.22388	7.27965
8.2763	7.21365	7.2835	7.21365	7.2835
8.30839	7.22076	7.27792	7.22076	7.27792
8.3406	7.22143	7.28268	7.22143	7.28268
8.37292	7.21653	7.28179	7.21653	7.28179
8.40537	7.2125	7.28512	7.2125	7.28512
8.43795	7.21083	7.27679	7.21083	7.27679
8.47065	7.21581	7.27908	7.21581	7.27908
8.50348	7.21094	7.28857	7.21094	7.28857
8.53642	7.21398	7.27387	7.21398	7.27387
8.5695	7.2139	7.28304	7.2139	7.28304
8.6027	7.22509	7.28054	7.22509	7.28054
8.63604	7.2206	7.28736	7.2206	7.28736
8.66949	7.22372	7.28362	7.22372	7.28362
8.70308	7.21519	7.28565	7.21519	7.28565
8.73678	7.21025	7.27514	7.21025	7.27514
8.77061	7.21649	7.28359	7.21649	7.28359
8.80459	7.21802	7.29074	7.21802	7.29074
8.83867	7.21503	7.28384	7.21503	7.28384
8.8729	7.21383	7.27711	7.21383	7.27711
8.90726	7.21096	7.27451	7.21096	7.27451
8.94175	7.2178	7.2862	7.2178	7.2862
8.97636	7.2103	7.27961	7.2103	7.27961
9.01111	7.21405	7.27559	7.21405	7.27559
9.046	7.20816	7.28788	7.20816	7.28788
9.08101	7.20319	7.29162	7.20319	7.29162
9.11616	7.21038	7.27397	7.21038	7.27397
9.15145	7.21728	7.28041	7.21728	7.28041
9.18686	7.20823	7.29389	7.20823	7.29389
9.22241	7.21547	7.28485	7.21547	7.28485
9.2581	7.21999	7.28231	7.21999	7.28231
9.29393	7.21286	7.27824	7.21286	7.27824
9.32989	7.21305	7.28814	7.21305	7.28814
9.36599	7.22092	7.28283	7.22092	7.28283
9.40221	7.21285	7.28369	7.21285	7.28369
9.43859	7.20695	7.28417	7.20695	7.28417
9.4751	7.21976	7.28103	7.21976	7.28103
9.51175	7.21866	7.288	7.21866	7.288
9.54854	7.21682	7.28982	7.21682	7.28982
9.58546	7.21515	7.28782	7.21515	7.28782
9.62254	7.2148	7.28897	7.2148	7.28897
9.65975	7.21801	7.28946	7.21801	7.28946
9.6971	7.21747	7.28527	7.21747	7.28527
9.73459	7.22134	7.28361	7.22134	7.28361
9.77223	7.21663	7.28898	7.21663	7.28898
9.81001	7.22194	7.29415	7.22194	7.29415
9.84794	7.22233	7.28919	7.22233	7.28919
9.886	7.2165	7.29485	7.2165	7.29485
9.92421	7.216	7.28738	7.216	7.28738
9.96257	7.21994	7.29125	7.21994	7.29125
10.0011	7.21519	7.28723	7.21519	7.28723
10.0397	7.21556	7.29743	7.21556	7.29743
10.0785	7.21944	7.28943	7.21944	7.28943
10.1175	7.22459	7.28894	7.22459	7.28894
10.1566	7.2145	7.28902	7.2145	7.28902
10.1958	7.22368	7.28524	7.22368	7.28524
10.2352	7.2138	7.27819	7.2138	7.27819
10.2748	7.22227	7.29066	7.22227	7.29066
10.3145	7.22169	7.28169	7.22169	7.28169
10.3543	7.21929	7.28585	7.21929	7.28585
10.3943	7.21991	7.28331	7.21991	7.28331
10.4345	7.21867	7.28203	7.21867	7.28203
10.4747	7.22916	7.28383	7.22916	7.28383
10.5152	7.22314	7.27752	7.22314	7.27752
10.5558	7.2205	7.28566	7.2205	7.28566
10.5966	7.21896	7.28287	7.21896	7.28287
10.6375	7.22513	7.28486	7.22513	7.28486
10.6786	7.22752	7.28642	7.22752	7.28642
10.7198	7.22214	7.28539	7.22214	7.28539
10.7612	7.21861	7.28533	7.21861	7.28533
10.8027	7.21984	7.28918	7.21984	7.28918
10.8444	7.21889	7.28291	7.21889	7.28291
10.8863	7.22367	7.28147	7.22367	7.28147
10.9283	7.22533	7.28167	7.22533	7.28167
10.9705	7.22488	7.2881	7.22488	7.2881
11.0128	7.22094	7.28797	7.22094	7.28797
11.0554	7.21871	7.28738	7.21871	7.28738
11.098	7.22886	7.28947	7.22886	7.28947
11.1409	7.22751	7.28807	7.22751	7.28807
11.1839	7.22732	7.2861	7.22732	7.2861
11.227	7.22312	7.28786	7.22312	7.28786
11.2703	7.22042	7.28589	7.22042	7.28589
11.3138	7.22321	7.28592	7.22321	7.28592
11.3575	7.22421	7.28473	7.22421	7.28473
11.4013	7.21638	7.28111	7.21638	7.28111
11.4453	7.22084	7.28521	7.22084	7.28521
11.4894	7.22196	7.28504	7.22196	7.28504
11.5337	7.22706	7.29628	7.22706	7.29628
11.5782	7.22179	7.29187	7.22179	7.29187
11.6229	7.21964	7.28648	7.21964	7.28648
11.6677	7.22647	7.29264	7.22647	7.29264
11.7127	7.22288	7.29038	7.22288	7.29038
11.7579	7.22627	7.28416	7.22627	7.28416
11.8032	7.22316	7.2872	7.22316	7.2872
11.8487	7.22541	7.28437	7.22541	7.28437
11.8944	7.21966	7.28888	7.21966	7.28888
11.9403	7.22184	7.29073	7.22184	7.29073
11.9863	7.22775	7.28839	7.22775	7.28839
12.0325	7.2213	7.28875	7.2213	7.28875
12.0789	7.21844	7.28719	7.21844	7.28719
12.1255	7.21809	7.29274	7.21809	7.29274
12.1722	7.22369	7.28372	7.22369	7.28372
12.2191	7.22076	7.2901	7.22076	7.2901
12.2662	7.22237	7.29179	7.22237	7.29179
12.3135	7.21568	7.27985	7.21568	7.27985
12.361	7.22092	7.28726	7.22092	7.28726
12.4086	7.21933	7.2887	7.21933	7.2887
12.4564	7.22401	7.28661	7.22401	7.28661
12.5044	7.21861	7.29513	7.21861	7.29513
12.5526	7.21779	7.28729	7.21779	7.28729
12.601	7.21919	7.28496	7.21919	7.28496
12.6495	7.21822	7.28464	7.21822	7.28464
12.6983	7.2283	7.28887	7.2283	7.28887
12.7472	7.22141	7.28462	7.22141	7.28462
12.7963	7.22123	7.28418	7.22123	7.28418
12.8456	7.22353	7.28497	7.22353	7.28497
12.8951	7.22619	7.29056	7.22619	7.29056
12.9447	7.22321	7.28949	7.22321	7.28949
12.9946	7.21731	7.28611	7.21731	7.28611
13.0447	7.22183	7.28475	7.22183	7.28475
13.0949	7.22536	7.29054	7.22536	7.29054
13.1453	7.22837	7.29085	7.22837	7.29085
13.1959	7.22477	7.28782	7.22477	7.28782
13.2468	7.22768	7.28561	7.22768	7.28561
13.2978	7.22357	7.28001	7.22357	7.28001
13.349	7.22551	7.28745	7.22551	7.28745
13.4004	7.23071	7.29487	7.23071	7.29487
13.452	7.2271	7.28712	7.2271	7.28712
13.5038	7.22661	7.2869	7.22661	7.2869
13.5558	7.23065	7.28837	7.23065	7.28837
13.608	7.23094	7.2868	7.23094	7.2868
13.6603	7.22714	7.28637	7.22714	7.28637
13.7129	7.23141	7.2856	7.23141	7.2856
13.7657	7.23086	7.28892	7.23086	7.28892
13.8187	7.23108	7.29523	7.23108	7.29523
13.8719	7.22386	7.29122	7.22386	7.29122
13.9253	7.22395	7.28602	7.22395	7.28602
13.9789	7.22389	7.28535	7.22389	7.28535
14.0327	7.23082	7.28656	7.23082	7.28656
14.0867	7.22694	7.29063	7.22694	7.29063
14.1409	7.23216	7.28898	7.23216	7.28898
14.1953	7.22927	7.29111	7.22927	7.29111
14.2499	7.22588	7.29058	7.22588	7.29058
14.3047	7.23063	7.28957	7.23063	7.28957
14.3598	7.22492	7.2893	7.22492	7.2893
14.415	7.22758	7.29121	7.22758	7.29121
14.4705	7.22395	7.29309	7.22395	7.29309
14.5262	7.22864	7.28917	7.22864	7.28917
14.582	7.23056	7.28453	7.23056	7.28453
14.6381	7.22391	7.29486	7.22391	7.29486
14.6944	7.22242	7.295	7.22242	7.295
14.751	7.23145	7.28967	7.23145	7.28967
14.8077	7.22856	7.28754	7.22856	7.28754
14.8647	7.2232	7.29161	7.2232	7.29161
14.9218	7.23002	7.28946	7.23002	7.28946
14.9792	7.22765	7.29491	7.22765	7.29491
15.0368	7.2281	7.29362	7.2281	7.29362
15.0947	7.22903	7.2879	7.22903	7.2879
15.1527	7.23009	7.29188	7.23009	7.29188
15.211	7.2286	7.29264	7.2286	7.29264
15.2695	7.22763	7.29008	7.22763	7.29008
15.3282	7.22548	7.28741	7.22548	7.28741
15.3871	7.22893	7.28674	7.22893	7.28674
15.4463	7.22933	7.28956	7.22933	7.28956
15.5056	7.2299	7.28587	7.2299	7.28587
15.5653	7.22694	7.29034	7.22694	7.29034
15.6251	7.22898	7.29111	7.22898	7.29111
15.6852	7.22745	7.28565	7.22745	7.28565
15.7455	7.23023	7.29353	7.23023	7.29353
15.806	7.22383	7.28586	7.22383	7.28586
15.8667	7.22784	7.28969	7.22784	7.28969
15.9277	7.22692	7.29197	7.22692	7.29197
15.9889	7.23116	7.28893	7.23116	7.28893
16.0504	7.22969	7.29543	7.22969	7.29543
16.1121	7.21939	7.28977	7.21939	7.28977
16.174	7.23092	7.29239	7.23092	7.29239
16.2362	7.23111	7.29108	7.23111	7.29108
16.2986	7.22937	7.28895	7.22937	7.28895
16.3612	7.22581	7.29372	7.22581	7.29372
16.4241	7.23003	7.28905	7.23003	7.28905
16.4872	7.2351	7.28925	7.2351	7.28925
16.5505	7.23273	7.28696	7.23273	7.28696
16.6141	7.23249	7.2874	7.23249	7.2874
16.6779	7.22889	7.29058	7.22889	7.29058
16.742	7.23	7.29472	7.23	7.29472
16.8063	7.23321	7.29419	7.23321	7.29419
16.8709	7.22797	7.29376	7.22797	7.29376
16.9357	7.23148	7.29236	7.23148	7.29236
17.0008	7.23157	7.29417	7.23157	7.29417
17.0661	7.22634	7.29377	7.22634	7.29377
17.1316	7.22797	7.29654	7.22797	7.29654
17.1974	7.23534	7.29294	7.23534	7.29294
17.2635	7.22452	7.29403	7.22452	7.29403
17.3298	7.23038	7.29028	7.23038	7.29028
17.3963	7.22959	7.29158	7.22959	7.29158
17.4632	7.23191	7.29014	7.23191	7.29014
17.5302	7.23196	7.28896	7.23196	7.28896
17.5975	7.22818	7.29603	7.22818	7.29603
17.6651	7.23131	7.29475	7.23131	7.29475
17.733	7.22699	7.29726	7.22699	7.29726
17.801	7.23585	7.29308	7.23585	7.29308
17.8694	7.22807	7.29405	7.22807	7.29405
17.938	7.22613	7.29891	7.22613	7.29891
18.0069	7.23266	7.29717	7.23266	7.29717
18.076	7.22449	7.29587	7.22449	7.29587
18.1454	7.23115	7.2942	7.23115	7.2942
18.2151	7.22954	7.29735	7.22954	7.29735
18.285	7.22946	7.2961	7.22946	7.2961
18.3552	7.2367	7.29498	7.2367	7.29498
18.4257	7.23441	7.29449	7.23441	7.29449
18.4964	7.22909	7.30053	7.22909	7.30053
18.5674	7.22987	7.29915	7.22987	7.29915
18.6387	7.23296	7.29398	7.23296	7.29398
18.7102	7.23399	7.29386	7.23399	7.29386
18.782	7.23414	7.2976	7.23414	7.2976
18.8541	7.23608	7.29566	7.23608	7.29566
18.9265	7.22964	7.29286	7.22964	7.29286
18.9991	7.2359	7.29742	7.2359	7.29742
19.072	7.23678	7.29604	7.23678	7.29604
19.1452	7.23778	7.29584	7.23778	7.29584
19.2187	7.23638	7.30134	7.23638	7.30134
19.2924	7.23314	7.29615	7.23314	7.29615
19.3665	7.23463	7.29444	7.23463	7.29444
19.4408	7.23491	7.2969	7.23491	7.2969
19.5154	7.23138	7.29939	7.23138	7.29939
19.5903	7.23287	7.30233	7.23287	7.30233
19.6654	7.23365	7.29806	7.23365	7.29806
19.7409	7.22916	7.29859	7.22916	7.29859
19.8166	7.22981	7.29665	7.22981	7.29665
19.8926	7.22818	7.293	7.22818	7.293
19.9689	7.2304	7.29395	7.2304	7.29395
20.0455	7.22885	7.29517	7.22885	7.29517
20.1224	7.23025	7.29471	7.23025	7.29471
20.1996	7.22913	7.29106	7.22913	7.29106
20.2771	7.23119	7.29512	7.23119	7.29512
20.3549	7.22785	7.29075	7.22785	7.29075
20.433	7.23345	7.29349	7.23345	7.29349
20.5114	7.23472	7.29325	7.23472	7.29325
20.59	7.23063	7.29117	7.23063	7.29117
20.669	7.23084	7.29834	7.23084	7.29834
20.7483	7.23072	7.29393	7.23072	7.29393
20.8278	7.23373	7.2938	7.23373	7.2938
20.9077	7.23376	7.29221	7.23376	7.29221
20.9879	7.23697	7.29256	7.23697	7.29256
21.0684	7.23006	7.29402	7.23006	7.29402
21.1492	7.23338	7.29189	7.23338	7.29189
21.2303	7.23155	7.2962	7.23155	7.2962
21.3117	7.23447	7.30127	7.23447	7.30127
21.3934	7.2353	7.2915	7.2353	7.2915
21.4754	7.2377	7.29421	7.2377	7.29421
21.5578	7.24002	7.29511	7.24002	7.29511
21.6404	7.23819	7.29439	7.23819	7.29439
21.7234	7.23444	7.29882	7.23444	7.29882
21.8067	7.23939	7.30057	7.23939	7.30057
21.8903	7.23873	7.30112	7.23873	7.30112
21.9742	7.23922	7.29977	7.23922	7.29977
22.0585	7.2355	7.30374	7.2355	7.30374
22.143	7.23208	7.29795	7.23208	7.29795
22.2279	7.23325	7.29704	7.23325	7.29704
22.3131	7.23938	7.29675	7.23938	7.29675
22.3986	7.23724	7.298	7.23724	7.298
22.4845	7.23159	7.29947	7.23159	7.29947
22.5707	7.23505	7.29883	7.23505	7.29883
22.6572	7.2341	7.3017	7.2341	7.3017
22.744	7.23171	7.3038	7.23171	7.3038
22.8312	7.2357	7.29923	7.2357	7.29923
22.9187	7.23613	7.30266	7.23613	7.30266
23.0066	7.2356	7.30306	7.2356	7.30306
23.0947	7.23626	7.29756	7.23626	7.29756
23.1833	7.23218	7.29999	7.23218	7.29999
23.2721	7.23438	7.29641	7.23438	7.29641
23.3613	7.23892	7.29779	7.23892	7.29779
23.4508	7.22877	7.2937	7.22877	7.2937
23.5407	7.23615	7.29376	7.23615	7.29376
23.6309	7.23576	7.29703	7.23576	7.29703
23.7214	7.23702	7.29827	7.23702	7.29827
23.8123	7.2369	7.29719	7.2369	7.29719
23.9036	7.23844	7.29858	7.23844	7.29858
23.9951	7.23698	7.30016	7.23698	7.30016
24.0871	7.23484	7.29604	7.23484	7.29604
24.1794	7.23725	7.2959	7.23725	7.2959
24.272	7.23586	7.29142	7.23586	7.29142
24.365	7.2357	7.30056	7.2357	7.30056
24.4583	7.23403	7.29502	7.23403	7.29502
24.552	7.23701	7.29999	7.23701	7.29999
24.6461	7.23696	7.2952	7.23696	7.2952
24.7405	7.23386	7.2976	7.23386	7.2976
24.8353	7.23679	7.29959	7.23679	7.29959
24.9304	7.23698	7.30122	7.23698	7.30122
25.0259	7.23318	7.29676	7.23318	7.29676
25.1218	7.2353	7.29482	7.2353	7.29482
25.218	7.23495	7.298	7.23495	7.298
25.3146	7.2366	7.2998	7.2366	7.2998
25.4116	7.23638	7.29968	7.23638	7.29968
25.5089	7.23139	7.29891	7.23139	7.29891
25.6066	7.23921	7.29555	7.23921	7.29555
25.7047	7.22968	7.30299	7.22968	7.30299
25.8031	7.2373	7.29831	7.2373	7.29831
25.9019	7.23245	7.2959	7.23245	7.2959
26.0011	7.23482	7.30403	7.23482	7.30403
26.1007	7.23991	7.29949	7.23991	7.29949
26.2007	7.23575	7.29842	7.23575	7.29842
26.301	7.23567	7.30199	7.23567	7.30199
26.4017	7.23394	7.29907	7.23394	7.29907
26.5028	7.23842	7.30148	7.23842	7.30148
26.6043	7.23628	7.30221	7.23628	7.30221
26.7062	7.24141	7.29745	7.24141	7.29745
26.8084	7.2366	7.30182	7.2366	7.30182
26.9111	7.23766	7.29898	7.23766	7.29898
27.0141	7.23419	7.29472	7.23419	7.29472
27.1176	7.23746	7.29486	7.23746	7.29486
27.2214	7.24316	7.30026	7.24316	7.30026
27.3256	7.23847	7.2989	7.23847	7.2989
27.4302	7.24807	7.30115	7.24807	7.30115
27.5352	7.23888	7.30004	7.23888	7.30004
27.6407	7.24237	7.29824	7.24237	7.29824
27.7465	7.24176	7.29317	7.24176	7.29317
27.8527	7.24244	7.30348	7.24244	7.30348
27.9593	7.24167	7.30159	7.24167	7.30159
28.0664	7.24355	7.298	7.24355	7.298
28.1738	7.24071	7.30205	7.24071	7.30205
28.2816	7.23932	7.29819	7.23932	7.29819
28.3899	7.24091	7.30422	7.24091	7.30422
28.4986	7.24408	7.29944	7.24408	7.29944
28.6077	7.23849	7.30524	7.23849	7.30524
28.7172	7.24175	7.30121	7.24175	7.30121
28.8271	7.24105	7.30383	7.24105	7.30383
28.9374	7.2356	7.3015	7.2356	7.3015
29.0482	7.23867	7.30232	7.23867	7.30232
29.1593	7.23907	7.30726	7.23907	7.30726
29.2709	7.23572	7.30522	7.23572	7.30522
29.383	7.23983	7.30131	7.23983	7.30131
29.4954	7.23728	7.30382	7.23728	7.30382
29.6083	7.23449	7.30144	7.23449	7.30144
29.7216	7.24064	7.30065	7.24064	7.30065
29.8354	7.24288	7.30169	7.24288	7.30169
29.9495	7.23013	7.30381	7.23013	7.30381
30.0641	7.24074	7.30417	7.24074	7.30417
30.1792	7.24042	7.29923	7.24042	7.29923
30.2947	7.24079	7.30292	7.24079	7.30292
30.4106	7.24029	7.3022	7.24029	7.3022
30.527	7.23678	7.2951	7.23678	7.2951
30.6438	7.23923	7.30241	7.23923	7.30241
30.761	7.24013	7.30128	7.24013	7.30128
30.8787	7.2384	7.30086	7.2384	7.30086
30.9969	7.23967	7.29955	7.23967	7.29955
31.1155	7.24141	7.30263	7.24141	7.30263
31.2345	7.24284	7.30628	7.24284	7.30628
31.354	7.24283	7.30249	7.24283	7.30249
31.474	7.23872	7.30749	7.23872	7.30749
31.5944	7.24319	7.30537	7.24319	7.30537
31.7153	7.24461	7.30499	7.24461	7.30499
31.8366	7.24254	7.30375	7.24254	7.30375
31.9584	7.24283	7.3018	7.24283	7.3018
32.0806	7.24831	7.30755	7.24831	7.30755
32.2034	7.24328	7.30765	7.24328	7.30765
32.3266	7.24379	7.29993	7.24379	7.29993
32.4502	7.24327	7.30258	7.24327	7.30258
32.5743	7.24339	7.30609	7.24339	7.30609
32.699	7.23767	7.30476	7.23767	7.30476
32.824	7.24113	7.30349	7.24113	7.30349
32.9496	7.24196	7.3045	7.24196	7.3045
33.0756	7.24639	7.30476	7.24639	7.30476
33.2021	7.23587	7.30496	7.23587	7.30496
33.3291	7.23705	7.30746	7.23705	7.30746
33.4566	7.23878	7.30096	7.23878	7.30096
33.5846	7.23947	7.30113	7.23947	7.30113
33.713	7.23773	7.30004	7.23773	7.30004
33.842	7.2401	7.30245	7.2401	7.30245
33.9714	7.24124	7.30457	7.24124	7.30457
34.1013	7.24076	7.30448	7.24076	7.30448
34.2317	7.24368	7.30092	7.24368	7.30092
34.3626	7.24339	7.302	7.24339	7.302
34.4941	7.24434	7.30214	7.24434	7.30214
34.626	7.24321	7.30521	7.24321	7.30521
34.7584	7.24375	7.30608	7.24375	7.30608
34.8913	7.24937	7.30684	7.24937	7.30684
35.0247	7.2455	7.30449	7.2455	7.30449
35.1587	7.24578	7.30428	7.24578	7.30428
35.2931	7.24554	7.30489	7.24554	7.30489
35.4281	7.24225	7.3086	7.24225	7.3086
35.5635	7.24386	7.30864	7.24386	7.30864
35.6995	7.24357	7.30921	7.24357	7.30921
35.836	7.24962	7.30512	7.24962	7.30512
35.973	7.24698	7.30495	7.24698	7.30495
36.1106	7.24621	7.30641	7.24621	7.30641
36.2487	7.24563	7.30696	7.24563	7.30696
36.3873	7.24714	7.30465	7.24714	7.30465
36.5264	7.24585	7.30605	7.24585	7.30605
36.666	7.24576	7.30888	7.24576	7.30888
36.8062	7.247	7.30749	7.247	7.30749
36.9469	7.24353	7.3046	7.24353	7.3046
37.0882	7.24496	7.30836	7.24496	7.30836
37.23	7.24333	7.30872	7.24333	7.30872
37.3723	7.24244	7.30592	7.24244	7.30592
37.5152	7.2408	7.30216	7.2408	7.30216
37.6586	7.24362	7.30491	7.24362	7.30491
37.8026	7.24271	7.30586	7.24271	7.30586
37.9471	7.24231	7.30465	7.24231	7.30465
38.0921	7.24611	7.30848	7.24611	7.30848
38.2378	7.24446	7.30789	7.24446	7.30789
38.3839	7.24081	7.30687	7.24081	7.30687
38.5306	7.24498	7.30694	7.24498	7.30694
38.6779	7.24351	7.30743	7.24351	7.30743
38.8258	7.2475	7.30333	7.2475	7.30333
38.9742	7.24599	7.30539	7.24599	7.30539
39.1231	7.25003	7.30702	7.25003	7.30702
39.2727	7.25028	7.30408	7.25028	7.30408
39.4228	7.24639	7.3087	7.24639	7.3087
39.5735	7.24627	7.30635	7.24627	7.30635
39.7247	7.24512	7.30737	7.24512	7.30737
39.8766	7.24446	7.30873	7.24446	7.30873
40.029	7.2439	7.30871	7.2439	7.30871
40.182	7.23954	7.30956	7.23954	7.30956
40.3355	7.24127	7.30706	7.24127	7.30706
40.4897	7.2415	7.30754	7.2415	7.30754
40.6444	7.24639	7.30932	7.24639	7.30932
40.7998	7.24099	7.30748	7.24099	7.30748
40.9557	7.24714	7.30792	7.24714	7.30792
41.1122	7.24456	7.30502	7.24456	7.30502
41.2693	7.24402	7.30899	7.24402	7.30899
41.427	7.24416	7.30944	7.24416	7.30944
41.5853	7.24367	7.30965	7.24367	7.30965
41.7443	7.24576	7.30717	7.24576	7.30717
41.9038	7.24798	7.30613	7.24798	7.30613
42.0639	7.24379	7.30197	7.24379	7.30197
42.2246	7.24226	7.30481	7.24226	7.30481
42.386	7.25028	7.30438	7.25028	7.30438
42.548	7.24617	7.30382	7.24617	7.30382
42.7105	7.24322	7.30988	7.24322	7.30988
42.8737	7.24317	7.30791	7.24317	7.30791
43.0376	7.24353	7.30777	7.24353	7.30777
43.202	7.24351	7.30358	7.24351	7.30358
43.3671	7.24622	7.30735	7.24622	7.30735
43.5328	7.24252	7.30553	7.24252	7.30553
43.6991	7.24593	7.30832	7.24593	7.30832
43.8661	7.24849	7.3078	7.24849	7.3078
44.0337	7.24762	7.3061	7.24762	7.3061
44.2019	7.24719	7.30967	7.24719	7.30967
44.3708	7.24688	7.30974	7.24688	7.30974
44.5403	7.24888	7.30988	7.24888	7.30988
44.7105	7.24644	7.31053	7.24644	7.31053
44.8813	7.24542	7.31018	7.24542	7.31018
45.0527	7.24634	7.30571	7.24634	7.30571
45.2249	7.2472	7.31237	7.2472	7.31237
45.3976	7.24204	7.30786	7.24204	7.30786
45.5711	7.24281	7.30421	7.24281	7.30421
45.7452	7.24168	7.30586	7.24168	7.30586
45.9199	7.24483	7.30983	7.24483	7.30983
46.0953	7.24599	7.31112	7.24599	7.31112
46.2714	7.24054	7.30991	7.24054	7.30991
46.4482	7.24489	7.30902	7.24489	7.30902
46.6256	7.24723	7.30271	7.24723	7.30271
46.8037	7.24719	7.30172	7.24719	7.30172
46.9825	7.24497	7.30519	7.24497	7.30519
47.162	7.24541	7.30542	7.24541	7.30542
47.3421	7.24673	7.30472	7.24673	7.30472
47.5229	7.24693	7.30959	7.24693	7.30959
47.7045	7.24848	7.30893	7.24848	7.30893
47.8867	7.24962	7.30791	7.24962	7.30791
48.0696	7.2484	7.30974	7.2484	7.30974
48.2532	7.24826	7.30936	7.24826	7.30936
48.4375	7.24748	7.30594	7.24748	7.30594
48.6225	7.24847	7.31123	7.24847	7.31123
48.8082	7.24848	7.31081	7.24848	7.31081
48.9946	7.24913	7.30945	7.24913	7.30945
49.1818	7.24933	7.3081	7.24933	7.3081
49.3696	7.24914	7.30536	7.24914	7.30536
49.5582	7.246	7.30874	7.246	7.30874
49.7474	7.24561	7.30772	7.24561	7.30772
49.9374	7.24734	7.30996	7.24734	7.30996
50.1281	7.24724	7.3034	7.24724	7.3034
50.3196	7.2477	7.31085	7.2477	7.31085
50.5117	7.24774	7.30989	7.24774	7.30989
50.7047	7.24945	7.30546	7.24945	7.30546
50.8983	7.24994	7.31001	7.24994	7.31001
51.0927	7.24873	7.31106	7.24873	7.31106
51.2878	7.24953	7.3088	7.24953	7.3088
51.4837	7.25139	7.3117	7.25139	7.3117
51.6802	7.25044	7.31031	7.25044	7.31031
51.8776	7.24973	7.30808	7.24973	7.30808
52.0757	7.24964	7.30375	7.24964	7.30375
52.2746	7.24899	7.30826	7.24899	7.30826
52.4742	7.2501	7.30642	7.2501	7.30642
52.6746	7.25034	7.31088	7.25034	7.31088
52.8757	7.24985	7.30978	7.24985	7.30978
53.0776	7.24646	7.31026	7.24646	7.31026
53.2803	7.2457	7.30603	7.2457	7.30603
53.4837	7.24399	7.30983	7.24399	7.30983
53.688	7.24481	7.30885	7.24481	7.30885
53.8929	7.24677	7.31015	7.24677	7.31015
54.0987	7.2483	7.30948	7.2483	7.30948
54.3053	7.24902	7.31039	7.24902	7.31039
54.5126	7.24879	7.3098	7.24879	7.3098
54.7208	7.24756	7.31125	7.24756	7.31125
54.9297	7.25064	7.31123	7.25064	7.31123
55.1394	7.24964	7.30849	7.24964	7.30849
55.3499	7.25092	7.30651	7.25092	7.30651
55.5613	7.24783	7.30787	7.24783	7.30787
55.7734	7.24521	7.30954	7.24521	7.30954
55.9864	7.24594	7.30763	7.24594	7.30763
56.2001	7.24703	7.31151	7.24703	7.31151
56.4147	7.24338	7.3086	7.24338	7.3086
56.63	7.2474	7.30806	7.2474	7.30806
56.8462	7.24666	7.31007	7.24666	7.31007
57.0633	7.24752	7.30949	7.24752	7.30949
57.2811	7.24585	7.30841	7.24585	7.30841
57.4998	7.24774	7.30726	7.24774	7.30726
57.7193	7.25006	7.30843	7.25006	7.30843
57.9397	7.24673	7.31369	7.24673	7.31369
58.1608	7.24878	7.31356	7.24878	7.31356
58.3829	7.24972	7.3088	7.24972	7.3088
58.6057	7.24801	7.30707	7.24801	7.30707
58.8295	7.24347	7.3109	7.24347	7.3109
59.054	7.24464	7.30983	7.24464	7.30983
59.2795	7.25035	7.31006	7.25035	7.31006
59.5058	7.24833	7.31041	7.24833	7.31041
59.7329	7.24635	7.30661	7.24635	7.30661
59.9609	7.24988	7.30415	7.24988	7.30415
60.1898	7.25312	7.30857	7.25312	7.30857
60.4196	7.24846	7.30847	7.24846	7.30847
60.6502	7.24582	7.30759	7.24582	7.30759
60.8817	7.24688	7.30923	7.24688	7.30923
61.1141	7.25183	7.31321	7.25183	7.31321
61.3474	7.24806	7.30938	7.24806	7.30938
61.5815	7.25067	7.31279	7.25067	7.31279
61.8166	7.25058	7.31511	7.25058	7.31511
62.0525	7.24792	7.31211	7.24792	7.31211
62.2894	7.2489	7.30929	7.2489	7.30929
62.5271	7.24656	7.30855	7.24656	7.30855
62.7658	7.24952	7.30809	7.24952	7.30809
63.0053	7.24473	7.30964	7.24473	7.30964
63.2458	7.24839	7.30857	7.24839	7.30857
63.4872	7.24611	7.30602	7.24611	7.30602
63.7295	7.25178	7.30816	7.25178	7.30816
63.9728	7.25017	7.30917	7.25017	7.30917
64.2169	7.24793	7.30845	7.24793	7.30845
64.462	7.24806	7.31078	7.24806	7.31078
64.708	7.25028	7.31217	7.25028	7.31217
64.955	7.2494	7.31108	7.2494	7.31108
65.2029	7.24983	7.3073	7.24983	7.3073
65.4517	7.24845	7.31173	7.24845	7.31173
65.7015	7.24407	7.30995	7.24407	7.30995
65.9523	7.24896	7.30875	7.24896	7.30875
66.2039	7.25058	7.30997	7.25058	7.30997
66.4566	7.2473	7.30866	7.2473	7.30866
66.7102	7.25079	7.30895	7.25079	7.30895
66.9648	7.24981	7.30573	7.24981	7.30573
67.2204	7.24846	7.30268	7.24846	7.30268
67.4769	7.2477	7.3048	7.2477	7.3048
67.7344	7.24874	7.30769	7.24874	7.30769
67.9929	7.25179	7.30658	7.25179	7.30658
68.2523	7.24813	7.30775	7.24813	7.30775
68.5128	7.24682	7.31189	7.24682	7.31189
68.7742	7.24916	7.30936	7.24916	7.30936
69.0367	7.24939	7.31386	7.24939	7.31386
69.3001	7.24917	7.31232	7.24917	7.31232
69.5646	7.24504	7.31219	7.24504	7.31219
69.83	7.24794	7.30531	7.24794	7.30531
70.0965	7.24843	7.30478	7.24843	7.30478
70.364	7.25045	7.30775	7.25045	7.30775
70.6324	7.25342	7.30744	7.25342	7.30744
70.902	7.25513	7.30733	7.25513	7.30733
71.1725	7.25361	7.30951	7.25361	7.30951
71.4441	7.25402	7.31197	7.25402	7.31197
71.7167	7.2507	7.3096	7.2507	7.3096
71.9903	7.24913	7.30968	7.24913	7.30968
72.265	7.24873	7.30856	7.24873	7.30856
72.5407	7.24872	7.30854	7.24872	7.30854
72.8175	7.24637	7.31274	7.24637	7.31274
73.0954	7.24801	7.30938	7.24801	7.30938
73.3743	7.24758	7.30797	7.24758	7.30797
73.6542	7.24991	7.30844	7.24991	7.30844
73.9352	7.24927	7.30967	7.24927	7.30967
74.2173	7.25248	7.3072	7.25248	7.3072
74.5005	7.25376	7.31038	7.25376	7.31038
74.7848	7.25398	7.31249	7.25398	7.31249
75.0701	7.24966	7.31079	7.24966	7.31079
75.3565	7.25136	7.31114	7.25136	7.31114
75.644	7.24848	7.31077	7.24848	7.31077
75.9326	7.24881	7.30958	7.24881	7.30958
76.2223	7.24747	7.31181	7.24747	7.31181
76.5131	7.24682	7.31489	7.24682	7.31489
76.805	7.24918	7.3137	7.24918	7.3137
77.098	7.24676	7.31266	7.24676	7.31266
77.3922	7.24911	7.31098	7.24911	7.31098
77.6874	7.25181	7.3097	7.25181	7.3097
77.9838	7.25081	7.30807	7.25081	7.30807
78.2813	7.251	7.30965	7.251	7.30965
78.5799	7.25381	7.31215	7.25381	7.31215
78.8797	7.25306	7.31435	7.25306	7.31435
79.1806	7.24588	7.31264	7.24588	7.31264
79.4827	7.24732	7.31274	7.24732	7.31274
79.7859	7.2441	7.31325	7.2441	7.31325
80.0903	7.24842	7.31073	7.24842	7.31073
80.3958	7.25136	7.31116	7.25136	7.31116
80.7025	7.2526	7.3088	7.2526	7.3088
81.0104	7.2515	7.30538	7.2515	7.30538
81.3194	7.25145	7.30643	7.25145	7.30643
81.6296	7.25122	7.30778	7.25122	7.30778
81.941	7.25065	7.3104	7.25065	7.3104
82.2536	7.25012	7.31383	7.25012	7.31383
82.5674	7.24986	7.31202	7.24986	7.31202
82.8823	7.24992	7.31319	7.24992	7.31319
83.1985	7.24497	7.31322	7.24497	7.31322
83.5158	7.24622	7.30998	7.24622	7.30998
83.8344	7.24934	7.30884	7.24934	7.30884
84.1542	7.2505	7.30941	7.2505	7.30941
84.4752	7.25182	7.30907	7.25182	7.30907
84.7974	7.25041	7.30737	7.25041	7.30737
85.1209	7.2484	7.30855	7.2484	7.30855
85.4456	7.25132	7.30586	7.25132	7.30586
85.7715	7.24695	7.31023	7.24695	7.31023
86.0986	7.24622	7.31015	7.24622	7.31015
86.4271	7.24879	7.31145	7.24879	7.31145
86.7567	7.24406	7.31174	7.24406	7.31174
87.0876	7.2463	7.31639	7.2463	7.31639
87.4198	7.24664	7.31026	7.24664	7.31026
87.7533	7.25036	7.30823	7.25036	7.30823
88.088	7.2524	7.30783	7.2524	7.30783
88.4239	7.25419	7.3082	7.25419	7.3082
88.7612	7.25246	7.31053	7.25246	7.31053
89.0997	7.25099	7.31074	7.25099	7.31074
89.4396	7.24967	7.31016	7.24967	7.31016
89.7807	7.24678	7.31141	7.24678	7.31141
90.1231	7.2472	7.30843	7.2472	7.30843
90.4669	7.24869	7.3107	7.24869	7.3107
90.8119	7.24753	7.30878	7.24753	7.30878
91.1583	7.24767	7.30818	7.24767	7.30818
91.5059	7.25241	7.30955	7.25241	7.30955
91.8549	7.25051	7.30817	7.25051	7.30817
92.2053	7.24997	7.30981	7.24997	7.30981
92.5569	7.25081	7.31359	7.25081	7.31359
92.9099	7.24892	7.31317	7.24892	7.31317
93.2643	7.2488	7.30971	7.2488	7.30971
93.6199	7.25015	7.31189	7.25015	7.31189
93.977	7.25065	7.31219	7.25065	7.31219
94.3354	7.24573	7.31045	7.24573	7.31045
94.6952	7.24744	7.30996	7.24744	7.30996
95.0563	7.24734	7.31198	7.24734	7.31198
95.4188	7.2499	7.31029	7.2499	7.31029
95.7827	7.25124	7.30908	7.25124	7.30908
96.148	7.25042	7.30931	7.25042	7.30931
96.5147	7.24598	7.31023	7.24598	7.31023
96.8827	7.2489	7.30937	7.2489	7.30937
97.2522	7.25127	7.31063	7.25127	7.31063
97.6231	7.24771	7.31096	7.24771	7.31096
97.9954	7.25021	7.31161	7.25021	7.31161
98.3691	7.24798	7.31019	7.24798	7.31019
98.7442	7.24929	7.30861	7.24929	7.30861
99.1208	7.25136	7.30862	7.25136	7.30862
99.4988	7.25198	7.30937	7.25198	7.30937
99.8782	7.25052	7.31058	7.25052	7.31058
100.259	7.25207	7.3119	7.25207	7.3119
100.641	7.2545	7.31082	7.2545	7.31082
101.025	7.24602	7.31158	7.24602	7.31158
101.41	7.24731	7.31033	7.24731	7.31033
101.797	7.24783	7.30999	7.24783	7.30999
102.185	7.25117	7.30819	7.25117	7.30819
102.575	7.2509	7.30733	7.2509	7.30733
102.966	7.25188	7.30892	7.25188	7.30892
103.359	7.25024	7.30843	7.25024	7.30843
103.753	7.2524	7.30965	7.2524	7.30965
104.148	7.24906	7.3115	7.24906	7.3115
104.546	7.24813	7.3105	7.24813	7.3105
104.944	7.24527	7.3118	7.24527	7.3118
105.344	7.25127	7.31055	7.25127	7.31055
105.746	7.25013	7.30811	7.25013	7.30811
106.149	7.2518	7.30479	7.2518	7.30479
106.554	7.25164	7.31041	7.25164	7.31041
106.96	7.24963	7.30622	7.24963	7.30622
107.368	7.24494	7.3055	7.24494	7.3055
107.778	7.2448	7.30905	7.2448	7.30905
108.189	7.24627	7.30685	7.24627	7.30685
108.601	7.24835	7.30983	7.24835	7.30983
109.015	7.24713	7.30921	7.24713	7.30921
109.431	7.25065	7.30703	7.25065	7.30703
109.848	7.25061	7.30937	7.25061	7.30937
110.267	7.24845	7.30999	7.24845	7.30999
110.687	7.24989	7.31025	7.24989	7.31025
111.109	7.24887	7.30431	7.24887	7.30431
111.533	7.24876	7.30633	7.24876	7.30633
111.958	7.24815	7.30912	7.24815	7.30912
112.385	7.24649	7.30554	7.24649	7.30554
112.814	7.24762	7.3065	7.24762	7.3065
113.244	7.24846	7.30945	7.24846	7.30945
113.676	7.24954	7.30849	7.24954	7.30849
114.109	7.2497	7.31045	7.2497	7.31045
114.544	7.2501	7.30898	7.2501	7.30898
114.981	7.24566	7.30775	7.24566	7.30775
115.419	7.24597	7.31013	7.24597	7.31013
115.859	7.2471	7.3129	7.2471	7.3129
116.301	7.24882	7.31183	7.24882	7.31183
116.744	7.24832	7.30882	7.24832	7.30882
117.189	7.24728	7.30658	7.24728	7.30658
117.636	7.24765	7.30712	7.24765	7.30712
118.085	7.24915	7.30823	7.24915	7.30823
118.535	7.24771	7.30794	7.24771	7.30794
118.987	7.24907	7.3056	7.24907	7.3056
119.44	7.2502	7.30447	7.2502	7.30447
119.896	7.25071	7.30451	7.25071	7.30451
120.353	7.24802	7.30873	7.24802	7.30873
120.812	7.24756	7.31031	7.24756	7.31031
121.272	7.24767	7.30782	7.24767	7.30782
121.735	7.24724	7.30461	7.24724	7.30461
122.199	7.24433	7.30571	7.24433	7.30571
122.665	7.24557	7.30788	7.24557	7.30788
123.132	7.24925	7.31161	7.24925	7.31161
123.602	7.24747	7.31078	7.24747	7.31078
124.073	7.24625	7.30671	7.24625	7.30671
124.546	7.25129	7.30647	7.25129	7.30647
125.021	7.24685	7.30523	7.24685	7.30523
125.497	7.24571	7.30448	7.24571	7.30448
125.976	7.24415	7.30288	7.24415	7.30288
126.456	7.24747	7.30641	7.24747	7.30641
126.938	7.24641	7.30535	7.24641	7.30535
127.422	7.24752	7.30372	7.24752	7.30372
127.908	7.24391	7.30398	7.24391	7.30398
128.395	7.2469	7.30861	7.2469	7.30861
128.885	7.24617	7.30735	7.24617	7.30735
129.376	7.24583	7.30558	7.24583	7.30558
129.869	7.24768	7.30593	7.24768	7.30593
130.364	7.24656	7.30668	7.24656	7.30668
130.861	7.24478	7.30578	7.24478	7.30578
131.36	7.24621	7.30548	7.24621	7.30548
131.861	7.24666	7.30508	7.24666	7.30508
132.364	7.24506	7.3033	7.24506	7.3033
132.868	7.24849	7.30621	7.24849	7.30621
133.375	7.24981	7.30461	7.24981	7.30461
133.883	7.24818	7.30573	7.24818	7.30573
134.393	7.24929	7.30339	7.24929	7.30339
134.906	7.24585	7.30636	7.24585	7.30636
135.42	7.24487	7.30254	7.24487	7.30254
135.936	7.24487	7.30251	7.24487	7.30251
136.454	7.24705	7.30552	7.24705	7.30552
136.975	7.24796	7.30424	7.24796	7.30424
137.497	7.24874	7.30652	7.24874	7.30652
138.021	7.24602	7.30704	7.24602	7.30704
138.547	7.24226	7.30449	7.24226	7.30449
139.075	7.24118	7.30677	7.24118	7.30677
139.605	7.2462	7.30746	7.2462	7.30746
140.137	7.24578	7.30363	7.24578	7.30363
140.671	7.24343	7.3072	7.24343	7.3072
141.208	7.246	7.30366	7.246	7.30366
141.746	7.24451	7.30061	7.24451	7.30061
142.286	7.24284	7.30385	7.24284	7.30385
142.829	7.24402	7.30653	7.24402	7.30653
143.373	7.24446	7.30605	7.24446	7.30605
143.919	7.2423	7.3069	7.2423	7.3069
144.468	7.24475	7.3004	7.24475	7.3004
145.019	7.24548	7.30214	7.24548	7.30214
145.571	7.2442	7.30596	7.2442	7.30596
146.126	7.2456	7.30572	7.2456	7.30572
146.683	7.24458	7.30466	7.24458	7.30466
147.242	7.24411	7.30484	7.24411	7.30484
147.804	7.24699	7.30139	7.24699	7.30139
148.367	7.24479	7.3031	7.24479	7.3031
148.932	7.24433	7.30371	7.24433	7.30371
149.5	7.24646	7.30539	7.24646	7.30539
150.07	7.24468	7.30372	7.24468	7.30372
150.642	7.24711	7.30381	7.24711	7.30381
151.216	7.2436	7.30298	7.2436	7.30298
151.792	7.24186	7.30339	7.24186	7.30339
152.371	7.24162	7.3037	7.24162	7.3037
152.952	7.24251	7.30669	7.24251	7.30669
153.535	7.2414	7.30503	7.2414	7.30503
154.12	7.24135	7.30783	7.24135	7.30783
154.707	7.24337	7.30537	7.24337	7.30537
155.297	7.243	7.30303	7.243	7.30303
155.889	7.24709	7.30071	7.24709	7.30071
156.483	7.24211	7.30252	7.24211	7.30252
157.079	7.24143	7.30518	7.24143	7.30518
157.678	7.24256	7.30391	7.24256	7.30391
158.279	7.24105	7.30382	7.24105	7.30382
158.882	7.24209	7.30329	7.24209	7.30329
159.488	7.24178	7.30228	7.24178	7.30228
160.096	7.24244	7.30274	7.24244	7.30274
160.706	7.23966	7.30479	7.23966	7.30479
161.318	7.23934	7.30072	7.23934	7.30072
161.933	7.23915	7.30133	7.23915	7.30133
162.55	7.23893	7.30463	7.23893	7.30463
163.17	7.23973	7.30186	7.23973	7.30186
163.792	7.23938	7.30312	7.23938	7.30312
164.416	7.24242	7.30577	7.24242	7.30577
165.043	7.24291	7.30395	7.24291	7.30395
165.672	7.23946	7.30234	7.23946	7.30234
166.303	7.24218	7.29994	7.24218	7.29994
166.937	7.23817	7.29845	7.23817	7.29845
167.573	7.24106	7.30165	7.24106	7.30165
168.212	7.24102	7.30224	7.24102	7.30224
168.853	7.24358	7.30221	7.24358	7.30221
169.496	7.23784	7.30035	7.23784	7.30035
170.142	7.23833	7.30204	7.23833	7.30204
170.791	7.23941	7.30144	7.23941	7.30144
171.441	7.2411	7.3046	7.2411	7.3046
172.095	7.24248	7.29724	7.24248	7.29724
172.751	7.2397	7.2976	7.2397	7.2976
173.409	7.24013	7.30055	7.24013	7.30055
174.07	7.23959	7.30188	7.23959	7.30188
174.733	7.23781	7.30007	7.23781	7.30007
175.399	7.23985	7.29916	7.23985	7.29916
176.068	7.23581	7.29857	7.23581	7.29857
176.739	7.23596	7.30057	7.23596	7.30057
177.412	7.23884	7.30005	7.23884	7.30005
178.088	7.23933	7.2975	7.23933	7.2975
178.767	7.23939	7.29891	7.23939	7.29891
179.448	7.2389	7.29787	7.2389	7.29787
180.132	7.23613	7.2975	7.23613	7.2975
180.818	7.23844	7.29909	7.23844	7.29909
181.507	7.24053	7.29903	7.24053	7.29903
182.199	7.2376	7.29929	7.2376	7.29929
182.893	7.23486	7.299	7.23486	7.299
183.59	7.23428	7.29905	7.23428	7.29905
184.29	7.23623	7.29989	7.23623	7.29989
184.992	7.23645	7.29715	7.23645	7.29715
185.697	7.23704	7.29874	7.23704	7.29874
186.405	7.23747	7.2971	7.23747	7.2971
187.115	7.23696	7.29852	7.23696	7.29852
187.828	7.23736	7.2987	7.23736	7.2987
188.544	7.23554	7.29883	7.23554	7.29883
189.263	7.23559	7.29791	7.23559	7.29791
189.984	7.23669	7.29845	7.23669	7.29845
190.708	7.23623	7.29692	7.23623	7.29692
191.435	7.2365	7.29855	7.2365	7.29855
192.164	7.23694	7.29498	7.23694	7.29498
192.896	7.23473	7.29521	7.23473	7.29521
193.631	7.23783	7.29591	7.23783	7.29591
194.369	7.23756	7.29745	7.23756	7.29745
195.11	7.23725	7.29627	7.23725	7.29627
195.853	7.23273	7.29551	7.23273	7.29551
196.6	7.23502	7.29742	7.23502	7.29742
197.349	7.23667	7.29996	7.23667	7.29996
198.101	7.23415	7.29641	7.23415	7.29641
198.856	7.23305	7.29493	7.23305	7.29493
199.613	7.2335	7.29367	7.2335	7.29367
200.374	7.23534	7.295	7.23534	7.295
201.138	7.23427	7.29411	7.23427	7.29411
201.904	7.23401	7.29274	7.23401	7.29274
202.673	7.23267	7.29176	7.23267	7.29176
203.446	7.23265	7.29583	7.23265	7.29583
204.221	7.23518	7.29651	7.23518	7.29651
204.999	7.23455	7.29155	7.23455	7.29155
205.78	7.23388	7.29313	7.23388	7.29313
206.564	7.23193	7.29467	7.23193	7.29467
207.352	7.23328	7.29721	7.23328	7.29721
208.142	7.2347	7.29126	7.2347	7.29126
208.935	7.23193	7.29219	7.23193	7.29219
209.731	7.23144	7.29398	7.23144	7.29398
210.53	7.23114	7.29483	7.23114	7.29483
211.332	7.23253	7.2967	7.23253	7.2967
212.137	7.23256	7.29314	7.23256	7.29314
212.946	7.22989	7.29093	7.22989	7.29093
213.757	7.23097	7.29372	7.23097	7.29372
214.572	7.23138	7.29731	7.23138	7.29731
215.389	7.23039	7.29359	7.23039	7.29359
216.21	7.23213	7.29149	7.23213	7.29149
217.034	7.23195	7.29327	7.23195	7.29327
217.861	7.23032	7.29514	7.23032	7.29514
218.691	7.22956	7.29085	7.22956	7.29085
219.524	7.2281	7.2887	7.2281	7.2887
220.361	7.23062	7.29107	7.23062	7.29107
221.2	7.22939	7.29531	7.22939	7.29531
222.043	7.23119	7.29215	7.23119	7.29215
222.889	7.22688	7.28933	7.22688	7.28933
223.738	7.2292	7.29004	7.2292	7.29004
224.591	7.22962	7.29203	7.22962	7.29203
225.447	7.22754	7.29241	7.22754	7.29241
226.306	7.22685	7.28718	7.22685	7.28718
227.168	7.22995	7.29069	7.22995	7.29069
228.033	7.22871	7.2905	7.22871	7.2905
228.902	7.2269	7.28788	7.2269	7.28788
229.774	7.22779	7.28947	7.22779	7.28947
230.65	7.22997	7.291	7.22997	7.291
231.529	7.22837	7.28875	7.22837	7.28875
232.411	7.22734	7.28827	7.22734	7.28827
233.296	7.22543	7.28908	7.22543	7.28908
234.185	7.22688	7.29022	7.22688	7.29022
235.078	7.22759	7.29009	7.22759	7.29009
235.973	7.22749	7.28904	7.22749	7.28904
236.872	7.22405	7.28707	7.22405	7.28707
237.775	7.22846	7.28849	7.22846	7.28849
238.681	7.22549	7.28758	7.22549	7.28758
239.59	7.22371	7.28411	7.22371	7.28411
240.503	7.22665	7.2883	7.22665	7.2883
241.419	7.22715	7.28923	7.22715	7.28923
242.339	7.22249	7.28699	7.22249	7.28699
243.263	7.22269	7.28591	7.22269	7.28591
244.189	7.22576	7.28699	7.22576	7.28699
245.12	7.22557	7.28886	7.22557	7.28886
246.054	7.22547	7.28945	7.22547	7.28945
246.991	7.22166	7.28858	7.22166	7.28858
247.932	7.2234	7.28633	7.2234	7.28633
248.877	7.22351	7.28621	7.22351	7.28621
249.825	7.2233	7.28632	7.2233	7.28632
250.777	7.22394	7.28658	7.22394	7.28658
251.732	7.22287	7.28709	7.22287	7.28709
252.691	7.22511	7.28696	7.22511	7.28696
253.654	7.22388	7.28677	7.22388	7.28677
254.62	7.22292	7.28775	7.22292	7.28775
255.591	7.22112	7.28471	7.22112	7.28471
256.564	7.22111	7.28624	7.22111	7.28624
257.542	7.22228	7.28291	7.22228	7.28291
258.523	7.22343	7.2839	7.22343	7.2839
259.508	7.2192	7.28868	7.2192	7.28868
260.497	7.22197	7.28485	7.22197	7.28485
261.489	7.22058	7.284	7.22058	7.284
262.485	7.21934	7.28687	7.21934	7.28687
263.485	7.22196	7.28454	7.22196	7.28454
264.489	7.22204	7.2817	7.22204	7.2817
265.497	7.21853	7.28265	7.21853	7.28265
266.508	7.21928	7.28275	7.21928	7.28275
267.524	7.21933	7.28299	7.21933	7.28299
268.543	7.21896	7.28341	7.21896	7.28341
269.566	7.21975	7.28367	7.21975	7.28367
270.593	7.2164	7.28263	7.2164	7.28263
271.624	7.22036	7.27931	7.22036	7.27931
272.659	7.21773	7.28312	7.21773	7.28312
273.698	7.21675	7.28104	7.21675	7.28104
274.74	7.21937	7.28149	7.21937	7.28149
275.787	7.21945	7.28203	7.21945	7.28203
276.838	7.21456	7.2812	7.21456	7.2812
277.892	7.21593	7.28078	7.21593	7.28078
278.951	7.21597	7.27998	7.21597	7.27998
280.014	7.21633	7.28327	7.21633	7.28327
281.081	7.21559	7.28213	7.21559	7.28213
282.151	7.21747	7.27941	7.21747	7.27941
283.226	7.21439	7.27957	7.21439	7.27957
284.305	7.21438	7.28096	7.21438	7.28096
285.388	7.21709	7.27971	7.21709	7.27971
286.476	7.21593	7.28085	7.21593	7.28085
287.567	7.21718	7.28044	7.21718	7.28044
288.663	7.21778	7.27789	7.21778	7.27789
289.762	7.21693	7.28083	7.21693	7.28083
290.866	7.21579	7.2804	7.21579	7.2804
291.974	7.21567	7.27616	7.21567	7.27616
293.087	7.21547	7.2793	7.21547	7.2793
294.203	7.21403	7.27846	7.21403	7.27846
295.324	7.21449	7.27689	7.21449	7.27689
296.449	7.21538	7.27909	7.21538	7.27909
297.578	7.21401	7.28023	7.21401	7.28023
298.712	7.21258	7.27616	7.21258	7.27616
300	7.21251	7.27611	7.21251	7.27611
